2048
3919
   0    1    0    2
   1    1    1    2
   2    1    2    2
   3    1    3    2
   4    1    4    2
   5    1    5    2
   6    1    6    2
   7    1    7    2
   8    1    8    2
   9    1    9    2
  10    1   10    2
  11    1   11    2
  12    1   12    2
  13    1   13    2
  14    1   14    2
  15    1   15    2
  16    1   16    2
  17    1   17    2
  18    1   18    2
  19    1   19    2
  20    1   20    2
  21    1   21    2
  22    1   22    2
  23    1   23    2
  24    1   24    2
  25    1   25    2
  26    1   26    2
  27    1   27    2
  28    1   28    2
  29    1   29    2
  30    1   30    2
  31    1   31    2
  32    1   32    2
  33    1   33    2
  34    1   34    2
  35    1   35    2
  36    1   36    2
  37    1   37    2
  38    1   38    2
  39    1   39    2
  40    1   40    2
  41    1   41    2
  42    1   42    2
  43    1   43    2
  44    1   44    2
  45    1   45    2
  46    1   46    2
  47    1   47    2
  48    1   48    2
  49    1   49    2
  50    1   50    2
  51    1   51    2
  52    1   52    2
  53    1   53    2
  54    1   54    2
  55    1   55    2
  56    1   56    2
  57    1   57    2
  58    1   58    2
  59    1   59    2
  60    1   60    2
  61    1   61    2
  62    1   62    2
  63    1   63    2
  64    1   64    2
  65    1   65    2
  66    1   66    2
  67    1   67    2
  68    1   68    2
  69    1   69    2
  70    1   70    2
  71    1   71    2
  72    1   72    2
  73    1   73    2
  74    1   74    2
  75    1   75    2
  76    1   76    2
  77    1   77    2
  78    1   78    2
  79    1   79    2
  80    1   80    2
  81    1   81    2
  82    1   82    2
  83    1   83    2
  84    1   84    2
  85    1   85    2
  86    1   86    2
  87    1   87    2
  88    1   88    2
  89    1   89    2
  90    1   90    2
  91    1   91    2
  92    1   92    2
  93    1   93    2
  94    1   94    2
  95    1   95    2
  96    1   96    2
  97    1   97    2
  98    1   98    2
  99    1   99    2
 100    1  100    2
 101    1  101    2
 102    1  102    2
 103    1  103    2
 104    1  104    2
 105    1  105    2
 106    1  106    2
 107    1  107    2
 108    1  108    2
 109    1  109    2
 110    1  110    2
 111    1  111    2
 112    1  112    2
 113    1  113    2
 114    1  114    2
 115    1  115    2
 116    1  116    2
 117    1  117    2
 118    1  118    2
 119    1  119    2
 120    1  120    2
 121    1  121    2
 122    1  122    2
 123    1  123    2
 124    1  124    2
 125    1  125    2
 126    1  126    2
 127    1  127    2
2048    1 2048    2
2049    1 2049    2
2050    1 2050    2
2051    1 2051    2
2052    1 2052    2
2053    1 2053    2
2054    1 2054    2
2055    1 2055    2
2056    1 2056    2
2057    1 2057    2
2058    1 2058    2
2059    1 2059    2
2060    1 2060    2
2061    1 2061    2
2062    1 2062    2
2063    1 2063    2
2064    1 2064    2
2065    1 2065    2
2066    1 2066    2
2067    1 2067    2
2068    1 2068    2
2069    1 2069    2
2070    1 2070    2
2071    1 2071    2
2072    1 2072    2
2073    1 2073    2
2074    1 2074    2
2075    1 2075    2
2076    1 2076    2
2077    1 2077    2
2078    1 2078    2
2079    1 2079    2
2080    1 2080    2
2081    1 2081    2
2082    1 2082    2
2083    1 2083    2
2084    1 2084    2
2085    1 2085    2
2086    1 2086    2
2087    1 2087    2
2088    1 2088    2
2089    1 2089    2
2090    1 2090    2
2091    1 2091    2
2092    1 2092    2
2093    1 2093    2
2094    1 2094    2
2095    1 2095    2
2096    1 2096    2
2097    1 2097    2
2098    1 2098    2
2099    1 2099    2
2100    1 2100    2
2101    1 2101    2
2102    1 2102    2
2103    1 2103    2
2104    1 2104    2
2105    1 2105    2
2106    1 2106    2
2107    1 2107    2
2108    1 2108    2
2109    1 2109    2
2110    1 2110    2
2111    1 2111    2
2112    1 2112    2
2113    1 2113    2
2114    1 2114    2
2115    1 2115    2
2116    1 2116    2
2117    1 2117    2
2118    1 2118    2
2119    1 2119    2
2120    1 2120    2
2121    1 2121    2
2122    1 2122    2
2123    1 2123    2
2124    1 2124    2
2125    1 2125    2
2126    1 2126    2
2127    1 2127    2
2128    1 2128    2
2129    1 2129    2
2130    1 2130    2
2131    1 2131    2
2132    1 2132    2
2133    1 2133    2
2134    1 2134    2
2135    1 2135    2
2136    1 2136    2
2137    1 2137    2
2138    1 2138    2
2139    1 2139    2
2140    1 2140    2
2141    1 2141    2
2142    1 2142    2
2143    1 2143    2
2144    1 2144    2
2145    1 2145    2
2146    1 2146    2
2147    1 2147    2
2148    1 2148    2
2149    1 2149    2
2150    1 2150    2
2151    1 2151    2
2152    1 2152    2
2153    1 2153    2
2154    1 2154    2
2155    1 2155    2
2156    1 2156    2
2157    1 2157    2
2158    1 2158    2
2159    1 2159    2
2160    1 2160    2
2161    1 2161    2
2162    1 2162    2
2163    1 2163    2
2164    1 2164    2
2165    1 2165    2
2166    1 2166    2
2167    1 2167    2
2168    1 2168    2
2169    1 2169    2
2170    1 2170    2
2171    1 2171    2
2172    1 2172    2
2173    1 2173    2
2174    1 2174    2
2175    1 2175    2
 128   28   28    0
 129   28   28    1
 130   28   29    0
 131   28   29    1
 132   29   28    0
 133   29   28    1
 134   29   29    0
 135   29   29    1
 136   31   29    1
 137   31   29    0
 138   31   28    1
 139   31   28    0
 140   30   29    1
 141   30   29    0
 142   30   28    1
 143   30   28    0
 160   19   28    0
 161   19   28    1
 162   19   29    0
 163   19   29    1
 164   18   28    0
 165   18   28    1
 166   18   29    0
 167   18   29    1
 168   16   29    1
 169   16   29    0
 170   16   28    1
 171   16   28    0
 172   17   29    1
 173   17   29    0
 174   17   28    1
 175   17   28    0
 176   20   28    0
 177   20   28    1
 178   20   29    0
 179   20   29    1
 180   21   28    0
 181   21   28    1
 182   21   29    0
 183   21   29    1
 184   23   29    1
 185   23   29    0
 186   23   28    1
 187   23   28    0
 188   22   29    1
 189   22   29    0
 190   22   28    1
 191   22   28    0
 192   27   28    0
 193   27   28    1
 194   27   29    0
 195   27   29    1
 196   26   28    0
 197   26   28    1
 198   26   29    0
 199   26   29    1
 200   24   29    1
 201   24   29    0
 202   24   28    1
 203   24   28    0
 204   25   29    1
 205   25   29    0
 206   25   28    1
 207   25   28    0
 256   28   30    0
 257   28   30    1
 258   28   31    0
 259   28   31    1
 260   29   30    0
 261   29   30    1
 262   29   31    0
 263   29   31    1
 264   31   31    1
 265   31   31    0
 266   31   30    1
 267   31   30    0
 268   30   31    1
 269   30   31    0
 270   30   30    1
 271   30   30    0
 288   19   30    0
 289   19   30    1
 290   19   31    0
 291   19   31    1
 292   18   30    0
 293   18   30    1
 294   18   31    0
 295   18   31    1
 296   16   31    1
 297   16   31    0
 298   16   30    1
 299   16   30    0
 300   17   31    1
 301   17   31    0
 302   17   30    1
 303   17   30    0
 304   20   30    0
 305   20   30    1
 306   20   31    0
 307   20   31    1
 308   21   30    0
 309   21   30    1
 310   21   31    0
 311   21   31    1
 312   23   31    1
 313   23   31    0
 314   23   30    1
 315   23   30    0
 316   22   31    1
 317   22   31    0
 318   22   30    1
 319   22   30    0
 320   27   30    0
 321   27   30    1
 322   27   31    0
 323   27   31    1
 324   26   30    0
 325   26   30    1
 326   26   31    0
 327   26   31    1
 328   24   31    1
 329   24   31    0
 330   24   30    1
 331   24   30    0
 332   25   31    1
 333   25   31    0
 334   25   30    1
 335   25   30    0
 384   28   32    0
 385   28   32    1
 386   28   33    0
 387   28   33    1
 388   29   32    0
 389   29   32    1
 390   29   33    0
 391   29   33    1
 392   31   33    1
 393   31   33    0
 394   31   32    1
 395   31   32    0
 396   30   33    1
 397   30   33    0
 398   30   32    1
 399   30   32    0
 416   19   32    0
 417   19   32    1
 418   19   33    0
 419   19   33    1
 420   18   32    0
 421   18   32    1
 422   18   33    0
 423   18   33    1
 424   16   33    1
 425   16   33    0
 426   16   32    1
 427   16   32    0
 428   17   33    1
 429   17   33    0
 430   17   32    1
 431   17   32    0
 432   20   32    0
 433   20   32    1
 434   20   33    0
 435   20   33    1
 436   21   32    0
 437   21   32    1
 438   21   33    0
 439   21   33    1
 440   23   33    1
 441   23   33    0
 442   23   32    1
 443   23   32    0
 444   22   33    1
 445   22   33    0
 446   22   32    1
 447   22   32    0
 448   27   32    0
 449   27   32    1
 450   27   33    0
 451   27   33    1
 452   26   32    0
 453   26   32    1
 454   26   33    0
 455   26   33    1
 456   24   33    1
 457   24   33    0
 458   24   32    1
 459   24   32    0
 460   25   33    1
 461   25   33    0
 462   25   32    1
 463   25   32    0
 512   28   34    0
 513   28   34    1
 514   28   35    0
 515   28   35    1
 516   29   34    0
 517   29   34    1
 518   29   35    0
 519   29   35    1
 520   31   35    1
 521   31   35    0
 522   31   34    1
 523   31   34    0
 524   30   35    1
 525   30   35    0
 526   30   34    1
 527   30   34    0
 544   19   34    0
 545   19   34    1
 546   19   35    0
 547   19   35    1
 548   18   34    0
 549   18   34    1
 550   18   35    0
 551   18   35    1
 552   16   35    1
 553   16   35    0
 554   16   34    1
 555   16   34    0
 556   17   35    1
 557   17   35    0
 558   17   34    1
 559   17   34    0
 560   20   34    0
 561   20   34    1
 562   20   35    0
 563   20   35    1
 564   21   34    0
 565   21   34    1
 566   21   35    0
 567   21   35    1
 568   23   35    1
 569   23   35    0
 570   23   34    1
 571   23   34    0
 572   22   35    1
 573   22   35    0
 574   22   34    1
 575   22   34    0
 576   27   34    0
 577   27   34    1
 578   27   35    0
 579   27   35    1
 580   26   34    0
 581   26   34    1
 582   26   35    0
 583   26   35    1
 584   24   35    1
 585   24   35    0
 586   24   34    1
 587   24   34    0
 588   25   35    1
 589   25   35    0
 590   25   34    1
 591   25   34    0
 640   28   36    0
 641   28   36    1
 642   28   37    0
 643   28   37    1
 644   29   36    0
 645   29   36    1
 646   29   37    0
 647   29   37    1
 648   31   37    1
 649   31   37    0
 650   31   36    1
 651   31   36    0
 652   30   37    1
 653   30   37    0
 654   30   36    1
 655   30   36    0
 672   19   36    0
 673   19   36    1
 674   19   37    0
 675   19   37    1
 676   18   36    0
 677   18   36    1
 678   18   37    0
 679   18   37    1
 680   16   37    1
 681   16   37    0
 682   16   36    1
 683   16   36    0
 684   17   37    1
 685   17   37    0
 686   17   36    1
 687   17   36    0
 688   20   36    0
 689   20   36    1
 690   20   37    0
 691   20   37    1
 692   21   36    0
 693   21   36    1
 694   21   37    0
 695   21   37    1
 696   23   37    1
 697   23   37    0
 698   23   36    1
 699   23   36    0
 700   22   37    1
 701   22   37    0
 702   22   36    1
 703   22   36    0
 704   27   36    0
 705   27   36    1
 706   27   37    0
 707   27   37    1
 708   26   36    0
 709   26   36    1
 710   26   37    0
 711   26   37    1
 712   24   37    1
 713   24   37    0
 714   24   36    1
 715   24   36    0
 716   25   37    1
 717   25   37    0
 718   25   36    1
 719   25   36    0
 768   28   38    0
 769   28   38    1
 770   28   39    0
 771   28   39    1
 772   29   38    0
 773   29   38    1
 774   29   39    0
 775   29   39    1
 776   31   39    1
 777   31   39    0
 778   31   38    1
 779   31   38    0
 780   30   39    1
 781   30   39    0
 782   30   38    1
 783   30   38    0
 800   19   38    0
 801   19   38    1
 802   19   39    0
 803   19   39    1
 804   18   38    0
 805   18   38    1
 806   18   39    0
 807   18   39    1
 808   16   39    1
 809   16   39    0
 810   16   38    1
 811   16   38    0
 812   17   39    1
 813   17   39    0
 814   17   38    1
 815   17   38    0
 816   20   38    0
 817   20   38    1
 818   20   39    0
 819   20   39    1
 820   21   38    0
 821   21   38    1
 822   21   39    0
 823   21   39    1
 824   23   39    1
 825   23   39    0
 826   23   38    1
 827   23   38    0
 828   22   39    1
 829   22   39    0
 830   22   38    1
 831   22   38    0
 832   27   38    0
 833   27   38    1
 834   27   39    0
 835   27   39    1
 836   26   38    0
 837   26   38    1
 838   26   39    0
 839   26   39    1
 840   24   39    1
 841   24   39    0
 842   24   38    1
 843   24   38    0
 844   25   39    1
 845   25   39    0
 846   25   38    1
 847   25   38    0
 896   28   40    0
 897   28   40    1
 898   28   41    0
 899   28   41    1
 900   29   40    0
 901   29   40    1
 902   29   41    0
 903   29   41    1
 904   31   41    1
 905   31   41    0
 906   31   40    1
 907   31   40    0
 908   30   41    1
 909   30   41    0
 910   30   40    1
 911   30   40    0
 928   19   40    0
 929   19   40    1
 930   19   41    0
 931   19   41    1
 932   18   40    0
 933   18   40    1
 934   18   41    0
 935   18   41    1
 936   16   41    1
 937   16   41    0
 938   16   40    1
 939   16   40    0
 940   17   41    1
 941   17   41    0
 942   17   40    1
 943   17   40    0
 944   20   40    0
 945   20   40    1
 946   20   41    0
 947   20   41    1
 948   21   40    0
 949   21   40    1
 950   21   41    0
 951   21   41    1
 952   23   41    1
 953   23   41    0
 954   23   40    1
 955   23   40    0
 956   22   41    1
 957   22   41    0
 958   22   40    1
 959   22   40    0
 960   27   40    0
 961   27   40    1
 962   27   41    0
 963   27   41    1
 964   26   40    0
 965   26   40    1
 966   26   41    0
 967   26   41    1
 968   24   41    1
 969   24   41    0
 970   24   40    1
 971   24   40    0
 972   25   41    1
 973   25   41    0
 974   25   40    1
 975   25   40    0
1024   28   42    0
1025   28   42    1
1026   28   43    0
1027   28   43    1
1028   29   42    0
1029   29   42    1
1030   29   43    0
1031   29   43    1
1032   31   43    1
1033   31   43    0
1034   31   42    1
1035   31   42    0
1036   30   43    1
1037   30   43    0
1038   30   42    1
1039   30   42    0
1056   19   42    0
1057   19   42    1
1058   19   43    0
1059   19   43    1
1060   18   42    0
1061   18   42    1
1062   18   43    0
1063   18   43    1
1064   16   43    1
1065   16   43    0
1066   16   42    1
1067   16   42    0
1068   17   43    1
1069   17   43    0
1070   17   42    1
1071   17   42    0
1072   20   42    0
1073   20   42    1
1074   20   43    0
1075   20   43    1
1076   21   42    0
1077   21   42    1
1078   21   43    0
1079   21   43    1
1080   23   43    1
1081   23   43    0
1082   23   42    1
1083   23   42    0
1084   22   43    1
1085   22   43    0
1086   22   42    1
1087   22   42    0
1088   27   42    0
1089   27   42    1
1090   27   43    0
1091   27   43    1
1092   26   42    0
1093   26   42    1
1094   26   43    0
1095   26   43    1
1096   24   43    1
1097   24   43    0
1098   24   42    1
1099   24   42    0
1100   25   43    1
1101   25   43    0
1102   25   42    1
1103   25   42    0
1152   28   44    0
1153   28   44    1
1154   28   45    0
1155   28   45    1
1156   29   44    0
1157   29   44    1
1158   29   45    0
1159   29   45    1
1160   31   45    1
1161   31   45    0
1162   31   44    1
1163   31   44    0
1164   30   45    1
1165   30   45    0
1166   30   44    1
1167   30   44    0
1184   19   44    0
1185   19   44    1
1186   19   45    0
1187   19   45    1
1188   18   44    0
1189   18   44    1
1190   18   45    0
1191   18   45    1
1192   16   45    1
1193   16   45    0
1194   16   44    1
1195   16   44    0
1196   17   45    1
1197   17   45    0
1198   17   44    1
1199   17   44    0
1200   20   44    0
1201   20   44    1
1202   20   45    0
1203   20   45    1
1204   21   44    0
1205   21   44    1
1206   21   45    0
1207   21   45    1
1208   23   45    1
1209   23   45    0
1210   23   44    1
1211   23   44    0
1212   22   45    1
1213   22   45    0
1214   22   44    1
1215   22   44    0
1216   27   44    0
1217   27   44    1
1218   27   45    0
1219   27   45    1
1220   26   44    0
1221   26   44    1
1222   26   45    0
1223   26   45    1
1224   24   45    1
1225   24   45    0
1226   24   44    1
1227   24   44    0
1228   25   45    1
1229   25   45    0
1230   25   44    1
1231   25   44    0
1280   28   46    0
1281   28   46    1
1282   28   47    0
1283   28   47    1
1284   29   46    0
1285   29   46    1
1286   29   47    0
1287   29   47    1
1288   31   47    1
1289   31   47    0
1290   31   46    1
1291   31   46    0
1292   30   47    1
1293   30   47    0
1294   30   46    1
1295   30   46    0
1312   19   46    0
1313   19   46    1
1314   19   47    0
1315   19   47    1
1316   18   46    0
1317   18   46    1
1318   18   47    0
1319   18   47    1
1320   16   47    1
1321   16   47    0
1322   16   46    1
1323   16   46    0
1324   17   47    1
1325   17   47    0
1326   17   46    1
1327   17   46    0
1328   20   46    0
1329   20   46    1
1330   20   47    0
1331   20   47    1
1332   21   46    0
1333   21   46    1
1334   21   47    0
1335   21   47    1
1336   23   47    1
1337   23   47    0
1338   23   46    1
1339   23   46    0
1340   22   47    1
1341   22   47    0
1342   22   46    1
1343   22   46    0
1344   27   46    0
1345   27   46    1
1346   27   47    0
1347   27   47    1
1348   26   46    0
1349   26   46    1
1350   26   47    0
1351   26   47    1
1352   24   47    1
1353   24   47    0
1354   24   46    1
1355   24   46    0
1356   25   47    1
1357   25   47    0
1358   25   46    1
1359   25   46    0
1408   28   48    0
1409   28   48    1
1410   28   49    0
1411   28   49    1
1412   29   48    0
1413   29   48    1
1414   29   49    0
1415   29   49    1
1416   31   49    1
1417   31   49    0
1418   31   48    1
1419   31   48    0
1420   30   49    1
1421   30   49    0
1422   30   48    1
1423   30   48    0
1440   19   48    0
1441   19   48    1
1442   19   49    0
1443   19   49    1
1444   18   48    0
1445   18   48    1
1446   18   49    0
1447   18   49    1
1448   16   49    1
1449   16   49    0
1450   16   48    1
1451   16   48    0
1452   17   49    1
1453   17   49    0
1454   17   48    1
1455   17   48    0
1456   20   48    0
1457   20   48    1
1458   20   49    0
1459   20   49    1
1460   21   48    0
1461   21   48    1
1462   21   49    0
1463   21   49    1
1464   23   49    1
1465   23   49    0
1466   23   48    1
1467   23   48    0
1468   22   49    1
1469   22   49    0
1470   22   48    1
1471   22   48    0
1472   27   48    0
1473   27   48    1
1474   27   49    0
1475   27   49    1
1476   26   48    0
1477   26   48    1
1478   26   49    0
1479   26   49    1
1480   24   49    1
1481   24   49    0
1482   24   48    1
1483   24   48    0
1484   25   49    1
1485   25   49    0
1486   25   48    1
1487   25   48    0
1536   28   50    0
1537   28   50    1
1538   28   51    0
1539   28   51    1
1540   29   50    0
1541   29   50    1
1542   29   51    0
1543   29   51    1
1544   31   51    1
1545   31   51    0
1546   31   50    1
1547   31   50    0
1548   30   51    1
1549   30   51    0
1550   30   50    1
1551   30   50    0
1568   19   50    0
1569   19   50    1
1570   19   51    0
1571   19   51    1
1572   18   50    0
1573   18   50    1
1574   18   51    0
1575   18   51    1
1576   16   51    1
1577   16   51    0
1578   16   50    1
1579   16   50    0
1580   17   51    1
1581   17   51    0
1582   17   50    1
1583   17   50    0
1584   20   50    0
1585   20   50    1
1586   20   51    0
1587   20   51    1
1588   21   50    0
1589   21   50    1
1590   21   51    0
1591   21   51    1
1592   23   51    1
1593   23   51    0
1594   23   50    1
1595   23   50    0
1596   22   51    1
1597   22   51    0
1598   22   50    1
1599   22   50    0
1600   27   50    0
1601   27   50    1
1602   27   51    0
1603   27   51    1
1604   26   50    0
1605   26   50    1
1606   26   51    0
1607   26   51    1
1608   24   51    1
1609   24   51    0
1610   24   50    1
1611   24   50    0
1612   25   51    1
1613   25   51    0
1614   25   50    1
1615   25   50    0
1664   28   52    0
1665   28   52    1
1666   28   53    0
1667   28   53    1
1668   29   52    0
1669   29   52    1
1670   29   53    0
1671   29   53    1
1672   31   53    1
1673   31   53    0
1674   31   52    1
1675   31   52    0
1676   30   53    1
1677   30   53    0
1678   30   52    1
1679   30   52    0
1696   19   52    0
1697   19   52    1
1698   19   53    0
1699   19   53    1
1700   18   52    0
1701   18   52    1
1702   18   53    0
1703   18   53    1
1704   16   53    1
1705   16   53    0
1706   16   52    1
1707   16   52    0
1708   17   53    1
1709   17   53    0
1710   17   52    1
1711   17   52    0
1712   20   52    0
1713   20   52    1
1714   20   53    0
1715   20   53    1
1716   21   52    0
1717   21   52    1
1718   21   53    0
1719   21   53    1
1720   23   53    1
1721   23   53    0
1722   23   52    1
1723   23   52    0
1724   22   53    1
1725   22   53    0
1726   22   52    1
1727   22   52    0
1728   27   52    0
1729   27   52    1
1730   27   53    0
1731   27   53    1
1732   26   52    0
1733   26   52    1
1734   26   53    0
1735   26   53    1
1736   24   53    1
1737   24   53    0
1738   24   52    1
1739   24   52    0
1740   25   53    1
1741   25   53    0
1742   25   52    1
1743   25   52    0
1792   28   54    0
1793   28   54    1
1794   28   55    0
1795   28   55    1
1796   29   54    0
1797   29   54    1
1798   29   55    0
1799   29   55    1
1800   31   55    1
1801   31   55    0
1802   31   54    1
1803   31   54    0
1804   30   55    1
1805   30   55    0
1806   30   54    1
1807   30   54    0
1824   19   54    0
1825   19   54    1
1826   19   55    0
1827   19   55    1
1828   18   54    0
1829   18   54    1
1830   18   55    0
1831   18   55    1
1832   16   55    1
1833   16   55    0
1834   16   54    1
1835   16   54    0
1836   17   55    1
1837   17   55    0
1838   17   54    1
1839   17   54    0
1840   20   54    0
1841   20   54    1
1842   20   55    0
1843   20   55    1
1844   21   54    0
1845   21   54    1
1846   21   55    0
1847   21   55    1
1848   23   55    1
1849   23   55    0
1850   23   54    1
1851   23   54    0
1852   22   55    1
1853   22   55    0
1854   22   54    1
1855   22   54    0
1856   27   54    0
1857   27   54    1
1858   27   55    0
1859   27   55    1
1860   26   54    0
1861   26   54    1
1862   26   55    0
1863   26   55    1
1864   24   55    1
1865   24   55    0
1866   24   54    1
1867   24   54    0
1868   25   55    1
1869   25   55    0
1870   25   54    1
1871   25   54    0
2176   28   26    0
2177   28   26    1
2178   28   27    0
2179   28   27    1
2180   29   26    0
2181   29   26    1
2182   29   27    0
2183   29   27    1
2184   31   27    1
2185   31   27    0
2186   31   26    1
2187   31   26    0
2188   30   27    1
2189   30   27    0
2190   30   26    1
2191   30   26    0
2208   19   26    0
2209   19   26    1
2210   19   27    0
2211   19   27    1
2212   18   26    0
2213   18   26    1
2214   18   27    0
2215   18   27    1
2216   16   27    1
2217   16   27    0
2218   16   26    1
2219   16   26    0
2220   17   27    1
2221   17   27    0
2222   17   26    1
2223   17   26    0
2224   20   26    0
2225   20   26    1
2226   20   27    0
2227   20   27    1
2228   21   26    0
2229   21   26    1
2230   21   27    0
2231   21   27    1
2232   23   27    1
2233   23   27    0
2234   23   26    1
2235   23   26    0
2236   22   27    1
2237   22   27    0
2238   22   26    1
2239   22   26    0
2240   27   26    0
2241   27   26    1
2242   27   27    0
2243   27   27    1
2244   26   26    0
2245   26   26    1
2246   26   27    0
2247   26   27    1
2248   24   27    1
2249   24   27    0
2250   24   26    1
2251   24   26    0
2252   25   27    1
2253   25   27    0
2254   25   26    1
2255   25   26    0
2304   28   24    0
2305   28   24    1
2306   28   25    0
2307   28   25    1
2308   29   24    0
2309   29   24    1
2310   29   25    0
2311   29   25    1
2312   31   25    1
2313   31   25    0
2314   31   24    1
2315   31   24    0
2316   30   25    1
2317   30   25    0
2318   30   24    1
2319   30   24    0
2336   19   24    0
2337   19   24    1
2338   19   25    0
2339   19   25    1
2340   18   24    0
2341   18   24    1
2342   18   25    0
2343   18   25    1
2344   16   25    1
2345   16   25    0
2346   16   24    1
2347   16   24    0
2348   17   25    1
2349   17   25    0
2350   17   24    1
2351   17   24    0
2352   20   24    0
2353   20   24    1
2354   20   25    0
2355   20   25    1
2356   21   24    0
2357   21   24    1
2358   21   25    0
2359   21   25    1
2360   23   25    1
2361   23   25    0
2362   23   24    1
2363   23   24    0
2364   22   25    1
2365   22   25    0
2366   22   24    1
2367   22   24    0
2368   27   24    0
2369   27   24    1
2370   27   25    0
2371   27   25    1
2372   26   24    0
2373   26   24    1
2374   26   25    0
2375   26   25    1
2376   24   25    1
2377   24   25    0
2378   24   24    1
2379   24   24    0
2380   25   25    1
2381   25   25    0
2382   25   24    1
2383   25   24    0
2432   28   22    0
2433   28   22    1
2434   28   23    0
2435   28   23    1
2436   29   22    0
2437   29   22    1
2438   29   23    0
2439   29   23    1
2440   31   23    1
2441   31   23    0
2442   31   22    1
2443   31   22    0
2444   30   23    1
2445   30   23    0
2446   30   22    1
2447   30   22    0
2464   19   22    0
2465   19   22    1
2466   19   23    0
2467   19   23    1
2468   18   22    0
2469   18   22    1
2470   18   23    0
2471   18   23    1
2472   16   23    1
2473   16   23    0
2474   16   22    1
2475   16   22    0
2476   17   23    1
2477   17   23    0
2478   17   22    1
2479   17   22    0
2480   20   22    0
2481   20   22    1
2482   20   23    0
2483   20   23    1
2484   21   22    0
2485   21   22    1
2486   21   23    0
2487   21   23    1
2488   23   23    1
2489   23   23    0
2490   23   22    1
2491   23   22    0
2492   22   23    1
2493   22   23    0
2494   22   22    1
2495   22   22    0
2496   27   22    0
2497   27   22    1
2498   27   23    0
2499   27   23    1
2500   26   22    0
2501   26   22    1
2502   26   23    0
2503   26   23    1
2504   24   23    1
2505   24   23    0
2506   24   22    1
2507   24   22    0
2508   25   23    1
2509   25   23    0
2510   25   22    1
2511   25   22    0
2560   28   20    0
2561   28   20    1
2562   28   21    0
2563   28   21    1
2564   29   20    0
2565   29   20    1
2566   29   21    0
2567   29   21    1
2568   31   21    1
2569   31   21    0
2570   31   20    1
2571   31   20    0
2572   30   21    1
2573   30   21    0
2574   30   20    1
2575   30   20    0
2592   19   20    0
2593   19   20    1
2594   19   21    0
2595   19   21    1
2596   18   20    0
2597   18   20    1
2598   18   21    0
2599   18   21    1
2600   16   21    1
2601   16   21    0
2602   16   20    1
2603   16   20    0
2604   17   21    1
2605   17   21    0
2606   17   20    1
2607   17   20    0
2608   20   20    0
2609   20   20    1
2610   20   21    0
2611   20   21    1
2612   21   20    0
2613   21   20    1
2614   21   21    0
2615   21   21    1
2616   23   21    1
2617   23   21    0
2618   23   20    1
2619   23   20    0
2620   22   21    1
2621   22   21    0
2622   22   20    1
2623   22   20    0
2624   27   20    0
2625   27   20    1
2626   27   21    0
2627   27   21    1
2628   26   20    0
2629   26   20    1
2630   26   21    0
2631   26   21    1
2632   24   21    1
2633   24   21    0
2634   24   20    1
2635   24   20    0
2636   25   21    1
2637   25   21    0
2638   25   20    1
2639   25   20    0
2688   28   18    0
2689   28   18    1
2690   28   19    0
2691   28   19    1
2692   29   18    0
2693   29   18    1
2694   29   19    0
2695   29   19    1
2696   31   19    1
2697   31   19    0
2698   31   18    1
2699   31   18    0
2700   30   19    1
2701   30   19    0
2702   30   18    1
2703   30   18    0
2720   19   18    0
2721   19   18    1
2722   19   19    0
2723   19   19    1
2724   18   18    0
2725   18   18    1
2726   18   19    0
2727   18   19    1
2728   16   19    1
2729   16   19    0
2730   16   18    1
2731   16   18    0
2732   17   19    1
2733   17   19    0
2734   17   18    1
2735   17   18    0
2736   20   18    0
2737   20   18    1
2738   20   19    0
2739   20   19    1
2740   21   18    0
2741   21   18    1
2742   21   19    0
2743   21   19    1
2744   23   19    1
2745   23   19    0
2746   23   18    1
2747   23   18    0
2748   22   19    1
2749   22   19    0
2750   22   18    1
2751   22   18    0
2752   27   18    0
2753   27   18    1
2754   27   19    0
2755   27   19    1
2756   26   18    0
2757   26   18    1
2758   26   19    0
2759   26   19    1
2760   24   19    1
2761   24   19    0
2762   24   18    1
2763   24   18    0
2764   25   19    1
2765   25   19    0
2766   25   18    1
2767   25   18    0
2816   28   16    0
2817   28   16    1
2818   28   17    0
2819   28   17    1
2820   29   16    0
2821   29   16    1
2822   29   17    0
2823   29   17    1
2824   31   17    1
2825   31   17    0
2826   31   16    1
2827   31   16    0
2828   30   17    1
2829   30   17    0
2830   30   16    1
2831   30   16    0
2848   19   16    0
2849   19   16    1
2850   19   17    0
2851   19   17    1
2852   18   16    0
2853   18   16    1
2854   18   17    0
2855   18   17    1
2856   16   17    1
2857   16   17    0
2858   16   16    1
2859   16   16    0
2860   17   17    1
2861   17   17    0
2862   17   16    1
2863   17   16    0
2864   20   16    0
2865   20   16    1
2866   20   17    0
2867   20   17    1
2868   21   16    0
2869   21   16    1
2870   21   17    0
2871   21   17    1
2872   23   17    1
2873   23   17    0
2874   23   16    1
2875   23   16    0
2876   22   17    1
2877   22   17    0
2878   22   16    1
2879   22   16    0
2880   27   16    0
2881   27   16    1
2882   27   17    0
2883   27   17    1
2884   26   16    0
2885   26   16    1
2886   26   17    0
2887   26   17    1
2888   24   17    1
2889   24   17    0
2890   24   16    1
2891   24   16    0
2892   25   17    1
2893   25   17    0
2894   25   16    1
2895   25   16    0
2944   28   14    0
2945   28   14    1
2946   28   15    0
2947   28   15    1
2948   29   14    0
2949   29   14    1
2950   29   15    0
2951   29   15    1
2952   31   15    1
2953   31   15    0
2954   31   14    1
2955   31   14    0
2956   30   15    1
2957   30   15    0
2958   30   14    1
2959   30   14    0
2976   19   14    0
2977   19   14    1
2978   19   15    0
2979   19   15    1
2980   18   14    0
2981   18   14    1
2982   18   15    0
2983   18   15    1
2984   16   15    1
2985   16   15    0
2986   16   14    1
2987   16   14    0
2988   17   15    1
2989   17   15    0
2990   17   14    1
2991   17   14    0
2992   20   14    0
2993   20   14    1
2994   20   15    0
2995   20   15    1
2996   21   14    0
2997   21   14    1
2998   21   15    0
2999   21   15    1
3000   23   15    1
3001   23   15    0
3002   23   14    1
3003   23   14    0
3004   22   15    1
3005   22   15    0
3006   22   14    1
3007   22   14    0
3008   27   14    0
3009   27   14    1
3010   27   15    0
3011   27   15    1
3012   26   14    0
3013   26   14    1
3014   26   15    0
3015   26   15    1
3016   24   15    1
3017   24   15    0
3018   24   14    1
3019   24   14    0
3020   25   15    1
3021   25   15    0
3022   25   14    1
3023   25   14    0
3072   28   12    0
3073   28   12    1
3074   28   13    0
3075   28   13    1
3076   29   12    0
3077   29   12    1
3078   29   13    0
3079   29   13    1
3080   31   13    1
3081   31   13    0
3082   31   12    1
3083   31   12    0
3084   30   13    1
3085   30   13    0
3086   30   12    1
3087   30   12    0
3104   19   12    0
3105   19   12    1
3106   19   13    0
3107   19   13    1
3108   18   12    0
3109   18   12    1
3110   18   13    0
3111   18   13    1
3112   16   13    1
3113   16   13    0
3114   16   12    1
3115   16   12    0
3116   17   13    1
3117   17   13    0
3118   17   12    1
3119   17   12    0
3120   20   12    0
3121   20   12    1
3122   20   13    0
3123   20   13    1
3124   21   12    0
3125   21   12    1
3126   21   13    0
3127   21   13    1
3128   23   13    1
3129   23   13    0
3130   23   12    1
3131   23   12    0
3132   22   13    1
3133   22   13    0
3134   22   12    1
3135   22   12    0
3136   27   12    0
3137   27   12    1
3138   27   13    0
3139   27   13    1
3140   26   12    0
3141   26   12    1
3142   26   13    0
3143   26   13    1
3144   24   13    1
3145   24   13    0
3146   24   12    1
3147   24   12    0
3148   25   13    1
3149   25   13    0
3150   25   12    1
3151   25   12    0
3200   28   10    0
3201   28   10    1
3202   28   11    0
3203   28   11    1
3204   29   10    0
3205   29   10    1
3206   29   11    0
3207   29   11    1
3208   31   11    1
3209   31   11    0
3210   31   10    1
3211   31   10    0
3212   30   11    1
3213   30   11    0
3214   30   10    1
3215   30   10    0
3232   19   10    0
3233   19   10    1
3234   19   11    0
3235   19   11    1
3236   18   10    0
3237   18   10    1
3238   18   11    0
3239   18   11    1
3240   16   11    1
3241   16   11    0
3242   16   10    1
3243   16   10    0
3244   17   11    1
3245   17   11    0
3246   17   10    1
3247   17   10    0
3248   20   10    0
3249   20   10    1
3250   20   11    0
3251   20   11    1
3252   21   10    0
3253   21   10    1
3254   21   11    0
3255   21   11    1
3256   23   11    1
3257   23   11    0
3258   23   10    1
3259   23   10    0
3260   22   11    1
3261   22   11    0
3262   22   10    1
3263   22   10    0
3264   27   10    0
3265   27   10    1
3266   27   11    0
3267   27   11    1
3268   26   10    0
3269   26   10    1
3270   26   11    0
3271   26   11    1
3272   24   11    1
3273   24   11    0
3274   24   10    1
3275   24   10    0
3276   25   11    1
3277   25   11    0
3278   25   10    1
3279   25   10    0
3328   28    8    0
3329   28    8    1
3330   28    9    0
3331   28    9    1
3332   29    8    0
3333   29    8    1
3334   29    9    0
3335   29    9    1
3336   31    9    1
3337   31    9    0
3338   31    8    1
3339   31    8    0
3340   30    9    1
3341   30    9    0
3342   30    8    1
3343   30    8    0
3360   19    8    0
3361   19    8    1
3362   19    9    0
3363   19    9    1
3364   18    8    0
3365   18    8    1
3366   18    9    0
3367   18    9    1
3368   16    9    1
3369   16    9    0
3370   16    8    1
3371   16    8    0
3372   17    9    1
3373   17    9    0
3374   17    8    1
3375   17    8    0
3376   20    8    0
3377   20    8    1
3378   20    9    0
3379   20    9    1
3380   21    8    0
3381   21    8    1
3382   21    9    0
3383   21    9    1
3384   23    9    1
3385   23    9    0
3386   23    8    1
3387   23    8    0
3388   22    9    1
3389   22    9    0
3390   22    8    1
3391   22    8    0
3392   27    8    0
3393   27    8    1
3394   27    9    0
3395   27    9    1
3396   26    8    0
3397   26    8    1
3398   26    9    0
3399   26    9    1
3400   24    9    1
3401   24    9    0
3402   24    8    1
3403   24    8    0
3404   25    9    1
3405   25    9    0
3406   25    8    1
3407   25    8    0
3456   28    6    0
3457   28    6    1
3458   28    7    0
3459   28    7    1
3460   29    6    0
3461   29    6    1
3462   29    7    0
3463   29    7    1
3464   31    7    1
3465   31    7    0
3466   31    6    1
3467   31    6    0
3468   30    7    1
3469   30    7    0
3470   30    6    1
3471   30    6    0
3488   19    6    0
3489   19    6    1
3490   19    7    0
3491   19    7    1
3492   18    6    0
3493   18    6    1
3494   18    7    0
3495   18    7    1
3496   16    7    1
3497   16    7    0
3498   16    6    1
3499   16    6    0
3500   17    7    1
3501   17    7    0
3502   17    6    1
3503   17    6    0
3504   20    6    0
3505   20    6    1
3506   20    7    0
3507   20    7    1
3508   21    6    0
3509   21    6    1
3510   21    7    0
3511   21    7    1
3512   23    7    1
3513   23    7    0
3514   23    6    1
3515   23    6    0
3516   22    7    1
3517   22    7    0
3518   22    6    1
3519   22    6    0
3520   27    6    0
3521   27    6    1
3522   27    7    0
3523   27    7    1
3524   26    6    0
3525   26    6    1
3526   26    7    0
3527   26    7    1
3528   24    7    1
3529   24    7    0
3530   24    6    1
3531   24    6    0
3532   25    7    1
3533   25    7    0
3534   25    6    1
3535   25    6    0
3584   28    4    0
3585   28    4    1
3586   28    5    0
3587   28    5    1
3588   29    4    0
3589   29    4    1
3590   29    5    0
3591   29    5    1
3592   31    5    1
3593   31    5    0
3594   31    4    1
3595   31    4    0
3596   30    5    1
3597   30    5    0
3598   30    4    1
3599   30    4    0
3616   19    4    0
3617   19    4    1
3618   19    5    0
3619   19    5    1
3620   18    4    0
3621   18    4    1
3622   18    5    0
3623   18    5    1
3624   16    5    1
3625   16    5    0
3626   16    4    1
3627   16    4    0
3628   17    5    1
3629   17    5    0
3630   17    4    1
3631   17    4    0
3632   20    4    0
3633   20    4    1
3634   20    5    0
3635   20    5    1
3636   21    4    0
3637   21    4    1
3638   21    5    0
3639   21    5    1
3640   23    5    1
3641   23    5    0
3642   23    4    1
3643   23    4    0
3644   22    5    1
3645   22    5    0
3646   22    4    1
3647   22    4    0
3648   27    4    0
3649   27    4    1
3650   27    5    0
3651   27    5    1
3652   26    4    0
3653   26    4    1
3654   26    5    0
3655   26    5    1
3656   24    5    1
3657   24    5    0
3658   24    4    1
3659   24    4    0
3660   25    5    1
3661   25    5    0
3662   25    4    1
3663   25    4    0
3712   28    2    0
3713   28    2    1
3714   28    3    0
3715   28    3    1
3716   29    2    0
3717   29    2    1
3718   29    3    0
3719   29    3    1
3720   31    3    1
3721   31    3    0
3722   31    2    1
3723   31    2    0
3724   30    3    1
3725   30    3    0
3726   30    2    1
3727   30    2    0
3744   19    2    0
3745   19    2    1
3746   19    3    0
3747   19    3    1
3748   18    2    0
3749   18    2    1
3750   18    3    0
3751   18    3    1
3752   16    3    1
3753   16    3    0
3754   16    2    1
3755   16    2    0
3756   17    3    1
3757   17    3    0
3758   17    2    1
3759   17    2    0
3760   20    2    0
3761   20    2    1
3762   20    3    0
3763   20    3    1
3764   21    2    0
3765   21    2    1
3766   21    3    0
3767   21    3    1
3768   23    3    1
3769   23    3    0
3770   23    2    1
3771   23    2    0
3772   22    3    1
3773   22    3    0
3774   22    2    1
3775   22    2    0
3776   27    2    0
3777   27    2    1
3778   27    3    0
3779   27    3    1
3780   26    2    0
3781   26    2    1
3782   26    3    0
3783   26    3    1
3784   24    3    1
3785   24    3    0
3786   24    2    1
3787   24    2    0
3788   25    3    1
3789   25    3    0
3790   25    2    1
3791   25    2    0
3840   28    0    0
3841   28    0    1
3842   28    1    0
3843   28    1    1
3844   29    0    0
3845   29    0    1
3846   29    1    0
3847   29    1    1
3848   31    1    1
3849   31    1    0
3850   31    0    1
3851   31    0    0
3852   30    1    1
3853   30    1    0
3854   30    0    1
3855   30    0    0
3872   19    0    0
3873   19    0    1
3874   19    1    0
3875   19    1    1
3876   18    0    0
3877   18    0    1
3878   18    1    0
3879   18    1    1
3880   16    1    1
3881   16    1    0
3882   16    0    1
3883   16    0    0
3884   17    1    1
3885   17    1    0
3886   17    0    1
3887   17    0    0
3888   20    0    0
3889   20    0    1
3890   20    1    0
3891   20    1    1
3892   21    0    0
3893   21    0    1
3894   21    1    0
3895   21    1    1
3896   23    1    1
3897   23    1    0
3898   23    0    1
3899   23    0    0
3900   22    1    1
3901   22    1    0
3902   22    0    1
3903   22    0    0
3904   27    0    0
3905   27    0    1
3906   27    1    0
3907   27    1    1
3908   26    0    0
3909   26    0    1
3910   26    1    0
3911   26    1    1
3912   24    1    1
3913   24    1    0
3914   24    0    1
3915   24    0    0
3916   25    1    1
3917   25    1    0
3918   25    0    1
3919   25    0    0
