2048
3919
   0    1    0    2
   1    1    1    2
   2    1    2    2
   3    1    3    2
   4    1    4    2
   5    1    5    2
   6    1    6    2
   7    1    7    2
   8    1    8    2
   9    1    9    2
  10    1   10    2
  11    1   11    2
  12    1   12    2
  13    1   13    2
  14    1   14    2
  15    1   15    2
  16    1   16    2
  17    1   17    2
  18    1   18    2
  19    1   19    2
  20    1   20    2
  21    1   21    2
  22    1   22    2
  23    1   23    2
  24    1   24    2
  25    1   25    2
  26    1   26    2
  27    1   27    2
  28    1   28    2
  29    1   29    2
  30    1   30    2
  31    1   31    2
  32    1   32    2
  33    1   33    2
  34    1   34    2
  35    1   35    2
  36    1   36    2
  37    1   37    2
  38    1   38    2
  39    1   39    2
  40    1   40    2
  41    1   41    2
  42    1   42    2
  43    1   43    2
  44    1   44    2
  45    1   45    2
  46    1   46    2
  47    1   47    2
  48    1   48    2
  49    1   49    2
  50    1   50    2
  51    1   51    2
  52    1   52    2
  53    1   53    2
  54    1   54    2
  55    1   55    2
  56    1   56    2
  57    1   57    2
  58    1   58    2
  59    1   59    2
  60    1   60    2
  61    1   61    2
  62    1   62    2
  63    1   63    2
  64    1   64    2
  65    1   65    2
  66    1   66    2
  67    1   67    2
  68    1   68    2
  69    1   69    2
  70    1   70    2
  71    1   71    2
  72    1   72    2
  73    1   73    2
  74    1   74    2
  75    1   75    2
  76    1   76    2
  77    1   77    2
  78    1   78    2
  79    1   79    2
  80    1   80    2
  81    1   81    2
  82    1   82    2
  83    1   83    2
  84    1   84    2
  85    1   85    2
  86    1   86    2
  87    1   87    2
  88    1   88    2
  89    1   89    2
  90    1   90    2
  91    1   91    2
  92    1   92    2
  93    1   93    2
  94    1   94    2
  95    1   95    2
  96    1   96    2
  97    1   97    2
  98    1   98    2
  99    1   99    2
 100    1  100    2
 101    1  101    2
 102    1  102    2
 103    1  103    2
 104    1  104    2
 105    1  105    2
 106    1  106    2
 107    1  107    2
 108    1  108    2
 109    1  109    2
 110    1  110    2
 111    1  111    2
 112    1  112    2
 113    1  113    2
 114    1  114    2
 115    1  115    2
 116    1  116    2
 117    1  117    2
 118    1  118    2
 119    1  119    2
 120    1  120    2
 121    1  121    2
 122    1  122    2
 123    1  123    2
 124    1  124    2
 125    1  125    2
 126    1  126    2
 127    1  127    2
2048    1 2048    2
2049    1 2049    2
2050    1 2050    2
2051    1 2051    2
2052    1 2052    2
2053    1 2053    2
2054    1 2054    2
2055    1 2055    2
2056    1 2056    2
2057    1 2057    2
2058    1 2058    2
2059    1 2059    2
2060    1 2060    2
2061    1 2061    2
2062    1 2062    2
2063    1 2063    2
2064    1 2064    2
2065    1 2065    2
2066    1 2066    2
2067    1 2067    2
2068    1 2068    2
2069    1 2069    2
2070    1 2070    2
2071    1 2071    2
2072    1 2072    2
2073    1 2073    2
2074    1 2074    2
2075    1 2075    2
2076    1 2076    2
2077    1 2077    2
2078    1 2078    2
2079    1 2079    2
2080    1 2080    2
2081    1 2081    2
2082    1 2082    2
2083    1 2083    2
2084    1 2084    2
2085    1 2085    2
2086    1 2086    2
2087    1 2087    2
2088    1 2088    2
2089    1 2089    2
2090    1 2090    2
2091    1 2091    2
2092    1 2092    2
2093    1 2093    2
2094    1 2094    2
2095    1 2095    2
2096    1 2096    2
2097    1 2097    2
2098    1 2098    2
2099    1 2099    2
2100    1 2100    2
2101    1 2101    2
2102    1 2102    2
2103    1 2103    2
2104    1 2104    2
2105    1 2105    2
2106    1 2106    2
2107    1 2107    2
2108    1 2108    2
2109    1 2109    2
2110    1 2110    2
2111    1 2111    2
2112    1 2112    2
2113    1 2113    2
2114    1 2114    2
2115    1 2115    2
2116    1 2116    2
2117    1 2117    2
2118    1 2118    2
2119    1 2119    2
2120    1 2120    2
2121    1 2121    2
2122    1 2122    2
2123    1 2123    2
2124    1 2124    2
2125    1 2125    2
2126    1 2126    2
2127    1 2127    2
2128    1 2128    2
2129    1 2129    2
2130    1 2130    2
2131    1 2131    2
2132    1 2132    2
2133    1 2133    2
2134    1 2134    2
2135    1 2135    2
2136    1 2136    2
2137    1 2137    2
2138    1 2138    2
2139    1 2139    2
2140    1 2140    2
2141    1 2141    2
2142    1 2142    2
2143    1 2143    2
2144    1 2144    2
2145    1 2145    2
2146    1 2146    2
2147    1 2147    2
2148    1 2148    2
2149    1 2149    2
2150    1 2150    2
2151    1 2151    2
2152    1 2152    2
2153    1 2153    2
2154    1 2154    2
2155    1 2155    2
2156    1 2156    2
2157    1 2157    2
2158    1 2158    2
2159    1 2159    2
2160    1 2160    2
2161    1 2161    2
2162    1 2162    2
2163    1 2163    2
2164    1 2164    2
2165    1 2165    2
2166    1 2166    2
2167    1 2167    2
2168    1 2168    2
2169    1 2169    2
2170    1 2170    2
2171    1 2171    2
2172    1 2172    2
2173    1 2173    2
2174    1 2174    2
2175    1 2175    2
 128   27   27    1
 129   27   27    1
 130   27   26    1
 131   27   26    1
 132   26   27    1
 133   26   27    1
 134   26   26    1
 135   26   26    1
 136   24   26    1
 137   24   26    1
 138   24   27    1
 139   24   27    1
 140   25   26    1
 141   25   26    1
 142   25   27    1
 143   25   27    1
 160   19   27    1
 161   19   27    1
 162   19   26    1
 163   19   26    1
 164   18   27    1
 165   18   27    1
 166   18   26    1
 167   18   26    1
 168   16   26    1
 169   16   26    1
 170   16   27    1
 171   16   27    1
 172   17   26    1
 173   17   26    1
 174   17   27    1
 175   17   27    1
 176   20   27    1
 177   20   27    1
 178   20   26    1
 179   20   26    1
 180   21   27    1
 181   21   27    1
 182   21   26    1
 183   21   26    1
 184   23   26    1
 185   23   26    1
 186   23   27    1
 187   23   27    1
 188   22   26    1
 189   22   26    1
 190   22   27    1
 191   22   27    1
 192   28   27    1
 193   28   27    1
 194   28   26    1
 195   28   26    1
 196   29   27    1
 197   29   27    1
 198   29   26    1
 199   29   26    1
 200   31   26    1
 201   31   26    1
 202   31   27    1
 203   31   27    1
 204   30   26    1
 205   30   26    1
 206   30   27    1
 207   30   27    1
 256   27   25    1
 257   27   25    1
 258   27   24    1
 259   27   24    1
 260   26   25    1
 261   26   25    1
 262   26   24    1
 263   26   24    1
 264   24   24    1
 265   24   24    1
 266   24   25    1
 267   24   25    1
 268   25   24    1
 269   25   24    1
 270   25   25    1
 271   25   25    1
 288   19   25    1
 289   19   25    1
 290   19   24    1
 291   19   24    1
 292   18   25    1
 293   18   25    1
 294   18   24    1
 295   18   24    1
 296   16   24    1
 297   16   24    1
 298   16   25    1
 299   16   25    1
 300   17   24    1
 301   17   24    1
 302   17   25    1
 303   17   25    1
 304   20   25    1
 305   20   25    1
 306   20   24    1
 307   20   24    1
 308   21   25    1
 309   21   25    1
 310   21   24    1
 311   21   24    1
 312   23   24    1
 313   23   24    1
 314   23   25    1
 315   23   25    1
 316   22   24    1
 317   22   24    1
 318   22   25    1
 319   22   25    1
 320   28   25    1
 321   28   25    1
 322   28   24    1
 323   28   24    1
 324   29   25    1
 325   29   25    1
 326   29   24    1
 327   29   24    1
 328   31   24    1
 329   31   24    1
 330   31   25    1
 331   31   25    1
 332   30   24    1
 333   30   24    1
 334   30   25    1
 335   30   25    1
 384   27   23    1
 385   27   23    1
 386   27   22    1
 387   27   22    1
 388   26   23    1
 389   26   23    1
 390   26   22    1
 391   26   22    1
 392   24   22    1
 393   24   22    1
 394   24   23    1
 395   24   23    1
 396   25   22    1
 397   25   22    1
 398   25   23    1
 399   25   23    1
 416   19   23    1
 417   19   23    1
 418   19   22    1
 419   19   22    1
 420   18   23    1
 421   18   23    1
 422   18   22    1
 423   18   22    1
 424   16   22    1
 425   16   22    1
 426   16   23    1
 427   16   23    1
 428   17   22    1
 429   17   22    1
 430   17   23    1
 431   17   23    1
 432   20   23    1
 433   20   23    1
 434   20   22    1
 435   20   22    1
 436   21   23    1
 437   21   23    1
 438   21   22    1
 439   21   22    1
 440   23   22    1
 441   23   22    1
 442   23   23    1
 443   23   23    1
 444   22   22    1
 445   22   22    1
 446   22   23    1
 447   22   23    1
 448   28   23    1
 449   28   23    1
 450   28   22    1
 451   28   22    1
 452   29   23    1
 453   29   23    1
 454   29   22    1
 455   29   22    1
 456   31   22    1
 457   31   22    1
 458   31   23    1
 459   31   23    1
 460   30   22    1
 461   30   22    1
 462   30   23    1
 463   30   23    1
 512   27   21    1
 513   27   21    1
 514   27   20    1
 515   27   20    1
 516   26   21    1
 517   26   21    1
 518   26   20    1
 519   26   20    1
 520   24   20    1
 521   24   20    1
 522   24   21    1
 523   24   21    1
 524   25   20    1
 525   25   20    1
 526   25   21    1
 527   25   21    1
 544   19   21    1
 545   19   21    1
 546   19   20    1
 547   19   20    1
 548   18   21    1
 549   18   21    1
 550   18   20    1
 551   18   20    1
 552   16   20    1
 553   16   20    1
 554   16   21    1
 555   16   21    1
 556   17   20    1
 557   17   20    1
 558   17   21    1
 559   17   21    1
 560   20   21    1
 561   20   21    1
 562   20   20    1
 563   20   20    1
 564   21   21    1
 565   21   21    1
 566   21   20    1
 567   21   20    1
 568   23   20    1
 569   23   20    1
 570   23   21    1
 571   23   21    1
 572   22   20    1
 573   22   20    1
 574   22   21    1
 575   22   21    1
 576   28   21    1
 577   28   21    1
 578   28   20    1
 579   28   20    1
 580   29   21    1
 581   29   21    1
 582   29   20    1
 583   29   20    1
 584   31   20    1
 585   31   20    1
 586   31   21    1
 587   31   21    1
 588   30   20    1
 589   30   20    1
 590   30   21    1
 591   30   21    1
 640   27   19    1
 641   27   19    1
 642   27   18    1
 643   27   18    1
 644   26   19    1
 645   26   19    1
 646   26   18    1
 647   26   18    1
 648   24   18    1
 649   24   18    1
 650   24   19    1
 651   24   19    1
 652   25   18    1
 653   25   18    1
 654   25   19    1
 655   25   19    1
 672   19   19    1
 673   19   19    1
 674   19   18    1
 675   19   18    1
 676   18   19    1
 677   18   19    1
 678   18   18    1
 679   18   18    1
 680   16   18    1
 681   16   18    1
 682   16   19    1
 683   16   19    1
 684   17   18    1
 685   17   18    1
 686   17   19    1
 687   17   19    1
 688   20   19    1
 689   20   19    1
 690   20   18    1
 691   20   18    1
 692   21   19    1
 693   21   19    1
 694   21   18    1
 695   21   18    1
 696   23   18    1
 697   23   18    1
 698   23   19    1
 699   23   19    1
 700   22   18    1
 701   22   18    1
 702   22   19    1
 703   22   19    1
 704   28   19    1
 705   28   19    1
 706   28   18    1
 707   28   18    1
 708   29   19    1
 709   29   19    1
 710   29   18    1
 711   29   18    1
 712   31   18    1
 713   31   18    1
 714   31   19    1
 715   31   19    1
 716   30   18    1
 717   30   18    1
 718   30   19    1
 719   30   19    1
 768   27   17    1
 769   27   17    1
 770   27   16    1
 771   27   16    1
 772   26   17    1
 773   26   17    1
 774   26   16    1
 775   26   16    1
 776   24   16    1
 777   24   16    1
 778   24   17    1
 779   24   17    1
 780   25   16    1
 781   25   16    1
 782   25   17    1
 783   25   17    1
 800   19   17    1
 801   19   17    1
 802   19   16    1
 803   19   16    1
 804   18   17    1
 805   18   17    1
 806   18   16    1
 807   18   16    1
 808   16   16    1
 809   16   16    1
 810   16   17    1
 811   16   17    1
 812   17   16    1
 813   17   16    1
 814   17   17    1
 815   17   17    1
 816   20   17    1
 817   20   17    1
 818   20   16    1
 819   20   16    1
 820   21   17    1
 821   21   17    1
 822   21   16    1
 823   21   16    1
 824   23   16    1
 825   23   16    1
 826   23   17    1
 827   23   17    1
 828   22   16    1
 829   22   16    1
 830   22   17    1
 831   22   17    1
 832   28   17    1
 833   28   17    1
 834   28   16    1
 835   28   16    1
 836   29   17    1
 837   29   17    1
 838   29   16    1
 839   29   16    1
 840   31   16    1
 841   31   16    1
 842   31   17    1
 843   31   17    1
 844   30   16    1
 845   30   16    1
 846   30   17    1
 847   30   17    1
 896   27   15    1
 897   27   15    1
 898   27   14    1
 899   27   14    1
 900   26   15    1
 901   26   15    1
 902   26   14    1
 903   26   14    1
 904   24   14    1
 905   24   14    1
 906   24   15    1
 907   24   15    1
 908   25   14    1
 909   25   14    1
 910   25   15    1
 911   25   15    1
 928   19   15    1
 929   19   15    1
 930   19   14    1
 931   19   14    1
 932   18   15    1
 933   18   15    1
 934   18   14    1
 935   18   14    1
 936   16   14    1
 937   16   14    1
 938   16   15    1
 939   16   15    1
 940   17   14    1
 941   17   14    1
 942   17   15    1
 943   17   15    1
 944   20   15    1
 945   20   15    1
 946   20   14    1
 947   20   14    1
 948   21   15    1
 949   21   15    1
 950   21   14    1
 951   21   14    1
 952   23   14    1
 953   23   14    1
 954   23   15    1
 955   23   15    1
 956   22   14    1
 957   22   14    1
 958   22   15    1
 959   22   15    1
 960   28   15    1
 961   28   15    1
 962   28   14    1
 963   28   14    1
 964   29   15    1
 965   29   15    1
 966   29   14    1
 967   29   14    1
 968   31   14    1
 969   31   14    1
 970   31   15    1
 971   31   15    1
 972   30   14    1
 973   30   14    1
 974   30   15    1
 975   30   15    1
1024   27   13    1
1025   27   13    1
1026   27   12    1
1027   27   12    1
1028   26   13    1
1029   26   13    1
1030   26   12    1
1031   26   12    1
1032   24   12    1
1033   24   12    1
1034   24   13    1
1035   24   13    1
1036   25   12    1
1037   25   12    1
1038   25   13    1
1039   25   13    1
1056   19   13    1
1057   19   13    1
1058   19   12    1
1059   19   12    1
1060   18   13    1
1061   18   13    1
1062   18   12    1
1063   18   12    1
1064   16   12    1
1065   16   12    1
1066   16   13    1
1067   16   13    1
1068   17   12    1
1069   17   12    1
1070   17   13    1
1071   17   13    1
1072   20   13    1
1073   20   13    1
1074   20   12    1
1075   20   12    1
1076   21   13    1
1077   21   13    1
1078   21   12    1
1079   21   12    1
1080   23   12    1
1081   23   12    1
1082   23   13    1
1083   23   13    1
1084   22   12    1
1085   22   12    1
1086   22   13    1
1087   22   13    1
1088   28   13    1
1089   28   13    1
1090   28   12    1
1091   28   12    1
1092   29   13    1
1093   29   13    1
1094   29   12    1
1095   29   12    1
1096   31   12    1
1097   31   12    1
1098   31   13    1
1099   31   13    1
1100   30   12    1
1101   30   12    1
1102   30   13    1
1103   30   13    1
1152   27   11    1
1153   27   11    1
1154   27   10    1
1155   27   10    1
1156   26   11    1
1157   26   11    1
1158   26   10    1
1159   26   10    1
1160   24   10    1
1161   24   10    1
1162   24   11    1
1163   24   11    1
1164   25   10    1
1165   25   10    1
1166   25   11    1
1167   25   11    1
1184   19   11    1
1185   19   11    1
1186   19   10    1
1187   19   10    1
1188   18   11    1
1189   18   11    1
1190   18   10    1
1191   18   10    1
1192   16   10    1
1193   16   10    1
1194   16   11    1
1195   16   11    1
1196   17   10    1
1197   17   10    1
1198   17   11    1
1199   17   11    1
1200   20   11    1
1201   20   11    1
1202   20   10    1
1203   20   10    1
1204   21   11    1
1205   21   11    1
1206   21   10    1
1207   21   10    1
1208   23   10    1
1209   23   10    1
1210   23   11    1
1211   23   11    1
1212   22   10    1
1213   22   10    1
1214   22   11    1
1215   22   11    1
1216   28   11    1
1217   28   11    1
1218   28   10    1
1219   28   10    1
1220   29   11    1
1221   29   11    1
1222   29   10    1
1223   29   10    1
1224   31   10    1
1225   31   10    1
1226   31   11    1
1227   31   11    1
1228   30   10    1
1229   30   10    1
1230   30   11    1
1231   30   11    1
1280   27    9    1
1281   27    9    1
1282   27    8    1
1283   27    8    1
1284   26    9    1
1285   26    9    1
1286   26    8    1
1287   26    8    1
1288   24    8    1
1289   24    8    1
1290   24    9    1
1291   24    9    1
1292   25    8    1
1293   25    8    1
1294   25    9    1
1295   25    9    1
1312   19    9    1
1313   19    9    1
1314   19    8    1
1315   19    8    1
1316   18    9    1
1317   18    9    1
1318   18    8    1
1319   18    8    1
1320   16    8    1
1321   16    8    1
1322   16    9    1
1323   16    9    1
1324   17    8    1
1325   17    8    1
1326   17    9    1
1327   17    9    1
1328   20    9    1
1329   20    9    1
1330   20    8    1
1331   20    8    1
1332   21    9    1
1333   21    9    1
1334   21    8    1
1335   21    8    1
1336   23    8    1
1337   23    8    1
1338   23    9    1
1339   23    9    1
1340   22    8    1
1341   22    8    1
1342   22    9    1
1343   22    9    1
1344   28    9    1
1345   28    9    1
1346   28    8    1
1347   28    8    1
1348   29    9    1
1349   29    9    1
1350   29    8    1
1351   29    8    1
1352   31    8    1
1353   31    8    1
1354   31    9    1
1355   31    9    1
1356   30    8    1
1357   30    8    1
1358   30    9    1
1359   30    9    1
1408   27    7    1
1409   27    7    1
1410   27    6    1
1411   27    6    1
1412   26    7    1
1413   26    7    1
1414   26    6    1
1415   26    6    1
1416   24    6    1
1417   24    6    1
1418   24    7    1
1419   24    7    1
1420   25    6    1
1421   25    6    1
1422   25    7    1
1423   25    7    1
1440   19    7    1
1441   19    7    1
1442   19    6    1
1443   19    6    1
1444   18    7    1
1445   18    7    1
1446   18    6    1
1447   18    6    1
1448   16    6    1
1449   16    6    1
1450   16    7    1
1451   16    7    1
1452   17    6    1
1453   17    6    1
1454   17    7    1
1455   17    7    1
1456   20    7    1
1457   20    7    1
1458   20    6    1
1459   20    6    1
1460   21    7    1
1461   21    7    1
1462   21    6    1
1463   21    6    1
1464   23    6    1
1465   23    6    1
1466   23    7    1
1467   23    7    1
1468   22    6    1
1469   22    6    1
1470   22    7    1
1471   22    7    1
1472   28    7    1
1473   28    7    1
1474   28    6    1
1475   28    6    1
1476   29    7    1
1477   29    7    1
1478   29    6    1
1479   29    6    1
1480   31    6    1
1481   31    6    1
1482   31    7    1
1483   31    7    1
1484   30    6    1
1485   30    6    1
1486   30    7    1
1487   30    7    1
1536   27    5    1
1537   27    5    1
1538   27    4    1
1539   27    4    1
1540   26    5    1
1541   26    5    1
1542   26    4    1
1543   26    4    1
1544   24    4    1
1545   24    4    1
1546   24    5    1
1547   24    5    1
1548   25    4    1
1549   25    4    1
1550   25    5    1
1551   25    5    1
1568   19    5    1
1569   19    5    1
1570   19    4    1
1571   19    4    1
1572   18    5    1
1573   18    5    1
1574   18    4    1
1575   18    4    1
1576   16    4    1
1577   16    4    1
1578   16    5    1
1579   16    5    1
1580   17    4    1
1581   17    4    1
1582   17    5    1
1583   17    5    1
1584   20    5    1
1585   20    5    1
1586   20    4    1
1587   20    4    1
1588   21    5    1
1589   21    5    1
1590   21    4    1
1591   21    4    1
1592   23    4    1
1593   23    4    1
1594   23    5    1
1595   23    5    1
1596   22    4    1
1597   22    4    1
1598   22    5    1
1599   22    5    1
1600   28    5    1
1601   28    5    1
1602   28    4    1
1603   28    4    1
1604   29    5    1
1605   29    5    1
1606   29    4    1
1607   29    4    1
1608   31    4    1
1609   31    4    1
1610   31    5    1
1611   31    5    1
1612   30    4    1
1613   30    4    1
1614   30    5    1
1615   30    5    1
1664   27    3    1
1665   27    3    1
1666   27    2    1
1667   27    2    1
1668   26    3    1
1669   26    3    1
1670   26    2    1
1671   26    2    1
1672   24    2    1
1673   24    2    1
1674   24    3    1
1675   24    3    1
1676   25    2    1
1677   25    2    1
1678   25    3    1
1679   25    3    1
1696   19    3    1
1697   19    3    1
1698   19    2    1
1699   19    2    1
1700   18    3    1
1701   18    3    1
1702   18    2    1
1703   18    2    1
1704   16    2    1
1705   16    2    1
1706   16    3    1
1707   16    3    1
1708   17    2    1
1709   17    2    1
1710   17    3    1
1711   17    3    1
1712   20    3    1
1713   20    3    1
1714   20    2    1
1715   20    2    1
1716   21    3    1
1717   21    3    1
1718   21    2    1
1719   21    2    1
1720   23    2    1
1721   23    2    1
1722   23    3    1
1723   23    3    1
1724   22    2    1
1725   22    2    1
1726   22    3    1
1727   22    3    1
1728   28    3    1
1729   28    3    1
1730   28    2    1
1731   28    2    1
1732   29    3    1
1733   29    3    1
1734   29    2    1
1735   29    2    1
1736   31    2    1
1737   31    2    1
1738   31    3    1
1739   31    3    1
1740   30    2    1
1741   30    2    1
1742   30    3    1
1743   30    3    1
1792   27    1    1
1793   27    1    1
1794   27    0    1
1795   27    0    1
1796   26    1    1
1797   26    1    1
1798   26    0    1
1799   26    0    1
1800   24    0    1
1801   24    0    1
1802   24    1    1
1803   24    1    1
1804   25    0    1
1805   25    0    1
1806   25    1    1
1807   25    1    1
1824   19    1    1
1825   19    1    1
1826   19    0    1
1827   19    0    1
1828   18    1    1
1829   18    1    1
1830   18    0    1
1831   18    0    1
1832   16    0    1
1833   16    0    1
1834   16    1    1
1835   16    1    1
1836   17    0    1
1837   17    0    1
1838   17    1    1
1839   17    1    1
1840   20    1    1
1841   20    1    1
1842   20    0    1
1843   20    0    1
1844   21    1    1
1845   21    1    1
1846   21    0    1
1847   21    0    1
1848   23    0    1
1849   23    0    1
1850   23    1    1
1851   23    1    1
1852   22    0    1
1853   22    0    1
1854   22    1    1
1855   22    1    1
1856   28    1    1
1857   28    1    1
1858   28    0    1
1859   28    0    1
1860   29    1    1
1861   29    1    1
1862   29    0    1
1863   29    0    1
1864   31    0    1
1865   31    0    1
1866   31    1    1
1867   31    1    1
1868   30    0    1
1869   30    0    1
1870   30    1    1
1871   30    1    1
2176   27   29    1
2177   27   29    1
2178   27   28    1
2179   27   28    1
2180   26   29    1
2181   26   29    1
2182   26   28    1
2183   26   28    1
2184   24   28    1
2185   24   28    1
2186   24   29    1
2187   24   29    1
2188   25   28    1
2189   25   28    1
2190   25   29    1
2191   25   29    1
2208   19   29    1
2209   19   29    1
2210   19   28    1
2211   19   28    1
2212   18   29    1
2213   18   29    1
2214   18   28    1
2215   18   28    1
2216   16   28    1
2217   16   28    1
2218   16   29    1
2219   16   29    1
2220   17   28    1
2221   17   28    1
2222   17   29    1
2223   17   29    1
2224   20   29    1
2225   20   29    1
2226   20   28    1
2227   20   28    1
2228   21   29    1
2229   21   29    1
2230   21   28    1
2231   21   28    1
2232   23   28    1
2233   23   28    1
2234   23   29    1
2235   23   29    1
2236   22   28    1
2237   22   28    1
2238   22   29    1
2239   22   29    1
2240   28   29    1
2241   28   29    1
2242   28   28    1
2243   28   28    1
2244   29   29    1
2245   29   29    1
2246   29   28    1
2247   29   28    1
2248   31   28    1
2249   31   28    1
2250   31   29    1
2251   31   29    1
2252   30   28    1
2253   30   28    1
2254   30   29    1
2255   30   29    1
2304   27   31    1
2305   27   31    1
2306   27   30    1
2307   27   30    1
2308   26   31    1
2309   26   31    1
2310   26   30    1
2311   26   30    1
2312   24   30    1
2313   24   30    1
2314   24   31    1
2315   24   31    1
2316   25   30    1
2317   25   30    1
2318   25   31    1
2319   25   31    1
2336   19   31    1
2337   19   31    1
2338   19   30    1
2339   19   30    1
2340   18   31    1
2341   18   31    1
2342   18   30    1
2343   18   30    1
2344   16   30    1
2345   16   30    1
2346   16   31    1
2347   16   31    1
2348   17   30    1
2349   17   30    1
2350   17   31    1
2351   17   31    1
2352   20   31    1
2353   20   31    1
2354   20   30    1
2355   20   30    1
2356   21   31    1
2357   21   31    1
2358   21   30    1
2359   21   30    1
2360   23   30    1
2361   23   30    1
2362   23   31    1
2363   23   31    1
2364   22   30    1
2365   22   30    1
2366   22   31    1
2367   22   31    1
2368   28   31    1
2369   28   31    1
2370   28   30    1
2371   28   30    1
2372   29   31    1
2373   29   31    1
2374   29   30    1
2375   29   30    1
2376   31   30    1
2377   31   30    1
2378   31   31    1
2379   31   31    1
2380   30   30    1
2381   30   30    1
2382   30   31    1
2383   30   31    1
2432   27   33    1
2433   27   33    1
2434   27   32    1
2435   27   32    1
2436   26   33    1
2437   26   33    1
2438   26   32    1
2439   26   32    1
2440   24   32    1
2441   24   32    1
2442   24   33    1
2443   24   33    1
2444   25   32    1
2445   25   32    1
2446   25   33    1
2447   25   33    1
2464   19   33    1
2465   19   33    1
2466   19   32    1
2467   19   32    1
2468   18   33    1
2469   18   33    1
2470   18   32    1
2471   18   32    1
2472   16   32    1
2473   16   32    1
2474   16   33    1
2475   16   33    1
2476   17   32    1
2477   17   32    1
2478   17   33    1
2479   17   33    1
2480   20   33    1
2481   20   33    1
2482   20   32    1
2483   20   32    1
2484   21   33    1
2485   21   33    1
2486   21   32    1
2487   21   32    1
2488   23   32    1
2489   23   32    1
2490   23   33    1
2491   23   33    1
2492   22   32    1
2493   22   32    1
2494   22   33    1
2495   22   33    1
2496   28   33    1
2497   28   33    1
2498   28   32    1
2499   28   32    1
2500   29   33    1
2501   29   33    1
2502   29   32    1
2503   29   32    1
2504   31   32    1
2505   31   32    1
2506   31   33    1
2507   31   33    1
2508   30   32    1
2509   30   32    1
2510   30   33    1
2511   30   33    1
2560   27   35    1
2561   27   35    1
2562   27   34    1
2563   27   34    1
2564   26   35    1
2565   26   35    1
2566   26   34    1
2567   26   34    1
2568   24   34    1
2569   24   34    1
2570   24   35    1
2571   24   35    1
2572   25   34    1
2573   25   34    1
2574   25   35    1
2575   25   35    1
2592   19   35    1
2593   19   35    1
2594   19   34    1
2595   19   34    1
2596   18   35    1
2597   18   35    1
2598   18   34    1
2599   18   34    1
2600   16   34    1
2601   16   34    1
2602   16   35    1
2603   16   35    1
2604   17   34    1
2605   17   34    1
2606   17   35    1
2607   17   35    1
2608   20   35    1
2609   20   35    1
2610   20   34    1
2611   20   34    1
2612   21   35    1
2613   21   35    1
2614   21   34    1
2615   21   34    1
2616   23   34    1
2617   23   34    1
2618   23   35    1
2619   23   35    1
2620   22   34    1
2621   22   34    1
2622   22   35    1
2623   22   35    1
2624   28   35    1
2625   28   35    1
2626   28   34    1
2627   28   34    1
2628   29   35    1
2629   29   35    1
2630   29   34    1
2631   29   34    1
2632   31   34    1
2633   31   34    1
2634   31   35    1
2635   31   35    1
2636   30   34    1
2637   30   34    1
2638   30   35    1
2639   30   35    1
2688   27   37    1
2689   27   37    1
2690   27   36    1
2691   27   36    1
2692   26   37    1
2693   26   37    1
2694   26   36    1
2695   26   36    1
2696   24   36    1
2697   24   36    1
2698   24   37    1
2699   24   37    1
2700   25   36    1
2701   25   36    1
2702   25   37    1
2703   25   37    1
2720   19   37    1
2721   19   37    1
2722   19   36    1
2723   19   36    1
2724   18   37    1
2725   18   37    1
2726   18   36    1
2727   18   36    1
2728   16   36    1
2729   16   36    1
2730   16   37    1
2731   16   37    1
2732   17   36    1
2733   17   36    1
2734   17   37    1
2735   17   37    1
2736   20   37    1
2737   20   37    1
2738   20   36    1
2739   20   36    1
2740   21   37    1
2741   21   37    1
2742   21   36    1
2743   21   36    1
2744   23   36    1
2745   23   36    1
2746   23   37    1
2747   23   37    1
2748   22   36    1
2749   22   36    1
2750   22   37    1
2751   22   37    1
2752   28   37    1
2753   28   37    1
2754   28   36    1
2755   28   36    1
2756   29   37    1
2757   29   37    1
2758   29   36    1
2759   29   36    1
2760   31   36    1
2761   31   36    1
2762   31   37    1
2763   31   37    1
2764   30   36    1
2765   30   36    1
2766   30   37    1
2767   30   37    1
2816   27   39    1
2817   27   39    1
2818   27   38    1
2819   27   38    1
2820   26   39    1
2821   26   39    1
2822   26   38    1
2823   26   38    1
2824   24   38    1
2825   24   38    1
2826   24   39    1
2827   24   39    1
2828   25   38    1
2829   25   38    1
2830   25   39    1
2831   25   39    1
2848   19   39    1
2849   19   39    1
2850   19   38    1
2851   19   38    1
2852   18   39    1
2853   18   39    1
2854   18   38    1
2855   18   38    1
2856   16   38    1
2857   16   38    1
2858   16   39    1
2859   16   39    1
2860   17   38    1
2861   17   38    1
2862   17   39    1
2863   17   39    1
2864   20   39    1
2865   20   39    1
2866   20   38    1
2867   20   38    1
2868   21   39    1
2869   21   39    1
2870   21   38    1
2871   21   38    1
2872   23   38    1
2873   23   38    1
2874   23   39    1
2875   23   39    1
2876   22   38    1
2877   22   38    1
2878   22   39    1
2879   22   39    1
2880   28   39    1
2881   28   39    1
2882   28   38    1
2883   28   38    1
2884   29   39    1
2885   29   39    1
2886   29   38    1
2887   29   38    1
2888   31   38    1
2889   31   38    1
2890   31   39    1
2891   31   39    1
2892   30   38    1
2893   30   38    1
2894   30   39    1
2895   30   39    1
2944   27   41    1
2945   27   41    1
2946   27   40    1
2947   27   40    1
2948   26   41    1
2949   26   41    1
2950   26   40    1
2951   26   40    1
2952   24   40    1
2953   24   40    1
2954   24   41    1
2955   24   41    1
2956   25   40    1
2957   25   40    1
2958   25   41    1
2959   25   41    1
2976   19   41    1
2977   19   41    1
2978   19   40    1
2979   19   40    1
2980   18   41    1
2981   18   41    1
2982   18   40    1
2983   18   40    1
2984   16   40    1
2985   16   40    1
2986   16   41    1
2987   16   41    1
2988   17   40    1
2989   17   40    1
2990   17   41    1
2991   17   41    1
2992   20   41    1
2993   20   41    1
2994   20   40    1
2995   20   40    1
2996   21   41    1
2997   21   41    1
2998   21   40    1
2999   21   40    1
3000   23   40    1
3001   23   40    1
3002   23   41    1
3003   23   41    1
3004   22   40    1
3005   22   40    1
3006   22   41    1
3007   22   41    1
3008   28   41    1
3009   28   41    1
3010   28   40    1
3011   28   40    1
3012   29   41    1
3013   29   41    1
3014   29   40    1
3015   29   40    1
3016   31   40    1
3017   31   40    1
3018   31   41    1
3019   31   41    1
3020   30   40    1
3021   30   40    1
3022   30   41    1
3023   30   41    1
3072   27   43    1
3073   27   43    1
3074   27   42    1
3075   27   42    1
3076   26   43    1
3077   26   43    1
3078   26   42    1
3079   26   42    1
3080   24   42    1
3081   24   42    1
3082   24   43    1
3083   24   43    1
3084   25   42    1
3085   25   42    1
3086   25   43    1
3087   25   43    1
3104   19   43    1
3105   19   43    1
3106   19   42    1
3107   19   42    1
3108   18   43    1
3109   18   43    1
3110   18   42    1
3111   18   42    1
3112   16   42    1
3113   16   42    1
3114   16   43    1
3115   16   43    1
3116   17   42    1
3117   17   42    1
3118   17   43    1
3119   17   43    1
3120   20   43    1
3121   20   43    1
3122   20   42    1
3123   20   42    1
3124   21   43    1
3125   21   43    1
3126   21   42    1
3127   21   42    1
3128   23   42    1
3129   23   42    1
3130   23   43    1
3131   23   43    1
3132   22   42    1
3133   22   42    1
3134   22   43    1
3135   22   43    1
3136   28   43    1
3137   28   43    1
3138   28   42    1
3139   28   42    1
3140   29   43    1
3141   29   43    1
3142   29   42    1
3143   29   42    1
3144   31   42    1
3145   31   42    1
3146   31   43    1
3147   31   43    1
3148   30   42    1
3149   30   42    1
3150   30   43    1
3151   30   43    1
3200   27   45    1
3201   27   45    1
3202   27   44    1
3203   27   44    1
3204   26   45    1
3205   26   45    1
3206   26   44    1
3207   26   44    1
3208   24   44    1
3209   24   44    1
3210   24   45    1
3211   24   45    1
3212   25   44    1
3213   25   44    1
3214   25   45    1
3215   25   45    1
3232   19   45    1
3233   19   45    1
3234   19   44    1
3235   19   44    1
3236   18   45    1
3237   18   45    1
3238   18   44    1
3239   18   44    1
3240   16   44    1
3241   16   44    1
3242   16   45    1
3243   16   45    1
3244   17   44    1
3245   17   44    1
3246   17   45    1
3247   17   45    1
3248   20   45    1
3249   20   45    1
3250   20   44    1
3251   20   44    1
3252   21   45    1
3253   21   45    1
3254   21   44    1
3255   21   44    1
3256   23   44    1
3257   23   44    1
3258   23   45    1
3259   23   45    1
3260   22   44    1
3261   22   44    1
3262   22   45    1
3263   22   45    1
3264   28   45    1
3265   28   45    1
3266   28   44    1
3267   28   44    1
3268   29   45    1
3269   29   45    1
3270   29   44    1
3271   29   44    1
3272   31   44    1
3273   31   44    1
3274   31   45    1
3275   31   45    1
3276   30   44    1
3277   30   44    1
3278   30   45    1
3279   30   45    1
3328   27   47    1
3329   27   47    1
3330   27   46    1
3331   27   46    1
3332   26   47    1
3333   26   47    1
3334   26   46    1
3335   26   46    1
3336   24   46    1
3337   24   46    1
3338   24   47    1
3339   24   47    1
3340   25   46    1
3341   25   46    1
3342   25   47    1
3343   25   47    1
3360   19   47    1
3361   19   47    1
3362   19   46    1
3363   19   46    1
3364   18   47    1
3365   18   47    1
3366   18   46    1
3367   18   46    1
3368   16   46    1
3369   16   46    1
3370   16   47    1
3371   16   47    1
3372   17   46    1
3373   17   46    1
3374   17   47    1
3375   17   47    1
3376   20   47    1
3377   20   47    1
3378   20   46    1
3379   20   46    1
3380   21   47    1
3381   21   47    1
3382   21   46    1
3383   21   46    1
3384   23   46    1
3385   23   46    1
3386   23   47    1
3387   23   47    1
3388   22   46    1
3389   22   46    1
3390   22   47    1
3391   22   47    1
3392   28   47    1
3393   28   47    1
3394   28   46    1
3395   28   46    1
3396   29   47    1
3397   29   47    1
3398   29   46    1
3399   29   46    1
3400   31   46    1
3401   31   46    1
3402   31   47    1
3403   31   47    1
3404   30   46    1
3405   30   46    1
3406   30   47    1
3407   30   47    1
3456   27   49    1
3457   27   49    1
3458   27   48    1
3459   27   48    1
3460   26   49    1
3461   26   49    1
3462   26   48    1
3463   26   48    1
3464   24   48    1
3465   24   48    1
3466   24   49    1
3467   24   49    1
3468   25   48    1
3469   25   48    1
3470   25   49    1
3471   25   49    1
3488   19   49    1
3489   19   49    1
3490   19   48    1
3491   19   48    1
3492   18   49    1
3493   18   49    1
3494   18   48    1
3495   18   48    1
3496   16   48    1
3497   16   48    1
3498   16   49    1
3499   16   49    1
3500   17   48    1
3501   17   48    1
3502   17   49    1
3503   17   49    1
3504   20   49    1
3505   20   49    1
3506   20   48    1
3507   20   48    1
3508   21   49    1
3509   21   49    1
3510   21   48    1
3511   21   48    1
3512   23   48    1
3513   23   48    1
3514   23   49    1
3515   23   49    1
3516   22   48    1
3517   22   48    1
3518   22   49    1
3519   22   49    1
3520   28   49    1
3521   28   49    1
3522   28   48    1
3523   28   48    1
3524   29   49    1
3525   29   49    1
3526   29   48    1
3527   29   48    1
3528   31   48    1
3529   31   48    1
3530   31   49    1
3531   31   49    1
3532   30   48    1
3533   30   48    1
3534   30   49    1
3535   30   49    1
3584   27   51    1
3585   27   51    1
3586   27   50    1
3587   27   50    1
3588   26   51    1
3589   26   51    1
3590   26   50    1
3591   26   50    1
3592   24   50    1
3593   24   50    1
3594   24   51    1
3595   24   51    1
3596   25   50    1
3597   25   50    1
3598   25   51    1
3599   25   51    1
3616   19   51    1
3617   19   51    1
3618   19   50    1
3619   19   50    1
3620   18   51    1
3621   18   51    1
3622   18   50    1
3623   18   50    1
3624   16   50    1
3625   16   50    1
3626   16   51    1
3627   16   51    1
3628   17   50    1
3629   17   50    1
3630   17   51    1
3631   17   51    1
3632   20   51    1
3633   20   51    1
3634   20   50    1
3635   20   50    1
3636   21   51    1
3637   21   51    1
3638   21   50    1
3639   21   50    1
3640   23   50    1
3641   23   50    1
3642   23   51    1
3643   23   51    1
3644   22   50    1
3645   22   50    1
3646   22   51    1
3647   22   51    1
3648   28   51    1
3649   28   51    1
3650   28   50    1
3651   28   50    1
3652   29   51    1
3653   29   51    1
3654   29   50    1
3655   29   50    1
3656   31   50    1
3657   31   50    1
3658   31   51    1
3659   31   51    1
3660   30   50    1
3661   30   50    1
3662   30   51    1
3663   30   51    1
3712   27   53    1
3713   27   53    1
3714   27   52    1
3715   27   52    1
3716   26   53    1
3717   26   53    1
3718   26   52    1
3719   26   52    1
3720   24   52    1
3721   24   52    1
3722   24   53    1
3723   24   53    1
3724   25   52    1
3725   25   52    1
3726   25   53    1
3727   25   53    1
3744   19   53    1
3745   19   53    1
3746   19   52    1
3747   19   52    1
3748   18   53    1
3749   18   53    1
3750   18   52    1
3751   18   52    1
3752   16   52    1
3753   16   52    1
3754   16   53    1
3755   16   53    1
3756   17   52    1
3757   17   52    1
3758   17   53    1
3759   17   53    1
3760   20   53    1
3761   20   53    1
3762   20   52    1
3763   20   52    1
3764   21   53    1
3765   21   53    1
3766   21   52    1
3767   21   52    1
3768   23   52    1
3769   23   52    1
3770   23   53    1
3771   23   53    1
3772   22   52    1
3773   22   52    1
3774   22   53    1
3775   22   53    1
3776   28   53    1
3777   28   53    1
3778   28   52    1
3779   28   52    1
3780   29   53    1
3781   29   53    1
3782   29   52    1
3783   29   52    1
3784   31   52    1
3785   31   52    1
3786   31   53    1
3787   31   53    1
3788   30   52    1
3789   30   52    1
3790   30   53    1
3791   30   53    1
3840   27   55    1
3841   27   55    1
3842   27   54    1
3843   27   54    1
3844   26   55    1
3845   26   55    1
3846   26   54    1
3847   26   54    1
3848   24   54    1
3849   24   54    1
3850   24   55    1
3851   24   55    1
3852   25   54    1
3853   25   54    1
3854   25   55    1
3855   25   55    1
3872   19   55    1
3873   19   55    1
3874   19   54    1
3875   19   54    1
3876   18   55    1
3877   18   55    1
3878   18   54    1
3879   18   54    1
3880   16   54    1
3881   16   54    1
3882   16   55    1
3883   16   55    1
3884   17   54    1
3885   17   54    1
3886   17   55    1
3887   17   55    1
3888   20   55    1
3889   20   55    1
3890   20   54    1
3891   20   54    1
3892   21   55    1
3893   21   55    1
3894   21   54    1
3895   21   54    1
3896   23   54    1
3897   23   54    1
3898   23   55    1
3899   23   55    1
3900   22   54    1
3901   22   54    1
3902   22   55    1
3903   22   55    1
3904   28   55    1
3905   28   55    1
3906   28   54    1
3907   28   54    1
3908   29   55    1
3909   29   55    1
3910   29   54    1
3911   29   54    1
3912   31   54    1
3913   31   54    1
3914   31   55    1
3915   31   55    1
3916   30   54    1
3917   30   54    1
3918   30   55    1
3919   30   55    1
