1792
3919
128 43 28 0
129 43 28 1
130 43 29 0
131 43 29 1
132 42 28 0
133 42 28 1
134 42 29 0
135 42 29 1
136 40 29 1
137 40 29 0
138 40 28 1
139 40 28 0
140 41 29 1
141 41 29 0
142 41 28 1
143 41 28 0
160 35 28 0
161 35 28 1
162 35 29 0
163 35 29 1
164 34 28 0
165 34 28 1
166 34 29 0
167 34 29 1
168 32 29 1
169 32 29 0
170 32 28 1
171 32 28 0
172 33 29 1
173 33 29 0
174 33 28 1
175 33 28 0
176 36 28 0
177 36 28 1
178 36 29 0
179 36 29 1
180 37 28 0
181 37 28 1
182 37 29 0
183 37 29 1
184 39 29 1
185 39 29 0
186 39 28 1
187 39 28 0
188 38 29 1
189 38 29 0
190 38 28 1
191 38 28 0
192 44 28 0
193 44 28 1
194 44 29 0
195 44 29 1
196 45 28 0
197 45 28 1
198 45 29 0
199 45 29 1
200 47 29 1
201 47 29 0
202 47 28 1
203 47 28 0
204 46 29 1
205 46 29 0
206 46 28 1
207 46 28 0
256 43 30 0
257 43 30 1
258 43 31 0
259 43 31 1
260 42 30 0
261 42 30 1
262 42 31 0
263 42 31 1
264 40 31 1
265 40 31 0
266 40 30 1
267 40 30 0
268 41 31 1
269 41 31 0
270 41 30 1
271 41 30 0
288 35 30 0
289 35 30 1
290 35 31 0
291 35 31 1
292 34 30 0
293 34 30 1
294 34 31 0
295 34 31 1
296 32 31 1
297 32 31 0
298 32 30 1
299 32 30 0
300 33 31 1
301 33 31 0
302 33 30 1
303 33 30 0
304 36 30 0
305 36 30 1
306 36 31 0
307 36 31 1
308 37 30 0
309 37 30 1
310 37 31 0
311 37 31 1
312 39 31 1
313 39 31 0
314 39 30 1
315 39 30 0
316 38 31 1
317 38 31 0
318 38 30 1
319 38 30 0
320 44 30 0
321 44 30 1
322 44 31 0
323 44 31 1
324 45 30 0
325 45 30 1
326 45 31 0
327 45 31 1
328 47 31 1
329 47 31 0
330 47 30 1
331 47 30 0
332 46 31 1
333 46 31 0
334 46 30 1
335 46 30 0
384 43 32 0
385 43 32 1
386 43 33 0
387 43 33 1
388 42 32 0
389 42 32 1
390 42 33 0
391 42 33 1
392 40 33 1
393 40 33 0
394 40 32 1
395 40 32 0
396 41 33 1
397 41 33 0
398 41 32 1
399 41 32 0
416 35 32 0
417 35 32 1
418 35 33 0
419 35 33 1
420 34 32 0
421 34 32 1
422 34 33 0
423 34 33 1
424 32 33 1
425 32 33 0
426 32 32 1
427 32 32 0
428 33 33 1
429 33 33 0
430 33 32 1
431 33 32 0
432 36 32 0
433 36 32 1
434 36 33 0
435 36 33 1
436 37 32 0
437 37 32 1
438 37 33 0
439 37 33 1
440 39 33 1
441 39 33 0
442 39 32 1
443 39 32 0
444 38 33 1
445 38 33 0
446 38 32 1
447 38 32 0
448 44 32 0
449 44 32 1
450 44 33 0
451 44 33 1
452 45 32 0
453 45 32 1
454 45 33 0
455 45 33 1
456 47 33 1
457 47 33 0
458 47 32 1
459 47 32 0
460 46 33 1
461 46 33 0
462 46 32 1
463 46 32 0
512 43 34 0
513 43 34 1
514 43 35 0
515 43 35 1
516 42 34 0
517 42 34 1
518 42 35 0
519 42 35 1
520 40 35 1
521 40 35 0
522 40 34 1
523 40 34 0
524 41 35 1
525 41 35 0
526 41 34 1
527 41 34 0
544 35 34 0
545 35 34 1
546 35 35 0
547 35 35 1
548 34 34 0
549 34 34 1
550 34 35 0
551 34 35 1
552 32 35 1
553 32 35 0
554 32 34 1
555 32 34 0
556 33 35 1
557 33 35 0
558 33 34 1
559 33 34 0
560 36 34 0
561 36 34 1
562 36 35 0
563 36 35 1
564 37 34 0
565 37 34 1
566 37 35 0
567 37 35 1
568 39 35 1
569 39 35 0
570 39 34 1
571 39 34 0
572 38 35 1
573 38 35 0
574 38 34 1
575 38 34 0
576 44 34 0
577 44 34 1
578 44 35 0
579 44 35 1
580 45 34 0
581 45 34 1
582 45 35 0
583 45 35 1
584 47 35 1
585 47 35 0
586 47 34 1
587 47 34 0
588 46 35 1
589 46 35 0
590 46 34 1
591 46 34 0
640 43 36 0
641 43 36 1
642 43 37 0
643 43 37 1
644 42 36 0
645 42 36 1
646 42 37 0
647 42 37 1
648 40 37 1
649 40 37 0
650 40 36 1
651 40 36 0
652 41 37 1
653 41 37 0
654 41 36 1
655 41 36 0
672 35 36 0
673 35 36 1
674 35 37 0
675 35 37 1
676 34 36 0
677 34 36 1
678 34 37 0
679 34 37 1
680 32 37 1
681 32 37 0
682 32 36 1
683 32 36 0
684 33 37 1
685 33 37 0
686 33 36 1
687 33 36 0
688 36 36 0
689 36 36 1
690 36 37 0
691 36 37 1
692 37 36 0
693 37 36 1
694 37 37 0
695 37 37 1
696 39 37 1
697 39 37 0
698 39 36 1
699 39 36 0
700 38 37 1
701 38 37 0
702 38 36 1
703 38 36 0
704 44 36 0
705 44 36 1
706 44 37 0
707 44 37 1
708 45 36 0
709 45 36 1
710 45 37 0
711 45 37 1
712 47 37 1
713 47 37 0
714 47 36 1
715 47 36 0
716 46 37 1
717 46 37 0
718 46 36 1
719 46 36 0
768 43 38 0
769 43 38 1
770 43 39 0
771 43 39 1
772 42 38 0
773 42 38 1
774 42 39 0
775 42 39 1
776 40 39 1
777 40 39 0
778 40 38 1
779 40 38 0
780 41 39 1
781 41 39 0
782 41 38 1
783 41 38 0
800 35 38 0
801 35 38 1
802 35 39 0
803 35 39 1
804 34 38 0
805 34 38 1
806 34 39 0
807 34 39 1
808 32 39 1
809 32 39 0
810 32 38 1
811 32 38 0
812 33 39 1
813 33 39 0
814 33 38 1
815 33 38 0
816 36 38 0
817 36 38 1
818 36 39 0
819 36 39 1
820 37 38 0
821 37 38 1
822 37 39 0
823 37 39 1
824 39 39 1
825 39 39 0
826 39 38 1
827 39 38 0
828 38 39 1
829 38 39 0
830 38 38 1
831 38 38 0
832 44 38 0
833 44 38 1
834 44 39 0
835 44 39 1
836 45 38 0
837 45 38 1
838 45 39 0
839 45 39 1
840 47 39 1
841 47 39 0
842 47 38 1
843 47 38 0
844 46 39 1
845 46 39 0
846 46 38 1
847 46 38 0
896 43 40 0
897 43 40 1
898 43 41 0
899 43 41 1
900 42 40 0
901 42 40 1
902 42 41 0
903 42 41 1
904 40 41 1
905 40 41 0
906 40 40 1
907 40 40 0
908 41 41 1
909 41 41 0
910 41 40 1
911 41 40 0
928 35 40 0
929 35 40 1
930 35 41 0
931 35 41 1
932 34 40 0
933 34 40 1
934 34 41 0
935 34 41 1
936 32 41 1
937 32 41 0
938 32 40 1
939 32 40 0
940 33 41 1
941 33 41 0
942 33 40 1
943 33 40 0
944 36 40 0
945 36 40 1
946 36 41 0
947 36 41 1
948 37 40 0
949 37 40 1
950 37 41 0
951 37 41 1
952 39 41 1
953 39 41 0
954 39 40 1
955 39 40 0
956 38 41 1
957 38 41 0
958 38 40 1
959 38 40 0
960 44 40 0
961 44 40 1
962 44 41 0
963 44 41 1
964 45 40 0
965 45 40 1
966 45 41 0
967 45 41 1
968 47 41 1
969 47 41 0
970 47 40 1
971 47 40 0
972 46 41 1
973 46 41 0
974 46 40 1
975 46 40 0
1024 43 42 0
1025 43 42 1
1026 43 43 0
1027 43 43 1
1028 42 42 0
1029 42 42 1
1030 42 43 0
1031 42 43 1
1032 40 43 1
1033 40 43 0
1034 40 42 1
1035 40 42 0
1036 41 43 1
1037 41 43 0
1038 41 42 1
1039 41 42 0
1056 35 42 0
1057 35 42 1
1058 35 43 0
1059 35 43 1
1060 34 42 0
1061 34 42 1
1062 34 43 0
1063 34 43 1
1064 32 43 1
1065 32 43 0
1066 32 42 1
1067 32 42 0
1068 33 43 1
1069 33 43 0
1070 33 42 1
1071 33 42 0
1072 36 42 0
1073 36 42 1
1074 36 43 0
1075 36 43 1
1076 37 42 0
1077 37 42 1
1078 37 43 0
1079 37 43 1
1080 39 43 1
1081 39 43 0
1082 39 42 1
1083 39 42 0
1084 38 43 1
1085 38 43 0
1086 38 42 1
1087 38 42 0
1088 44 42 0
1089 44 42 1
1090 44 43 0
1091 44 43 1
1092 45 42 0
1093 45 42 1
1094 45 43 0
1095 45 43 1
1096 47 43 1
1097 47 43 0
1098 47 42 1
1099 47 42 0
1100 46 43 1
1101 46 43 0
1102 46 42 1
1103 46 42 0
1152 43 44 0
1153 43 44 1
1154 43 45 0
1155 43 45 1
1156 42 44 0
1157 42 44 1
1158 42 45 0
1159 42 45 1
1160 40 45 1
1161 40 45 0
1162 40 44 1
1163 40 44 0
1164 41 45 1
1165 41 45 0
1166 41 44 1
1167 41 44 0
1184 35 44 0
1185 35 44 1
1186 35 45 0
1187 35 45 1
1188 34 44 0
1189 34 44 1
1190 34 45 0
1191 34 45 1
1192 32 45 1
1193 32 45 0
1194 32 44 1
1195 32 44 0
1196 33 45 1
1197 33 45 0
1198 33 44 1
1199 33 44 0
1200 36 44 0
1201 36 44 1
1202 36 45 0
1203 36 45 1
1204 37 44 0
1205 37 44 1
1206 37 45 0
1207 37 45 1
1208 39 45 1
1209 39 45 0
1210 39 44 1
1211 39 44 0
1212 38 45 1
1213 38 45 0
1214 38 44 1
1215 38 44 0
1216 44 44 0
1217 44 44 1
1218 44 45 0
1219 44 45 1
1220 45 44 0
1221 45 44 1
1222 45 45 0
1223 45 45 1
1224 47 45 1
1225 47 45 0
1226 47 44 1
1227 47 44 0
1228 46 45 1
1229 46 45 0
1230 46 44 1
1231 46 44 0
1280 43 46 0
1281 43 46 1
1282 43 47 0
1283 43 47 1
1284 42 46 0
1285 42 46 1
1286 42 47 0
1287 42 47 1
1288 40 47 1
1289 40 47 0
1290 40 46 1
1291 40 46 0
1292 41 47 1
1293 41 47 0
1294 41 46 1
1295 41 46 0
1312 35 46 0
1313 35 46 1
1314 35 47 0
1315 35 47 1
1316 34 46 0
1317 34 46 1
1318 34 47 0
1319 34 47 1
1320 32 47 1
1321 32 47 0
1322 32 46 1
1323 32 46 0
1324 33 47 1
1325 33 47 0
1326 33 46 1
1327 33 46 0
1328 36 46 0
1329 36 46 1
1330 36 47 0
1331 36 47 1
1332 37 46 0
1333 37 46 1
1334 37 47 0
1335 37 47 1
1336 39 47 1
1337 39 47 0
1338 39 46 1
1339 39 46 0
1340 38 47 1
1341 38 47 0
1342 38 46 1
1343 38 46 0
1344 44 46 0
1345 44 46 1
1346 44 47 0
1347 44 47 1
1348 45 46 0
1349 45 46 1
1350 45 47 0
1351 45 47 1
1352 47 47 1
1353 47 47 0
1354 47 46 1
1355 47 46 0
1356 46 47 1
1357 46 47 0
1358 46 46 1
1359 46 46 0
1408 43 48 0
1409 43 48 1
1410 43 49 0
1411 43 49 1
1412 42 48 0
1413 42 48 1
1414 42 49 0
1415 42 49 1
1416 40 49 1
1417 40 49 0
1418 40 48 1
1419 40 48 0
1420 41 49 1
1421 41 49 0
1422 41 48 1
1423 41 48 0
1440 35 48 0
1441 35 48 1
1442 35 49 0
1443 35 49 1
1444 34 48 0
1445 34 48 1
1446 34 49 0
1447 34 49 1
1448 32 49 1
1449 32 49 0
1450 32 48 1
1451 32 48 0
1452 33 49 1
1453 33 49 0
1454 33 48 1
1455 33 48 0
1456 36 48 0
1457 36 48 1
1458 36 49 0
1459 36 49 1
1460 37 48 0
1461 37 48 1
1462 37 49 0
1463 37 49 1
1464 39 49 1
1465 39 49 0
1466 39 48 1
1467 39 48 0
1468 38 49 1
1469 38 49 0
1470 38 48 1
1471 38 48 0
1472 44 48 0
1473 44 48 1
1474 44 49 0
1475 44 49 1
1476 45 48 0
1477 45 48 1
1478 45 49 0
1479 45 49 1
1480 47 49 1
1481 47 49 0
1482 47 48 1
1483 47 48 0
1484 46 49 1
1485 46 49 0
1486 46 48 1
1487 46 48 0
1536 43 50 0
1537 43 50 1
1538 43 51 0
1539 43 51 1
1540 42 50 0
1541 42 50 1
1542 42 51 0
1543 42 51 1
1544 40 51 1
1545 40 51 0
1546 40 50 1
1547 40 50 0
1548 41 51 1
1549 41 51 0
1550 41 50 1
1551 41 50 0
1568 35 50 0
1569 35 50 1
1570 35 51 0
1571 35 51 1
1572 34 50 0
1573 34 50 1
1574 34 51 0
1575 34 51 1
1576 32 51 1
1577 32 51 0
1578 32 50 1
1579 32 50 0
1580 33 51 1
1581 33 51 0
1582 33 50 1
1583 33 50 0
1584 36 50 0
1585 36 50 1
1586 36 51 0
1587 36 51 1
1588 37 50 0
1589 37 50 1
1590 37 51 0
1591 37 51 1
1592 39 51 1
1593 39 51 0
1594 39 50 1
1595 39 50 0
1596 38 51 1
1597 38 51 0
1598 38 50 1
1599 38 50 0
1600 44 50 0
1601 44 50 1
1602 44 51 0
1603 44 51 1
1604 45 50 0
1605 45 50 1
1606 45 51 0
1607 45 51 1
1608 47 51 1
1609 47 51 0
1610 47 50 1
1611 47 50 0
1612 46 51 1
1613 46 51 0
1614 46 50 1
1615 46 50 0
1664 43 52 0
1665 43 52 1
1666 43 53 0
1667 43 53 1
1668 42 52 0
1669 42 52 1
1670 42 53 0
1671 42 53 1
1672 40 53 1
1673 40 53 0
1674 40 52 1
1675 40 52 0
1676 41 53 1
1677 41 53 0
1678 41 52 1
1679 41 52 0
1696 35 52 0
1697 35 52 1
1698 35 53 0
1699 35 53 1
1700 34 52 0
1701 34 52 1
1702 34 53 0
1703 34 53 1
1704 32 53 1
1705 32 53 0
1706 32 52 1
1707 32 52 0
1708 33 53 1
1709 33 53 0
1710 33 52 1
1711 33 52 0
1712 36 52 0
1713 36 52 1
1714 36 53 0
1715 36 53 1
1716 37 52 0
1717 37 52 1
1718 37 53 0
1719 37 53 1
1720 39 53 1
1721 39 53 0
1722 39 52 1
1723 39 52 0
1724 38 53 1
1725 38 53 0
1726 38 52 1
1727 38 52 0
1728 44 52 0
1729 44 52 1
1730 44 53 0
1731 44 53 1
1732 45 52 0
1733 45 52 1
1734 45 53 0
1735 45 53 1
1736 47 53 1
1737 47 53 0
1738 47 52 1
1739 47 52 0
1740 46 53 1
1741 46 53 0
1742 46 52 1
1743 46 52 0
1792 43 54 0
1793 43 54 1
1794 43 55 0
1795 43 55 1
1796 42 54 0
1797 42 54 1
1798 42 55 0
1799 42 55 1
1800 40 55 1
1801 40 55 0
1802 40 54 1
1803 40 54 0
1804 41 55 1
1805 41 55 0
1806 41 54 1
1807 41 54 0
1824 35 54 0
1825 35 54 1
1826 35 55 0
1827 35 55 1
1828 34 54 0
1829 34 54 1
1830 34 55 0
1831 34 55 1
1832 32 55 1
1833 32 55 0
1834 32 54 1
1835 32 54 0
1836 33 55 1
1837 33 55 0
1838 33 54 1
1839 33 54 0
1840 36 54 0
1841 36 54 1
1842 36 55 0
1843 36 55 1
1844 37 54 0
1845 37 54 1
1846 37 55 0
1847 37 55 1
1848 39 55 1
1849 39 55 0
1850 39 54 1
1851 39 54 0
1852 38 55 1
1853 38 55 0
1854 38 54 1
1855 38 54 0
1856 44 54 0
1857 44 54 1
1858 44 55 0
1859 44 55 1
1860 45 54 0
1861 45 54 1
1862 45 55 0
1863 45 55 1
1864 47 55 1
1865 47 55 0
1866 47 54 1
1867 47 54 0
1868 46 55 1
1869 46 55 0
1870 46 54 1
1871 46 54 0
2176 59 28 0
2177 59 28 1
2178 59 29 0
2179 59 29 1
2180 58 28 0
2181 58 28 1
2182 58 29 0
2183 58 29 1
2184 56 29 1
2185 56 29 0
2186 56 28 1
2187 56 28 0
2188 57 29 1
2189 57 29 0
2190 57 28 1
2191 57 28 0
2208 51 28 0
2209 51 28 1
2210 51 29 0
2211 51 29 1
2212 50 28 0
2213 50 28 1
2214 50 29 0
2215 50 29 1
2216 48 29 1
2217 48 29 0
2218 48 28 1
2219 48 28 0
2220 49 29 1
2221 49 29 0
2222 49 28 1
2223 49 28 0
2224 52 28 0
2225 52 28 1
2226 52 29 0
2227 52 29 1
2228 53 28 0
2229 53 28 1
2230 53 29 0
2231 53 29 1
2232 55 29 1
2233 55 29 0
2234 55 28 1
2235 55 28 0
2236 54 29 1
2237 54 29 0
2238 54 28 1
2239 54 28 0
2240 60 28 0
2241 60 28 1
2242 60 29 0
2243 60 29 1
2244 61 28 0
2245 61 28 1
2246 61 29 0
2247 61 29 1
2248 63 29 1
2249 63 29 0
2250 63 28 1
2251 63 28 0
2252 62 29 1
2253 62 29 0
2254 62 28 1
2255 62 28 0
2304 59 30 0
2305 59 30 1
2306 59 31 0
2307 59 31 1
2308 58 30 0
2309 58 30 1
2310 58 31 0
2311 58 31 1
2312 56 31 1
2313 56 31 0
2314 56 30 1
2315 56 30 0
2316 57 31 1
2317 57 31 0
2318 57 30 1
2319 57 30 0
2336 51 30 0
2337 51 30 1
2338 51 31 0
2339 51 31 1
2340 50 30 0
2341 50 30 1
2342 50 31 0
2343 50 31 1
2344 48 31 1
2345 48 31 0
2346 48 30 1
2347 48 30 0
2348 49 31 1
2349 49 31 0
2350 49 30 1
2351 49 30 0
2352 52 30 0
2353 52 30 1
2354 52 31 0
2355 52 31 1
2356 53 30 0
2357 53 30 1
2358 53 31 0
2359 53 31 1
2360 55 31 1
2361 55 31 0
2362 55 30 1
2363 55 30 0
2364 54 31 1
2365 54 31 0
2366 54 30 1
2367 54 30 0
2368 60 30 0
2369 60 30 1
2370 60 31 0
2371 60 31 1
2372 61 30 0
2373 61 30 1
2374 61 31 0
2375 61 31 1
2376 63 31 1
2377 63 31 0
2378 63 30 1
2379 63 30 0
2380 62 31 1
2381 62 31 0
2382 62 30 1
2383 62 30 0
2432 59 32 0
2433 59 32 1
2434 59 33 0
2435 59 33 1
2436 58 32 0
2437 58 32 1
2438 58 33 0
2439 58 33 1
2440 56 33 1
2441 56 33 0
2442 56 32 1
2443 56 32 0
2444 57 33 1
2445 57 33 0
2446 57 32 1
2447 57 32 0
2464 51 32 0
2465 51 32 1
2466 51 33 0
2467 51 33 1
2468 50 32 0
2469 50 32 1
2470 50 33 0
2471 50 33 1
2472 48 33 1
2473 48 33 0
2474 48 32 1
2475 48 32 0
2476 49 33 1
2477 49 33 0
2478 49 32 1
2479 49 32 0
2480 52 32 0
2481 52 32 1
2482 52 33 0
2483 52 33 1
2484 53 32 0
2485 53 32 1
2486 53 33 0
2487 53 33 1
2488 55 33 1
2489 55 33 0
2490 55 32 1
2491 55 32 0
2492 54 33 1
2493 54 33 0
2494 54 32 1
2495 54 32 0
2496 60 32 0
2497 60 32 1
2498 60 33 0
2499 60 33 1
2500 61 32 0
2501 61 32 1
2502 61 33 0
2503 61 33 1
2504 63 33 1
2505 63 33 0
2506 63 32 1
2507 63 32 0
2508 62 33 1
2509 62 33 0
2510 62 32 1
2511 62 32 0
2560 59 34 0
2561 59 34 1
2562 59 35 0
2563 59 35 1
2564 58 34 0
2565 58 34 1
2566 58 35 0
2567 58 35 1
2568 56 35 1
2569 56 35 0
2570 56 34 1
2571 56 34 0
2572 57 35 1
2573 57 35 0
2574 57 34 1
2575 57 34 0
2592 51 34 0
2593 51 34 1
2594 51 35 0
2595 51 35 1
2596 50 34 0
2597 50 34 1
2598 50 35 0
2599 50 35 1
2600 48 35 1
2601 48 35 0
2602 48 34 1
2603 48 34 0
2604 49 35 1
2605 49 35 0
2606 49 34 1
2607 49 34 0
2608 52 34 0
2609 52 34 1
2610 52 35 0
2611 52 35 1
2612 53 34 0
2613 53 34 1
2614 53 35 0
2615 53 35 1
2616 55 35 1
2617 55 35 0
2618 55 34 1
2619 55 34 0
2620 54 35 1
2621 54 35 0
2622 54 34 1
2623 54 34 0
2624 60 34 0
2625 60 34 1
2626 60 35 0
2627 60 35 1
2628 61 34 0
2629 61 34 1
2630 61 35 0
2631 61 35 1
2632 63 35 1
2633 63 35 0
2634 63 34 1
2635 63 34 0
2636 62 35 1
2637 62 35 0
2638 62 34 1
2639 62 34 0
2688 59 36 0
2689 59 36 1
2690 59 37 0
2691 59 37 1
2692 58 36 0
2693 58 36 1
2694 58 37 0
2695 58 37 1
2696 56 37 1
2697 56 37 0
2698 56 36 1
2699 56 36 0
2700 57 37 1
2701 57 37 0
2702 57 36 1
2703 57 36 0
2720 51 36 0
2721 51 36 1
2722 51 37 0
2723 51 37 1
2724 50 36 0
2725 50 36 1
2726 50 37 0
2727 50 37 1
2728 48 37 1
2729 48 37 0
2730 48 36 1
2731 48 36 0
2732 49 37 1
2733 49 37 0
2734 49 36 1
2735 49 36 0
2736 52 36 0
2737 52 36 1
2738 52 37 0
2739 52 37 1
2740 53 36 0
2741 53 36 1
2742 53 37 0
2743 53 37 1
2744 55 37 1
2745 55 37 0
2746 55 36 1
2747 55 36 0
2748 54 37 1
2749 54 37 0
2750 54 36 1
2751 54 36 0
2752 60 36 0
2753 60 36 1
2754 60 37 0
2755 60 37 1
2756 61 36 0
2757 61 36 1
2758 61 37 0
2759 61 37 1
2760 63 37 1
2761 63 37 0
2762 63 36 1
2763 63 36 0
2764 62 37 1
2765 62 37 0
2766 62 36 1
2767 62 36 0
2816 59 38 0
2817 59 38 1
2818 59 39 0
2819 59 39 1
2820 58 38 0
2821 58 38 1
2822 58 39 0
2823 58 39 1
2824 56 39 1
2825 56 39 0
2826 56 38 1
2827 56 38 0
2828 57 39 1
2829 57 39 0
2830 57 38 1
2831 57 38 0
2848 51 38 0
2849 51 38 1
2850 51 39 0
2851 51 39 1
2852 50 38 0
2853 50 38 1
2854 50 39 0
2855 50 39 1
2856 48 39 1
2857 48 39 0
2858 48 38 1
2859 48 38 0
2860 49 39 1
2861 49 39 0
2862 49 38 1
2863 49 38 0
2864 52 38 0
2865 52 38 1
2866 52 39 0
2867 52 39 1
2868 53 38 0
2869 53 38 1
2870 53 39 0
2871 53 39 1
2872 55 39 1
2873 55 39 0
2874 55 38 1
2875 55 38 0
2876 54 39 1
2877 54 39 0
2878 54 38 1
2879 54 38 0
2880 60 38 0
2881 60 38 1
2882 60 39 0
2883 60 39 1
2884 61 38 0
2885 61 38 1
2886 61 39 0
2887 61 39 1
2888 63 39 1
2889 63 39 0
2890 63 38 1
2891 63 38 0
2892 62 39 1
2893 62 39 0
2894 62 38 1
2895 62 38 0
2944 59 40 0
2945 59 40 1
2946 59 41 0
2947 59 41 1
2948 58 40 0
2949 58 40 1
2950 58 41 0
2951 58 41 1
2952 56 41 1
2953 56 41 0
2954 56 40 1
2955 56 40 0
2956 57 41 1
2957 57 41 0
2958 57 40 1
2959 57 40 0
2976 51 40 0
2977 51 40 1
2978 51 41 0
2979 51 41 1
2980 50 40 0
2981 50 40 1
2982 50 41 0
2983 50 41 1
2984 48 41 1
2985 48 41 0
2986 48 40 1
2987 48 40 0
2988 49 41 1
2989 49 41 0
2990 49 40 1
2991 49 40 0
2992 52 40 0
2993 52 40 1
2994 52 41 0
2995 52 41 1
2996 53 40 0
2997 53 40 1
2998 53 41 0
2999 53 41 1
3000 55 41 1
3001 55 41 0
3002 55 40 1
3003 55 40 0
3004 54 41 1
3005 54 41 0
3006 54 40 1
3007 54 40 0
3008 60 40 0
3009 60 40 1
3010 60 41 0
3011 60 41 1
3012 61 40 0
3013 61 40 1
3014 61 41 0
3015 61 41 1
3016 63 41 1
3017 63 41 0
3018 63 40 1
3019 63 40 0
3020 62 41 1
3021 62 41 0
3022 62 40 1
3023 62 40 0
3072 59 42 0
3073 59 42 1
3074 59 43 0
3075 59 43 1
3076 58 42 0
3077 58 42 1
3078 58 43 0
3079 58 43 1
3080 56 43 1
3081 56 43 0
3082 56 42 1
3083 56 42 0
3084 57 43 1
3085 57 43 0
3086 57 42 1
3087 57 42 0
3104 51 42 0
3105 51 42 1
3106 51 43 0
3107 51 43 1
3108 50 42 0
3109 50 42 1
3110 50 43 0
3111 50 43 1
3112 48 43 1
3113 48 43 0
3114 48 42 1
3115 48 42 0
3116 49 43 1
3117 49 43 0
3118 49 42 1
3119 49 42 0
3120 52 42 0
3121 52 42 1
3122 52 43 0
3123 52 43 1
3124 53 42 0
3125 53 42 1
3126 53 43 0
3127 53 43 1
3128 55 43 1
3129 55 43 0
3130 55 42 1
3131 55 42 0
3132 54 43 1
3133 54 43 0
3134 54 42 1
3135 54 42 0
3136 60 42 0
3137 60 42 1
3138 60 43 0
3139 60 43 1
3140 61 42 0
3141 61 42 1
3142 61 43 0
3143 61 43 1
3144 63 43 1
3145 63 43 0
3146 63 42 1
3147 63 42 0
3148 62 43 1
3149 62 43 0
3150 62 42 1
3151 62 42 0
3200 59 44 0
3201 59 44 1
3202 59 45 0
3203 59 45 1
3204 58 44 0
3205 58 44 1
3206 58 45 0
3207 58 45 1
3208 56 45 1
3209 56 45 0
3210 56 44 1
3211 56 44 0
3212 57 45 1
3213 57 45 0
3214 57 44 1
3215 57 44 0
3232 51 44 0
3233 51 44 1
3234 51 45 0
3235 51 45 1
3236 50 44 0
3237 50 44 1
3238 50 45 0
3239 50 45 1
3240 48 45 1
3241 48 45 0
3242 48 44 1
3243 48 44 0
3244 49 45 1
3245 49 45 0
3246 49 44 1
3247 49 44 0
3248 52 44 0
3249 52 44 1
3250 52 45 0
3251 52 45 1
3252 53 44 0
3253 53 44 1
3254 53 45 0
3255 53 45 1
3256 55 45 1
3257 55 45 0
3258 55 44 1
3259 55 44 0
3260 54 45 1
3261 54 45 0
3262 54 44 1
3263 54 44 0
3264 60 44 0
3265 60 44 1
3266 60 45 0
3267 60 45 1
3268 61 44 0
3269 61 44 1
3270 61 45 0
3271 61 45 1
3272 63 45 1
3273 63 45 0
3274 63 44 1
3275 63 44 0
3276 62 45 1
3277 62 45 0
3278 62 44 1
3279 62 44 0
3328 59 46 0
3329 59 46 1
3330 59 47 0
3331 59 47 1
3332 58 46 0
3333 58 46 1
3334 58 47 0
3335 58 47 1
3336 56 47 1
3337 56 47 0
3338 56 46 1
3339 56 46 0
3340 57 47 1
3341 57 47 0
3342 57 46 1
3343 57 46 0
3360 51 46 0
3361 51 46 1
3362 51 47 0
3363 51 47 1
3364 50 46 0
3365 50 46 1
3366 50 47 0
3367 50 47 1
3368 48 47 1
3369 48 47 0
3370 48 46 1
3371 48 46 0
3372 49 47 1
3373 49 47 0
3374 49 46 1
3375 49 46 0
3376 52 46 0
3377 52 46 1
3378 52 47 0
3379 52 47 1
3380 53 46 0
3381 53 46 1
3382 53 47 0
3383 53 47 1
3384 55 47 1
3385 55 47 0
3386 55 46 1
3387 55 46 0
3388 54 47 1
3389 54 47 0
3390 54 46 1
3391 54 46 0
3392 60 46 0
3393 60 46 1
3394 60 47 0
3395 60 47 1
3396 61 46 0
3397 61 46 1
3398 61 47 0
3399 61 47 1
3400 63 47 1
3401 63 47 0
3402 63 46 1
3403 63 46 0
3404 62 47 1
3405 62 47 0
3406 62 46 1
3407 62 46 0
3456 59 48 0
3457 59 48 1
3458 59 49 0
3459 59 49 1
3460 58 48 0
3461 58 48 1
3462 58 49 0
3463 58 49 1
3464 56 49 1
3465 56 49 0
3466 56 48 1
3467 56 48 0
3468 57 49 1
3469 57 49 0
3470 57 48 1
3471 57 48 0
3488 51 48 0
3489 51 48 1
3490 51 49 0
3491 51 49 1
3492 50 48 0
3493 50 48 1
3494 50 49 0
3495 50 49 1
3496 48 49 1
3497 48 49 0
3498 48 48 1
3499 48 48 0
3500 49 49 1
3501 49 49 0
3502 49 48 1
3503 49 48 0
3504 52 48 0
3505 52 48 1
3506 52 49 0
3507 52 49 1
3508 53 48 0
3509 53 48 1
3510 53 49 0
3511 53 49 1
3512 55 49 1
3513 55 49 0
3514 55 48 1
3515 55 48 0
3516 54 49 1
3517 54 49 0
3518 54 48 1
3519 54 48 0
3520 60 48 0
3521 60 48 1
3522 60 49 0
3523 60 49 1
3524 61 48 0
3525 61 48 1
3526 61 49 0
3527 61 49 1
3528 63 49 1
3529 63 49 0
3530 63 48 1
3531 63 48 0
3532 62 49 1
3533 62 49 0
3534 62 48 1
3535 62 48 0
3584 59 50 0
3585 59 50 1
3586 59 51 0
3587 59 51 1
3588 58 50 0
3589 58 50 1
3590 58 51 0
3591 58 51 1
3592 56 51 1
3593 56 51 0
3594 56 50 1
3595 56 50 0
3596 57 51 1
3597 57 51 0
3598 57 50 1
3599 57 50 0
3616 51 50 0
3617 51 50 1
3618 51 51 0
3619 51 51 1
3620 50 50 0
3621 50 50 1
3622 50 51 0
3623 50 51 1
3624 48 51 1
3625 48 51 0
3626 48 50 1
3627 48 50 0
3628 49 51 1
3629 49 51 0
3630 49 50 1
3631 49 50 0
3632 52 50 0
3633 52 50 1
3634 52 51 0
3635 52 51 1
3636 53 50 0
3637 53 50 1
3638 53 51 0
3639 53 51 1
3640 55 51 1
3641 55 51 0
3642 55 50 1
3643 55 50 0
3644 54 51 1
3645 54 51 0
3646 54 50 1
3647 54 50 0
3648 60 50 0
3649 60 50 1
3650 60 51 0
3651 60 51 1
3652 61 50 0
3653 61 50 1
3654 61 51 0
3655 61 51 1
3656 63 51 1
3657 63 51 0
3658 63 50 1
3659 63 50 0
3660 62 51 1
3661 62 51 0
3662 62 50 1
3663 62 50 0
3712 59 52 0
3713 59 52 1
3714 59 53 0
3715 59 53 1
3716 58 52 0
3717 58 52 1
3718 58 53 0
3719 58 53 1
3720 56 53 1
3721 56 53 0
3722 56 52 1
3723 56 52 0
3724 57 53 1
3725 57 53 0
3726 57 52 1
3727 57 52 0
3744 51 52 0
3745 51 52 1
3746 51 53 0
3747 51 53 1
3748 50 52 0
3749 50 52 1
3750 50 53 0
3751 50 53 1
3752 48 53 1
3753 48 53 0
3754 48 52 1
3755 48 52 0
3756 49 53 1
3757 49 53 0
3758 49 52 1
3759 49 52 0
3760 52 52 0
3761 52 52 1
3762 52 53 0
3763 52 53 1
3764 53 52 0
3765 53 52 1
3766 53 53 0
3767 53 53 1
3768 55 53 1
3769 55 53 0
3770 55 52 1
3771 55 52 0
3772 54 53 1
3773 54 53 0
3774 54 52 1
3775 54 52 0
3776 60 52 0
3777 60 52 1
3778 60 53 0
3779 60 53 1
3780 61 52 0
3781 61 52 1
3782 61 53 0
3783 61 53 1
3784 63 53 1
3785 63 53 0
3786 63 52 1
3787 63 52 0
3788 62 53 1
3789 62 53 0
3790 62 52 1
3791 62 52 0
3840 59 54 0
3841 59 54 1
3842 59 55 0
3843 59 55 1
3844 58 54 0
3845 58 54 1
3846 58 55 0
3847 58 55 1
3848 56 55 1
3849 56 55 0
3850 56 54 1
3851 56 54 0
3852 57 55 1
3853 57 55 0
3854 57 54 1
3855 57 54 0
3872 51 54 0
3873 51 54 1
3874 51 55 0
3875 51 55 1
3876 50 54 0
3877 50 54 1
3878 50 55 0
3879 50 55 1
3880 48 55 1
3881 48 55 0
3882 48 54 1
3883 48 54 0
3884 49 55 1
3885 49 55 0
3886 49 54 1
3887 49 54 0
3888 52 54 0
3889 52 54 1
3890 52 55 0
3891 52 55 1
3892 53 54 0
3893 53 54 1
3894 53 55 0
3895 53 55 1
3896 55 55 1
3897 55 55 0
3898 55 54 1
3899 55 54 0
3900 54 55 1
3901 54 55 0
3902 54 54 1
3903 54 54 0
3904 60 54 0
3905 60 54 1
3906 60 55 0
3907 60 55 1
3908 61 54 0
3909 61 54 1
3910 61 55 0
3911 61 55 1
3912 63 55 1
3913 63 55 0
3914 63 54 1
3915 63 54 0
3916 62 55 1
3917 62 55 0
3918 62 54 1
3919 62 54 0
