#"Don't put as such on the web, please use as private communication only!:"
#authors of this compilation:
#  "G. Lindstroem, IInd Inst. Exp. Phys., Univ. of Hamburg, Germany"
#last update: 30-April-99
#  "A. Vasilescu, Appl. Nucl. Phys. Dpt., INPE Bucharest, Romania"
#
# E_n [MeV]       D/(95MeVmb)
  8.995E+03	  4.4635E-01
  8.975E+03	  4.4654E-01
  8.965E+03	  4.4663E-01
  8.945E+03	  4.4681E-01
  8.935E+03	  4.4691E-01
  8.925E+03	  4.4700E-01
  8.915E+03	  4.4709E-01
  8.895E+03	  4.4728E-01
  8.885E+03	  4.4737E-01
  8.875E+03	  4.4746E-01
  8.865E+03	  4.4755E-01
  8.845E+03	  4.4774E-01
  8.835E+03	  4.4783E-01
  8.825E+03	  4.4792E-01
  8.815E+03	  4.4802E-01
  8.795E+03	  4.4820E-01
  8.785E+03	  4.4829E-01
  8.775E+03	  4.4839E-01
  8.765E+03	  4.4848E-01
  8.745E+03	  4.4867E-01
  8.735E+03	  4.4876E-01
  8.725E+03	  4.4885E-01
  8.715E+03	  4.4894E-01
  8.695E+03	  4.4913E-01
  8.685E+03	  4.4922E-01
  8.675E+03	  4.4931E-01
  8.665E+03	  4.4941E-01
  8.645E+03	  4.4959E-01
  8.635E+03	  4.4969E-01
  8.625E+03	  4.4978E-01
  8.615E+03	  4.4987E-01
  8.595E+03	  4.5006E-01
  8.585E+03	  4.5015E-01
  8.575E+03	  4.5025E-01
  8.565E+03	  4.5034E-01
  8.545E+03	  4.5052E-01
  8.535E+03	  4.5062E-01
  8.525E+03	  4.5071E-01
  8.515E+03	  4.5080E-01
  8.495E+03	  4.5099E-01
  8.485E+03	  4.5108E-01
  8.475E+03	  4.5118E-01
  8.465E+03	  4.5127E-01
  8.445E+03	  4.5146E-01
  8.435E+03	  4.5155E-01
  8.425E+03	  4.5165E-01
  8.415E+03	  4.5174E-01
  8.395E+03	  4.5193E-01
  8.385E+03	  4.5202E-01
  8.375E+03	  4.5211E-01
  8.365E+03	  4.5221E-01
  8.345E+03	  4.5239E-01
  8.335E+03	  4.5249E-01
  8.325E+03	  4.5258E-01
  8.315E+03	  4.5268E-01
  8.295E+03	  4.5286E-01
  8.285E+03	  4.5296E-01
  8.275E+03	  4.5305E-01
  8.265E+03	  4.5314E-01
  8.245E+03	  4.5333E-01
  8.235E+03	  4.5343E-01
  8.225E+03	  4.5352E-01
  8.215E+03	  4.5361E-01
  8.195E+03	  4.5380E-01
  8.185E+03	  4.5390E-01
  8.175E+03	  4.5399E-01
  8.165E+03	  4.5408E-01
  8.145E+03	  4.5427E-01
  8.135E+03	  4.5437E-01
  8.125E+03	  4.5446E-01
  8.115E+03	  4.5456E-01
  8.095E+03	  4.5474E-01
  8.085E+03	  4.5484E-01
  8.075E+03	  4.5493E-01
  8.065E+03	  4.5503E-01
  8.045E+03	  4.5522E-01
  8.035E+03	  4.5531E-01
  8.025E+03	  4.5540E-01
  8.015E+03	  4.5550E-01
  7.995E+03	  4.5569E-01
  7.985E+03	  4.5578E-01
  7.975E+03	  4.5588E-01
  7.965E+03	  4.5597E-01
  7.945E+03	  4.5616E-01
  7.935E+03	  4.5626E-01
  7.925E+03	  4.5635E-01
  7.915E+03	  4.5644E-01
  7.895E+03	  4.5663E-01
  7.885E+03	  4.5673E-01
  7.875E+03	  4.5682E-01
  7.865E+03	  4.5692E-01
  7.845E+03	  4.5711E-01
  7.835E+03	  4.5720E-01
  7.825E+03	  4.5730E-01
  7.815E+03	  4.5739E-01
  7.795E+03	  4.5758E-01
  7.785E+03	  4.5768E-01
  7.775E+03	  4.5777E-01
  7.765E+03	  4.5787E-01
  7.745E+03	  4.5806E-01
  7.735E+03	  4.5815E-01
  7.725E+03	  4.5825E-01
  7.715E+03	  4.5834E-01
  7.695E+03	  4.5853E-01
  7.685E+03	  4.5863E-01
  7.675E+03	  4.5872E-01
  7.665E+03	  4.5882E-01
  7.645E+03	  4.5901E-01
  7.635E+03	  4.5911E-01
  7.625E+03	  4.5920E-01
  7.615E+03	  4.5930E-01
  7.595E+03	  4.5949E-01
  7.585E+03	  4.5958E-01
  7.575E+03	  4.5968E-01
  7.565E+03	  4.5977E-01
  7.545E+03	  4.5997E-01
  7.535E+03	  4.6006E-01
  7.525E+03	  4.6016E-01
  7.515E+03	  4.6025E-01
  7.495E+03	  4.6044E-01
  7.485E+03	  4.6054E-01
  7.475E+03	  4.6064E-01
  7.465E+03	  4.6073E-01
  7.445E+03	  4.6092E-01
  7.435E+03	  4.6102E-01
  7.425E+03	  4.6111E-01
  7.415E+03	  4.6121E-01
  7.395E+03	  4.6140E-01
  7.385E+03	  4.6150E-01
  7.375E+03	  4.6159E-01
  7.365E+03	  4.6169E-01
  7.345E+03	  4.6188E-01
  7.335E+03	  4.6198E-01
  7.325E+03	  4.6207E-01
  7.315E+03	  4.6217E-01
  7.295E+03	  4.6236E-01
  7.285E+03	  4.6246E-01
  7.275E+03	  4.6256E-01
  7.255E+03	  4.6275E-01
  7.245E+03	  4.6284E-01
  7.235E+03	  4.6294E-01
  7.225E+03	  4.6304E-01
  7.205E+03	  4.6323E-01
  7.195E+03	  4.6333E-01
  7.185E+03	  4.6342E-01
  7.165E+03	  4.6362E-01
  7.155E+03	  4.6371E-01
  7.145E+03	  4.6381E-01
  7.135E+03	  4.6391E-01
  7.125E+03	  4.6400E-01
  7.115E+03	  4.6410E-01
  7.105E+03	  4.6420E-01
  7.095E+03	  4.6429E-01
  7.085E+03	  4.6439E-01
  7.075E+03	  4.6449E-01
  7.065E+03	  4.6458E-01
  7.055E+03	  4.6468E-01
  7.045E+03	  4.6478E-01
  7.035E+03	  4.6487E-01
  7.025E+03	  4.6497E-01
  7.015E+03	  4.6507E-01
  7.005E+03	  4.6516E-01
  6.995E+03	  4.6526E-01
  6.985E+03	  4.6536E-01
  6.975E+03	  4.6545E-01
  6.965E+03	  4.6555E-01
  6.955E+03	  4.6565E-01
  6.945E+03	  4.6575E-01
  6.935E+03	  4.6584E-01
  6.925E+03	  4.6594E-01
  6.915E+03	  4.6604E-01
  6.905E+03	  4.6613E-01
  6.895E+03	  4.6623E-01
  6.885E+03	  4.6633E-01
  6.875E+03	  4.6643E-01
  6.865E+03	  4.6652E-01
  6.855E+03	  4.6662E-01
  6.845E+03	  4.6672E-01
  6.835E+03	  4.6681E-01
  6.825E+03	  4.6691E-01
  6.815E+03	  4.6701E-01
  6.805E+03	  4.6711E-01
  6.795E+03	  4.6720E-01
  6.785E+03	  4.6730E-01
  6.775E+03	  4.6740E-01
  6.765E+03	  4.6750E-01
  6.755E+03	  4.6759E-01
  6.745E+03	  4.6769E-01
  6.735E+03	  4.6779E-01
  6.725E+03	  4.6789E-01
  6.715E+03	  4.6798E-01
  6.705E+03	  4.6808E-01
  6.695E+03	  4.6818E-01
  6.685E+03	  4.6828E-01
  6.675E+03	  4.6837E-01
  6.665E+03	  4.6847E-01
  6.655E+03	  4.6857E-01
  6.645E+03	  4.6867E-01
  6.635E+03	  4.6877E-01
  6.625E+03	  4.6886E-01
  6.615E+03	  4.6896E-01
  6.605E+03	  4.6906E-01
  6.595E+03	  4.6916E-01
  6.585E+03	  4.6926E-01
  6.575E+03	  4.6935E-01
  6.565E+03	  4.6945E-01
  6.555E+03	  4.6955E-01
  6.545E+03	  4.6965E-01
  6.535E+03	  4.6975E-01
  6.525E+03	  4.6984E-01
  6.515E+03	  4.6994E-01
  6.505E+03	  4.7004E-01
  6.495E+03	  4.7014E-01
  6.485E+03	  4.7024E-01
  6.475E+03	  4.7033E-01
  6.465E+03	  4.7043E-01
  6.455E+03	  4.7053E-01
  6.445E+03	  4.7063E-01
  6.435E+03	  4.7073E-01
  6.425E+03	  4.7083E-01
  6.415E+03	  4.7092E-01
  6.405E+03	  4.7102E-01
  6.395E+03	  4.7112E-01
  6.385E+03	  4.7122E-01
  6.375E+03	  4.7132E-01
  6.365E+03	  4.7142E-01
  6.355E+03	  4.7151E-01
  6.345E+03	  4.7161E-01
  6.335E+03	  4.7171E-01
  6.325E+03	  4.7181E-01
  6.315E+03	  4.7191E-01
  6.305E+03	  4.7201E-01
  6.295E+03	  4.7211E-01
  6.285E+03	  4.7220E-01
  6.275E+03	  4.7230E-01
  6.265E+03	  4.7240E-01
  6.255E+03	  4.7250E-01
  6.245E+03	  4.7260E-01
  6.235E+03	  4.7270E-01
  6.225E+03	  4.7280E-01
  6.215E+03	  4.7290E-01
  6.205E+03	  4.7299E-01
  6.195E+03	  4.7309E-01
  6.185E+03	  4.7319E-01
  6.175E+03	  4.7329E-01
  6.165E+03	  4.7339E-01
  6.155E+03	  4.7349E-01
  6.145E+03	  4.7359E-01
  6.135E+03	  4.7369E-01
  6.125E+03	  4.7379E-01
  6.115E+03	  4.7389E-01
  6.105E+03	  4.7398E-01
  6.095E+03	  4.7408E-01
  6.085E+03	  4.7418E-01
  6.075E+03	  4.7428E-01
  6.065E+03	  4.7438E-01
  6.055E+03	  4.7448E-01
  6.045E+03	  4.7458E-01
  6.035E+03	  4.7468E-01
  6.025E+03	  4.7478E-01
  6.015E+03	  4.7488E-01
  6.005E+03	  4.7498E-01
  5.995E+03	  4.7508E-01
  5.985E+03	  4.7518E-01
  5.975E+03	  4.7528E-01
  5.965E+03	  4.7537E-01
  5.955E+03	  4.7547E-01
  5.945E+03	  4.7557E-01
  5.935E+03	  4.7567E-01
  5.925E+03	  4.7577E-01
  5.915E+03	  4.7587E-01
  5.905E+03	  4.7597E-01
  5.895E+03	  4.7607E-01
  5.885E+03	  4.7617E-01
  5.875E+03	  4.7627E-01
  5.865E+03	  4.7637E-01
  5.855E+03	  4.7647E-01
  5.845E+03	  4.7657E-01
  5.835E+03	  4.7667E-01
  5.825E+03	  4.7677E-01
  5.815E+03	  4.7687E-01
  5.805E+03	  4.7697E-01
  5.795E+03	  4.7707E-01
  5.785E+03	  4.7717E-01
  5.775E+03	  4.7727E-01
  5.765E+03	  4.7737E-01
  5.755E+03	  4.7747E-01
  5.745E+03	  4.7757E-01
  5.735E+03	  4.7767E-01
  5.725E+03	  4.7777E-01
  5.715E+03	  4.7787E-01
  5.705E+03	  4.7797E-01
  5.695E+03	  4.7807E-01
  5.685E+03	  4.7817E-01
  5.675E+03	  4.7827E-01
  5.665E+03	  4.7837E-01
  5.655E+03	  4.7847E-01
  5.645E+03	  4.7857E-01
  5.635E+03	  4.7867E-01
  5.625E+03	  4.7877E-01
  5.615E+03	  4.7887E-01
  5.605E+03	  4.7897E-01
  5.595E+03	  4.7907E-01
  5.585E+03	  4.7917E-01
  5.575E+03	  4.7927E-01
  5.565E+03	  4.7937E-01
  5.555E+03	  4.7947E-01
  5.545E+03	  4.7957E-01
  5.535E+03	  4.7968E-01
  5.525E+03	  4.7978E-01
  5.515E+03	  4.7988E-01
  5.505E+03	  4.7998E-01
  5.495E+03	  4.8008E-01
  5.485E+03	  4.8018E-01
  5.475E+03	  4.8028E-01
  5.465E+03	  4.8038E-01
  5.455E+03	  4.8048E-01
  5.445E+03	  4.8058E-01
  5.435E+03	  4.8068E-01
  5.425E+03	  4.8078E-01
  5.415E+03	  4.8088E-01
  5.405E+03	  4.8098E-01
  5.395E+03	  4.8109E-01
  5.385E+03	  4.8119E-01
  5.375E+03	  4.8129E-01
  5.365E+03	  4.8139E-01
  5.355E+03	  4.8149E-01
  5.345E+03	  4.8159E-01
  5.335E+03	  4.8169E-01
  5.325E+03	  4.8179E-01
  5.315E+03	  4.8189E-01
  5.305E+03	  4.8199E-01
  5.295E+03	  4.8210E-01
  5.285E+03	  4.8220E-01
  5.275E+03	  4.8230E-01
  5.265E+03	  4.8240E-01
  5.255E+03	  4.8250E-01
  5.245E+03	  4.8260E-01
  5.235E+03	  4.8270E-01
  5.225E+03	  4.8280E-01
  5.215E+03	  4.8291E-01
  5.205E+03	  4.8301E-01
  5.195E+03	  4.8311E-01
  5.185E+03	  4.8321E-01
  5.175E+03	  4.8331E-01
  5.165E+03	  4.8341E-01
  5.155E+03	  4.8351E-01
  5.145E+03	  4.8362E-01
  5.135E+03	  4.8372E-01
  5.125E+03	  4.8382E-01
  5.115E+03	  4.8392E-01
  5.105E+03	  4.8402E-01
  5.095E+03	  4.8412E-01
  5.085E+03	  4.8423E-01
  5.075E+03	  4.8433E-01
  5.065E+03	  4.8443E-01
  5.055E+03	  4.8453E-01
  5.045E+03	  4.8463E-01
  5.035E+03	  4.8473E-01
  5.025E+03	  4.8484E-01
  5.015E+03	  4.8494E-01
  5.005E+03	  4.8504E-01
  4.995E+03	  4.8514E-01
  4.985E+03	  4.8524E-01
  4.975E+03	  4.8535E-01
  4.965E+03	  4.8545E-01
  4.955E+03	  4.8555E-01
  4.945E+03	  4.8565E-01
  4.935E+03	  4.8575E-01
  4.925E+03	  4.8586E-01
  4.915E+03	  4.8596E-01
  4.905E+03	  4.8606E-01
  4.895E+03	  4.8616E-01
  4.885E+03	  4.8627E-01
  4.875E+03	  4.8637E-01
  4.865E+03	  4.8647E-01
  4.855E+03	  4.8657E-01
  4.845E+03	  4.8667E-01
  4.835E+03	  4.8678E-01
  4.825E+03	  4.8688E-01
  4.815E+03	  4.8698E-01
  4.805E+03	  4.8708E-01
  4.795E+03	  4.8719E-01
  4.785E+03	  4.8729E-01
  4.775E+03	  4.8739E-01
  4.765E+03	  4.8749E-01
  4.755E+03	  4.8760E-01
  4.745E+03	  4.8770E-01
  4.735E+03	  4.8780E-01
  4.725E+03	  4.8790E-01
  4.715E+03	  4.8801E-01
  4.705E+03	  4.8811E-01
  4.695E+03	  4.8821E-01
  4.685E+03	  4.8831E-01
  4.675E+03	  4.8842E-01
  4.665E+03	  4.8852E-01
  4.655E+03	  4.8862E-01
  4.645E+03	  4.8873E-01
  4.635E+03	  4.8883E-01
  4.625E+03	  4.8893E-01
  4.615E+03	  4.8903E-01
  4.605E+03	  4.8914E-01
  4.595E+03	  4.8924E-01
  4.585E+03	  4.8934E-01
  4.575E+03	  4.8945E-01
  4.565E+03	  4.8955E-01
  4.555E+03	  4.8965E-01
  4.545E+03	  4.8976E-01
  4.535E+03	  4.8986E-01
  4.525E+03	  4.8996E-01
  4.515E+03	  4.9006E-01
  4.505E+03	  4.9017E-01
  4.495E+03	  4.9027E-01
  4.485E+03	  4.9037E-01
  4.475E+03	  4.9048E-01
  4.465E+03	  4.9058E-01
  4.455E+03	  4.9068E-01
  4.445E+03	  4.9079E-01
  4.435E+03	  4.9089E-01
  4.425E+03	  4.9099E-01
  4.415E+03	  4.9110E-01
  4.405E+03	  4.9120E-01
  4.395E+03	  4.9130E-01
  4.385E+03	  4.9141E-01
  4.375E+03	  4.9151E-01
  4.365E+03	  4.9162E-01
  4.355E+03	  4.9172E-01
  4.345E+03	  4.9182E-01
  4.335E+03	  4.9193E-01
  4.325E+03	  4.9203E-01
  4.315E+03	  4.9213E-01
  4.305E+03	  4.9224E-01
  4.295E+03	  4.9234E-01
  4.285E+03	  4.9244E-01
  4.275E+03	  4.9255E-01
  4.265E+03	  4.9265E-01
  4.255E+03	  4.9276E-01
  4.245E+03	  4.9286E-01
  4.235E+03	  4.9296E-01
  4.225E+03	  4.9307E-01
  4.215E+03	  4.9317E-01
  4.205E+03	  4.9328E-01
  4.195E+03	  4.9338E-01
  4.185E+03	  4.9348E-01
  4.175E+03	  4.9359E-01
  4.165E+03	  4.9369E-01
  4.155E+03	  4.9380E-01
  4.145E+03	  4.9390E-01
  4.135E+03	  4.9400E-01
  4.125E+03	  4.9411E-01
  4.115E+03	  4.9421E-01
  4.105E+03	  4.9432E-01
  4.095E+03	  4.9442E-01
  4.085E+03	  4.9452E-01
  4.075E+03	  4.9463E-01
  4.065E+03	  4.9473E-01
  4.055E+03	  4.9484E-01
  4.045E+03	  4.9494E-01
  4.035E+03	  4.9505E-01
  4.025E+03	  4.9515E-01
  4.015E+03	  4.9526E-01
  4.005E+03	  4.9536E-01
  3.995E+03	  4.9546E-01
  3.985E+03	  4.9557E-01
  3.965E+03	  4.9578E-01
  3.955E+03	  4.9588E-01
  3.945E+03	  4.9599E-01
  3.935E+03	  4.9609E-01
  3.915E+03	  4.9630E-01
  3.905E+03	  4.9641E-01
  3.895E+03	  4.9651E-01
  3.885E+03	  4.9662E-01
  3.865E+03	  4.9683E-01
  3.855E+03	  4.9693E-01
  3.845E+03	  4.9704E-01
  3.835E+03	  4.9714E-01
  3.815E+03	  4.9735E-01
  3.805E+03	  4.9746E-01
  3.795E+03	  4.9756E-01
  3.785E+03	  4.9767E-01
  3.765E+03	  4.9788E-01
  3.755E+03	  4.9798E-01
  3.745E+03	  4.9809E-01
  3.735E+03	  4.9819E-01
  3.715E+03	  4.9840E-01
  3.705E+03	  4.9851E-01
  3.695E+03	  4.9861E-01
  3.685E+03	  4.9872E-01
  3.665E+03	  4.9893E-01
  3.655E+03	  4.9903E-01
  3.645E+03	  4.9914E-01
  3.635E+03	  4.9924E-01
  3.615E+03	  4.9946E-01
  3.605E+03	  4.9956E-01
  3.595E+03	  4.9967E-01
  3.585E+03	  4.9977E-01
  3.565E+03	  4.9998E-01
  3.555E+03	  5.0009E-01
  3.545E+03	  5.0019E-01
  3.535E+03	  5.0030E-01
  3.515E+03	  5.0051E-01
  3.505E+03	  5.0062E-01
  3.495E+03	  5.0072E-01
  3.485E+03	  5.0083E-01
  3.465E+03	  5.0104E-01
  3.455E+03	  5.0115E-01
  3.445E+03	  5.0125E-01
  3.435E+03	  5.0136E-01
  3.415E+03	  5.0157E-01
  3.405E+03	  5.0168E-01
  3.395E+03	  5.0178E-01
  3.385E+03	  5.0189E-01
  3.365E+03	  5.0210E-01
  3.355E+03	  5.0221E-01
  3.345E+03	  5.0231E-01
  3.335E+03	  5.0242E-01
  3.315E+03	  5.0263E-01
  3.305E+03	  5.0274E-01
  3.295E+03	  5.0285E-01
  3.285E+03	  5.0295E-01
  3.265E+03	  5.0316E-01
  3.255E+03	  5.0327E-01
  3.245E+03	  5.0338E-01
  3.235E+03	  5.0348E-01
  3.215E+03	  5.0370E-01
  3.205E+03	  5.0380E-01
  3.195E+03	  5.0391E-01
  3.185E+03	  5.0402E-01
  3.165E+03	  5.0423E-01
  3.155E+03	  5.0434E-01
  3.145E+03	  5.0444E-01
  3.135E+03	  5.0455E-01
  3.115E+03	  5.0476E-01
  3.105E+03	  5.0487E-01
  3.095E+03	  5.0498E-01
  3.085E+03	  5.0508E-01
  3.065E+03	  5.0530E-01
  3.055E+03	  5.0541E-01
  3.045E+03	  5.0551E-01
  3.035E+03	  5.0562E-01
  3.015E+03	  5.0583E-01
  3.005E+03	  5.0594E-01
  2.995E+03	  5.0605E-01
  2.985E+03	  5.0616E-01
  2.965E+03	  5.0637E-01
  2.955E+03	  5.0648E-01
  2.945E+03	  5.0658E-01
  2.935E+03	  5.0669E-01
  2.915E+03	  5.0691E-01
  2.905E+03	  5.0701E-01
  2.895E+03	  5.0712E-01
  2.885E+03	  5.0723E-01
  2.865E+03	  5.0744E-01
  2.855E+03	  5.0755E-01
  2.845E+03	  5.0766E-01
  2.835E+03	  5.0777E-01
  2.815E+03	  5.0798E-01
  2.805E+03	  5.0809E-01
  2.795E+03	  5.0820E-01
  2.785E+03	  5.0831E-01
  2.765E+03	  5.0852E-01
  2.755E+03	  5.0863E-01
  2.745E+03	  5.0874E-01
  2.735E+03	  5.0884E-01
  2.715E+03	  5.0906E-01
  2.705E+03	  5.0917E-01
  2.695E+03	  5.0928E-01
  2.685E+03	  5.0938E-01
  2.665E+03	  5.0960E-01
  2.655E+03	  5.0971E-01
  2.645E+03	  5.0982E-01
  2.635E+03	  5.0992E-01
  2.615E+03	  5.1014E-01
  2.605E+03	  5.1025E-01
  2.595E+03	  5.1036E-01
  2.585E+03	  5.1047E-01
  2.565E+03	  5.1068E-01
  2.555E+03	  5.1079E-01
  2.545E+03	  5.1090E-01
  2.535E+03	  5.1101E-01
  2.515E+03	  5.1122E-01
  2.505E+03	  5.1133E-01
  2.495E+03	  5.1144E-01
  2.485E+03	  5.1155E-01
  2.465E+03	  5.1177E-01
  2.455E+03	  5.1188E-01
  2.445E+03	  5.1198E-01
  2.435E+03	  5.1209E-01
  2.415E+03	  5.1231E-01
  2.405E+03	  5.1242E-01
  2.395E+03	  5.1253E-01
  2.385E+03	  5.1264E-01
  2.355E+03	  5.1296E-01
  2.345E+03	  5.1307E-01
  2.335E+03	  5.1318E-01
  2.315E+03	  5.1340E-01
  2.295E+03	  5.1362E-01
  2.285E+03	  5.1373E-01
  2.265E+03	  5.1405E-01
  2.255E+03	  5.1446E-01
  2.235E+03	  5.1530E-01
  2.215E+03	  5.1614E-01
  2.205E+03	  5.1656E-01
  2.195E+03	  5.1698E-01
  2.165E+03	  5.1824E-01
  2.155E+03	  5.1866E-01
  2.145E+03	  5.1909E-01
  2.135E+03	  5.1951E-01
  2.105E+03	  5.2078E-01
  2.095E+03	  5.2120E-01
  2.085E+03	  5.2162E-01
  2.065E+03	  5.2247E-01
  2.045E+03	  5.2332E-01
  2.035E+03	  5.2375E-01
  2.015E+03	  5.2460E-01
  2.005E+03	  5.2502E-01
  1.985E+03	  5.2588E-01
  1.965E+03	  5.2673E-01
  1.955E+03	  5.2716E-01
  1.945E+03	  5.2759E-01
  1.915E+03	  5.2888E-01
  1.905E+03	  5.2931E-01
  1.895E+03	  5.2974E-01
  1.885E+03	  5.3017E-01
  1.855E+03	  5.3146E-01
  1.845E+03	  5.3189E-01
  1.835E+03	  5.3233E-01
  1.815E+03	  5.3319E-01
  1.795E+03	  5.3406E-01
  1.785E+03	  5.3449E-01
  1.765E+03	  5.3536E-01
  1.755E+03	  5.3579E-01
  1.735E+03	  5.3692E-01
  1.715E+03	  5.3808E-01
  1.705E+03	  5.3866E-01
  1.695E+03	  5.3924E-01
  1.665E+03	  5.4098E-01
  1.655E+03	  5.4156E-01
  1.645E+03	  5.4215E-01
  1.635E+03	  5.4273E-01
  1.615E+03	  5.4390E-01
  1.605E+03	  5.4448E-01
  1.595E+03	  5.4507E-01
  1.585E+03	  5.4565E-01
  1.565E+03	  5.4683E-01
  1.555E+03	  5.4741E-01
  1.545E+03	  5.4800E-01
  1.535E+03	  5.4859E-01
  1.515E+03	  5.4977E-01
  1.505E+03	  5.5036E-01
  1.495E+03	  5.5095E-01
  1.485E+03	  5.5155E-01
  1.465E+03	  5.5273E-01
  1.455E+03	  5.5333E-01
  1.445E+03	  5.5392E-01
  1.435E+03	  5.5452E-01
  1.425E+03	  5.5511E-01
  1.415E+03	  5.5571E-01
  1.405E+03	  5.5630E-01
  1.395E+03	  5.5690E-01
  1.385E+03	  5.5750E-01
  1.375E+03	  5.5810E-01
  1.365E+03	  5.5870E-01
  1.355E+03	  5.5930E-01
  1.345E+03	  5.6001E-01
  1.335E+03	  5.6071E-01
  1.325E+03	  5.6142E-01
  1.315E+03	  5.6213E-01
  1.305E+03	  5.6284E-01
  1.295E+03	  5.6355E-01
  1.285E+03	  5.6427E-01
  1.275E+03	  5.6498E-01
  1.265E+03	  5.6546E-01
  1.255E+03	  5.6579E-01
  1.245E+03	  5.6612E-01
  1.235E+03	  5.6645E-01
  1.225E+03	  5.6678E-01
  1.215E+03	  5.6711E-01
  1.205E+03	  5.6744E-01
  1.195E+03	  5.6777E-01
  1.185E+03	  5.6811E-01
  1.175E+03	  5.6844E-01
  1.165E+03	  5.6876E-01
  1.155E+03	  5.6909E-01
  1.145E+03	  5.6942E-01
  1.135E+03	  5.6975E-01
  1.125E+03	  5.7009E-01
  1.115E+03	  5.7042E-01
  1.105E+03	  5.7075E-01
  1.095E+03	  5.7109E-01
  1.085E+03	  5.7161E-01
  1.075E+03	  5.7221E-01
  1.065E+03	  5.7282E-01
  1.055E+03	  5.7342E-01
  1.045E+03	  5.7414E-01
  1.035E+03	  5.7520E-01
  1.025E+03	  5.7626E-01
  1.015E+03	  5.7732E-01
  1.005E+03	  5.7838E-01
  9.950E+02	  5.7928E-01
  9.850E+02	  5.8015E-01
  9.750E+02	  5.8102E-01
  9.650E+02	  5.8189E-01
  9.550E+02	  5.8277E-01
  9.450E+02	  5.8364E-01
  9.350E+02	  5.8452E-01
  9.250E+02	  5.8540E-01
  9.150E+02	  5.8630E-01
  9.050E+02	  5.8727E-01
  8.950E+02	  5.8825E-01
  8.850E+02	  5.8923E-01
  8.750E+02	  5.9021E-01
  8.650E+02	  5.9120E-01
  8.550E+02	  5.9218E-01
  8.450E+02	  5.9317E-01
  8.350E+02	  5.9416E-01
  8.250E+02	  5.9586E-01
  8.150E+02	  5.9801E-01
  8.050E+02	  6.0040E-01
  8.000E+02	  6.9300E-01			  
  7.000E+02	  6.8500E-01			  
  6.000E+02	  6.8100E-01			  
  5.000E+02	  6.7700E-01			  
  4.500E+02	  6.7900E-01			  
  4.000E+02	  6.7200E-01			  
  3.500E+02	  6.8500E-01			  
  3.000E+02	  6.9600E-01			  
  2.500E+02	  7.3300E-01			  
  2.000E+02	  7.9100E-01			  
  1.600E+02	  8.6500E-01
  1.300E+02	  9.7400E-01
  1.000E+02	  1.1680E+00
  9.000E+01	  1.2640E+00
  8.000E+01	  1.3780E+00
  7.000E+01	  1.4990E+00
  6.000E+01	  1.6440E+00
  5.000E+01	  1.8050E+00
  4.000E+01	  2.0120E+00
  3.000E+01	  2.0490E+00
  2.500E+01	  2.0710E+00
  2.000E+01	  2.0410E+00
1.995E+01	1.9753E+00
1.985E+01	1.9692E+00
1.975E+01	1.9631E+00
1.965E+01	1.9576E+00
1.955E+01	1.9549E+00
1.945E+01	1.9527E+00
1.935E+01	1.9530E+00
1.925E+01	1.9548E+00
1.915E+01	1.9601E+00
1.905E+01	1.9744E+00
1.895E+01	1.9886E+00
1.885E+01	1.9990E+00
1.875E+01	2.0081E+00
1.865E+01	1.9859E+00
1.855E+01	1.9453E+00
1.845E+01	1.9264E+00
1.835E+01	1.9376E+00
1.825E+01	1.9499E+00
1.815E+01	1.9654E+00
1.805E+01	1.9744E+00
1.795E+01	1.9512E+00
1.785E+01	1.9258E+00
1.775E+01	1.9136E+00
1.765E+01	1.9059E+00
1.755E+01	1.9172E+00
1.745E+01	1.9323E+00
1.735E+01	1.9351E+00
1.725E+01	1.9341E+00
1.715E+01	1.9368E+00
1.705E+01	1.9400E+00
1.695E+01	1.9345E+00
1.685E+01	1.9292E+00
1.675E+01	1.9521E+00
1.665E+01	1.9701E+00
1.655E+01	1.9177E+00
1.645E+01	1.8693E+00
1.635E+01	1.8796E+00
1.625E+01	1.8927E+00
1.615E+01	1.8994E+00
1.605E+01	1.8994E+00
1.595E+01	1.8914E+00
1.585E+01	1.8580E+00
1.575E+01	1.8166E+00
1.565E+01	1.8057E+00
1.555E+01	1.8079E+00
1.545E+01	1.8280E+00
1.535E+01	1.8407E+00
1.525E+01	1.8424E+00
1.515E+01	1.8010E+00
1.505E+01	1.7733E+00
1.495E+01	1.8133E+00
1.485E+01	1.8076E+00
1.475E+01	1.7738E+00
1.465E+01	1.7653E+00
1.455E+01	1.7905E+00
1.445E+01	1.8447E+00
1.435E+01	1.8431E+00
1.425E+01	1.8303E+00
1.415E+01	1.8175E+00
1.405E+01	1.7869E+00
1.395E+01	1.8083E+00
1.385E+01	1.8705E+00
1.375E+01	1.8043E+00
1.365E+01	1.7795E+00
1.355E+01	1.8024E+00
1.345E+01	1.8392E+00
1.335E+01	1.8061E+00
1.325E+01	1.7935E+00
1.315E+01	1.8279E+00
1.305E+01	1.8618E+00
1.295E+01	1.8531E+00
1.285E+01	1.8497E+00
1.275E+01	1.8565E+00
1.265E+01	1.8370E+00
1.255E+01	1.7574E+00
1.245E+01	1.7908E+00
1.235E+01	1.8225E+00
1.225E+01	1.8156E+00
1.215E+01	1.8125E+00
1.205E+01	1.7844E+00
1.195E+01	1.7673E+00
1.185E+01	1.7541E+00
1.175E+01	1.7510E+00
1.165E+01	1.7670E+00
1.155E+01	1.7779E+00
1.145E+01	1.7654E+00
1.135E+01	1.7350E+00
1.125E+01	1.6918E+00
1.115E+01	1.6801E+00
1.105E+01	1.7360E+00
1.095E+01	1.7647E+00
1.085E+01	1.7655E+00
1.075E+01	1.7255E+00
1.065E+01	1.6742E+00
1.055E+01	1.6963E+00
1.045E+01	1.7088E+00
1.035E+01	1.7723E+00
1.025E+01	1.7644E+00
1.015E+01	1.7819E+00
1.005E+01	1.7603E+00
9.950E+00	1.7796E+00
9.850E+00	1.7545E+00
9.750E+00	1.7072E+00
9.650E+00	1.6686E+00
9.550E+00	1.7669E+00
9.450E+00	1.8236E+00
9.350E+00	1.7509E+00
9.250E+00	1.6188E+00
9.150E+00	1.6864E+00
9.050E+00	1.8762E+00
8.950E+00	1.8706E+00
8.850E+00	1.6847E+00
8.750E+00	1.5891E+00
8.650E+00	1.7691E+00
8.550E+00	1.7710E+00
8.450E+00	1.7817E+00
8.350E+00	1.7683E+00
8.250E+00	1.7428E+00
8.150E+00	1.6628E+00
8.050E+00	1.8065E+00
7.950E+00	1.9925E+00
7.850E+00	1.8609E+00
7.750E+00	1.8662E+00
7.650E+00	1.7936E+00
7.550E+00	1.7574E+00
7.450E+00	1.7934E+00
7.350E+00	1.8179E+00
7.250E+00	1.8031E+00
7.150E+00	1.4698E+00
7.050E+00	1.7704E+00
6.950E+00	1.5215E+00
6.850E+00	1.5766E+00
6.750E+00	1.7783E+00
6.650E+00	1.6110E+00
6.550E+00	1.3144E+00
6.450E+00	1.5144E+00
6.350E+00	1.6415E+00
6.250E+00	1.9000E+00
6.150E+00	1.3640E+00
6.050E+00	1.6656E+00
5.950E+00	1.4680E+00
5.850E+00	1.7943E+00
5.750E+00	1.9294E+00
5.650E+00	1.6157E+00
5.550E+00	1.5671E+00
5.450E+00	1.2768E+00
5.350E+00	1.3357E+00
5.250E+00	1.6049E+00
5.150E+00	1.8313E+00
5.050E+00	1.6116E+00
4.950E+00	1.5788E+00
4.850E+00	1.7174E+00
4.750E+00	2.0034E+00
4.650E+00	1.6725E+00
4.550E+00	1.4984E+00
4.450E+00	1.5088E+00
4.350E+00	1.4419E+00
4.250E+00	1.7821E+00
4.150E+00	1.1465E+00
4.050E+00	1.4307E+00
3.950E+00	1.4522E+00
3.850E+00	1.1867E+00
3.750E+00	1.2348E+00
3.650E+00	7.5058E-01
3.550E+00	1.2129E+00
3.450E+00	1.2585E+00
3.350E+00	1.2172E+00
3.250E+00	1.2811E+00
3.150E+00	1.4274E+00
3.050E+00	1.2777E+00
2.950E+00	1.0609E+00
2.850E+00	1.4372E+00
2.750E+00	1.1531E+00
2.650E+00	1.2380E+00
2.550E+00	1.3837E+00
2.450E+00	1.2672E+00
2.350E+00	1.1061E+00
2.250E+00	1.1262E+00
2.150E+00	1.1592E+00
2.050E+00	1.0222E+00
1.950E+00	1.3930E+00
1.850E+00	1.4111E+00
1.750E+00	8.3655E-01
1.650E+00	1.7657E+00
1.550E+00	1.1278E+00
1.450E+00	1.0791E+00
1.350E+00	9.4095E-01
1.250E+00	9.6796E-01
1.150E+00	6.5777E-01
1.050E+00	8.0200E-01
9.800E-01	1.1740E+00
9.400E-01	1.1716E+00
9.000E-01	9.4344E-01
8.600E-01	8.3178E-01
8.200E-01	1.4585E+00
7.800E-01	9.2089E-01
7.400E-01	6.7239E-01
7.050E-01	6.0191E-01
6.750E-01	5.7858E-01
6.450E-01	5.5358E-01
6.150E-01	5.4250E-01
5.875E-01	5.9975E-01
5.625E-01	1.2802E+00
5.375E-01	7.5543E-01
5.125E-01	5.9868E-01
4.875E-01	5.7404E-01
4.625E-01	5.5812E-01
4.375E-01	5.4507E-01
4.125E-01	5.4028E-01
3.900E-01	5.3199E-01
3.700E-01	5.0362E-01
3.500E-01	5.0972E-01
3.300E-01	5.1976E-01
3.100E-01	5.2369E-01
2.900E-01	5.3933E-01
2.750E-01	5.5473E-01
2.625E-01	5.7682E-01
2.475E-01	6.1723E-01
2.350E-01	6.7086E-01
2.250E-01	7.3342E-01
2.150E-01	8.2881E-01
2.050E-01	9.7104E-01
1.950E-01	1.1617E+00
1.850E-01	1.1958E+00
1.750E-01	6.9872E-01
1.650E-01	2.1731E-01
1.550E-01	4.8481E-02
1.463E-01	1.0895E-02
1.388E-01	1.1214E-02
1.313E-01	1.8265E-02
1.238E-01	2.6454E-02
1.175E-01	3.2966E-02
1.125E-01	3.7639E-02
1.075E-01	4.1623E-02
1.025E-01	4.5265E-02
9.800E-02	4.7902E-02
9.400E-02	4.9924E-02
9.000E-02	5.1885E-02
8.600E-02	5.3736E-02
8.200E-02	5.4940E-02
7.800E-02	5.6360E-02
7.400E-02	5.7970E-02
7.050E-02	5.9878E-02
6.750E-02	6.4546E-02
6.450E-02	6.7063E-02
6.150E-02	7.7933E-02
5.875E-02	1.1451E-01
5.625E-02	5.0777E-01
5.375E-02	1.4852E-02
5.125E-02	1.6261E-02
4.875E-02	2.2883E-02
4.625E-02	2.5977E-02
4.375E-02	2.7387E-02
4.125E-02	2.7920E-02
3.900E-02	3.2469E-02
3.700E-02	2.7433E-02
3.500E-02	2.6751E-02
3.300E-02	2.5989E-02
3.100E-02	2.5093E-02
2.900E-02	2.4001E-02
2.750E-02	2.3166E-02
2.625E-02	2.2446E-02
2.475E-02	2.1500E-02
2.350E-02	2.0690E-02
2.250E-02	1.9978E-02
2.150E-02	1.9259E-02
2.050E-02	1.8541E-02
1.950E-02	1.7822E-02
1.850E-02	1.7101E-02
1.750E-02	1.6336E-02
1.650E-02	1.5545E-02
1.550E-02	1.5568E-02
1.463E-02	1.4028E-02
1.388E-02	1.3397E-02
1.313E-02	1.2768E-02
1.238E-02	1.2128E-02
1.175E-02	1.1585E-02
1.125E-02	1.1146E-02
1.075E-02	1.0695E-02
1.025E-02	1.0244E-02
9.800E-03	9.8380E-03
9.400E-03	9.4766E-03
9.000E-03	9.1148E-03
8.600E-03	8.7453E-03
8.200E-03	8.3721E-03
7.800E-03	7.9979E-03
7.400E-03	7.6182E-03
7.050E-03	7.2853E-03
6.750E-03	6.9994E-03
6.450E-03	6.7101E-03
6.150E-03	6.4182E-03
5.875E-03	6.1508E-03
5.625E-03	5.9074E-03
5.375E-03	5.6622E-03
5.125E-03	5.4186E-03
4.875E-03	5.4916E-03
4.625E-03	4.9168E-03
4.375E-03	4.6661E-03
4.125E-03	4.4134E-03
3.900E-03	4.1862E-03
3.700E-03	3.9825E-03
3.500E-03	3.7777E-03
3.300E-03	3.5727E-03
3.100E-03	3.3661E-03
2.900E-03	3.1587E-03
2.750E-03	3.0042E-03
2.625E-03	2.8735E-03
2.475E-03	2.7170E-03
2.350E-03	2.5893E-03
2.250E-03	4.4046E-03
2.150E-03	2.3822E-03
2.050E-03	2.2692E-03
1.950E-03	2.1623E-03
1.850E-03	2.0558E-03
1.750E-03	1.9487E-03
1.650E-03	1.8416E-03
1.550E-03	1.7342E-03
1.463E-03	1.6400E-03
1.388E-03	1.5590E-03
1.313E-03	1.4780E-03
1.238E-03	1.3966E-03
1.175E-03	1.3289E-03
1.125E-03	1.2744E-03
1.075E-03	1.2198E-03
1.025E-03	1.1651E-03
9.800E-04	1.1159E-03
9.400E-04	1.0720E-03
9.000E-04	1.0280E-03
8.600E-04	9.8401E-04
8.200E-04	9.3986E-04
7.800E-04	8.9571E-04
7.400E-04	8.5149E-04
7.050E-04	8.1276E-04
6.750E-04	7.7948E-04
6.450E-04	7.4619E-04
6.150E-04	7.1284E-04
5.875E-04	6.8221E-04
5.625E-04	6.5432E-04
5.375E-04	6.2643E-04
5.125E-04	5.9855E-04
4.875E-04	5.7060E-04
4.625E-04	5.4258E-04
4.375E-04	5.1457E-04
4.125E-04	4.8649E-04
3.900E-04	4.6126E-04
3.700E-04	4.3878E-04
3.500E-04	4.1625E-04
3.300E-04	3.9373E-04
3.100E-04	3.7120E-04
2.900E-04	3.4863E-04
2.750E-04	3.3181E-04
2.625E-04	3.1766E-04
2.475E-04	3.0074E-04
2.350E-04	2.8669E-04
2.250E-04	2.7540E-04
2.150E-04	2.6142E-04
2.050E-04	2.4326E-04
1.950E-04	2.2505E-04
1.850E-04	1.9381E-04
1.750E-04	1.3154E-04
1.650E-04	6.7916E-05
1.550E-04	1.7137E-05
1.463E-04	1.3213E-05
1.388E-04	1.3573E-05
1.313E-04	1.3933E-05
1.238E-04	1.4319E-05
1.175E-04	1.4703E-05
1.125E-04	1.5017E-05
1.075E-04	1.5361E-05
1.025E-04	1.5750E-05
9.800E-05	1.6100E-05
9.400E-05	1.6421E-05
9.000E-05	1.6809E-05
8.600E-05	1.7210E-05
8.200E-05	1.7611E-05
7.800E-05	1.8033E-05
7.400E-05	1.8561E-05
7.050E-05	1.9036E-05
6.750E-05	1.9443E-05
6.450E-05	1.9850E-05
6.150E-05	2.0303E-05
5.875E-05	2.0789E-05
5.625E-05	2.1232E-05
5.375E-05	2.1718E-05
5.125E-05	2.2269E-05
4.875E-05	2.2820E-05
4.625E-05	2.3419E-05
4.375E-05	2.4124E-05
4.125E-05	2.4833E-05
3.900E-05	2.5500E-05
3.700E-05	2.6248E-05
3.500E-05	2.7016E-05
3.300E-05	2.7783E-05
3.100E-05	2.8601E-05
2.900E-05	2.9590E-05
2.750E-05	3.0346E-05
2.625E-05	3.1104E-05
2.475E-05	3.2039E-05
2.350E-05	3.2836E-05
2.250E-05	3.3613E-05
2.150E-05	3.4416E-05
2.050E-05	3.5218E-05
1.950E-05	3.6065E-05
1.850E-05	3.7123E-05
1.750E-05	3.8208E-05
1.650E-05	3.9293E-05
1.550E-05	4.0450E-05
1.463E-05	4.1667E-05
1.388E-05	4.2739E-05
1.313E-05	4.3991E-05
1.238E-05	4.5313E-05
1.175E-05	4.6442E-05
1.125E-05	4.7543E-05
1.075E-05	4.8677E-05
1.025E-05	4.9811E-05
9.800E-06	5.0866E-05
9.400E-06	5.2049E-05
9.000E-06	5.3273E-05
8.600E-06	5.4498E-05
8.200E-06	5.5723E-05
7.800E-06	5.7015E-05
7.400E-06	5.8584E-05
7.050E-06	5.9980E-05
6.750E-06	6.1290E-05
6.450E-06	6.2781E-05
6.150E-06	6.4273E-05
5.875E-06	6.5691E-05
5.625E-06	6.7254E-05
5.375E-06	6.8853E-05
5.125E-06	7.0453E-05
4.875E-06	7.2166E-05
4.625E-06	7.4284E-05
4.375E-06	7.6440E-05
4.125E-06	7.8596E-05
3.900E-06	8.0648E-05
3.700E-06	8.2866E-05
3.500E-06	8.5128E-05
3.300E-06	8.7761E-05
3.100E-06	9.0561E-05
2.900E-06	9.3605E-05
2.750E-06	9.6269E-05
2.625E-06	9.8525E-05
2.475E-06	1.0132E-04
2.350E-06	1.0419E-04
2.250E-06	1.0661E-04
2.150E-06	1.0902E-04
2.050E-06	1.1145E-04
1.950E-06	1.1409E-04
1.850E-06	1.1721E-04
1.750E-06	1.2040E-04
1.650E-06	1.2415E-04
1.550E-06	1.2807E-04
1.463E-06	1.3181E-04
1.388E-06	1.3557E-04
1.313E-06	1.3935E-04
1.238E-06	1.4336E-04
1.175E-06	1.4745E-04
1.125E-06	1.5081E-04
1.075E-06	1.5417E-04
1.025E-06	1.5752E-04
9.800E-07	1.6098E-04
9.400E-07	1.6446E-04
9.000E-07	1.6794E-04
8.600E-07	1.7184E-04
8.200E-07	1.7617E-04
7.800E-07	1.8051E-04
7.400E-07	1.8524E-04
7.050E-07	1.8981E-04
6.750E-07	1.9406E-04
6.450E-07	1.9847E-04
6.150E-07	2.0341E-04
5.875E-07	2.0817E-04
5.625E-07	2.1276E-04
5.375E-07	2.1760E-04
5.125E-07	2.2260E-04
4.875E-07	2.2838E-04
4.625E-07	2.3427E-04
4.375E-07	2.4103E-04
4.125E-07	2.4835E-04
3.900E-07	2.5511E-04
3.700E-07	2.6198E-04
3.500E-07	2.6945E-04
3.300E-07	2.7752E-04
3.100E-07	2.8649E-04
2.900E-07	2.9621E-04
2.750E-07	3.0393E-04
2.625E-07	3.1112E-04
2.475E-07	3.2037E-04
2.350E-07	3.2861E-04
2.250E-07	3.3617E-04
2.150E-07	3.4375E-04
2.050E-07	3.5180E-04
1.950E-07	3.6074E-04
1.850E-07	3.7052E-04
1.750E-07	3.8097E-04
1.650E-07	3.9236E-04
1.550E-07	4.0492E-04
1.463E-07	4.1659E-04
1.388E-07	4.2786E-04
1.313E-07	4.3966E-04
1.238E-07	4.5312E-04
1.175E-07	4.6458E-04
1.125E-07	4.7529E-04
1.075E-07	4.8640E-04
1.025E-07	4.9761E-04
9.800E-08	5.0900E-04
9.400E-08	5.1965E-04
9.000E-08	5.3130E-04
8.600E-08	5.4341E-04
8.200E-08	5.5673E-04
7.800E-08	5.7067E-04
7.400E-08	5.8607E-04
7.050E-08	6.0007E-04
6.750E-08	6.1364E-04
6.450E-08	6.2734E-04
6.150E-08	6.4278E-04
5.875E-08	6.5781E-04
5.625E-08	6.7162E-04
5.375E-08	6.8706E-04
5.125E-08	7.0363E-04
4.875E-08	7.2150E-04
4.625E-08	7.4100E-04
4.375E-08	7.6186E-04
4.125E-08	7.8470E-04
3.900E-08	8.0726E-04
3.700E-08	8.2850E-04
3.500E-08	8.5231E-04
3.300E-08	8.7731E-04
3.100E-08	9.0579E-04
2.900E-08	9.3592E-04
2.750E-08	9.6192E-04
2.625E-08	9.8413E-04
2.475E-08	1.0131E-03
2.350E-08	1.0404E-03
2.250E-08	1.0622E-03
2.150E-08	1.0865E-03
2.050E-08	1.1125E-03
1.950E-08	1.1410E-03
1.850E-08	1.1715E-03
1.750E-08	1.2044E-03
1.650E-08	1.2409E-03
1.550E-08	1.2802E-03
1.463E-08	1.3181E-03
1.388E-08	1.3535E-03
1.313E-08	1.3918E-03
1.238E-08	1.4333E-03
1.175E-08	1.4719E-03
1.125E-08	1.5029E-03
1.075E-08	1.5371E-03
1.025E-08	1.5739E-03
9.800E-09	1.6100E-03
9.400E-09	1.6436E-03
9.000E-09	1.6802E-03
8.600E-09	1.7184E-03
8.200E-09	1.7604E-03
7.800E-09	1.8046E-03
7.400E-09	1.8534E-03
7.050E-09	1.8981E-03
6.750E-09	1.9413E-03
6.450E-09	1.9848E-03
6.150E-09	2.0335E-03
5.875E-09	2.0816E-03
5.625E-09	2.1254E-03
5.375E-09	2.1738E-03
5.125E-09	2.2260E-03
4.875E-09	2.2826E-03
4.625E-09	2.3438E-03
4.375E-09	2.4095E-03
4.125E-09	2.4822E-03
3.900E-09	2.5524E-03
3.700E-09	2.6212E-03
3.500E-09	2.6946E-03
3.300E-09	2.7761E-03
3.100E-09	2.8637E-03
2.900E-09	2.9619E-03
2.750E-09	3.0385E-03
2.625E-09	3.1101E-03
2.475E-09	3.2034E-03
2.350E-09	3.2870E-03
2.250E-09	3.3600E-03
2.150E-09	3.4367E-03
2.050E-09	3.5202E-03
1.950E-09	3.6090E-03
1.850E-09	3.7061E-03
1.750E-09	3.8101E-03
1.650E-09	3.9250E-03
1.550E-09	4.0495E-03
1.463E-09	4.1710E-03
1.388E-09	4.2777E-03
1.313E-09	4.3980E-03
1.238E-09	4.5300E-03
1.175E-09	4.6488E-03
1.125E-09	4.7515E-03
1.075E-09	4.8607E-03
1.025E-09	4.9783E-03
9.800E-10	5.0911E-03
9.400E-10	5.2003E-03
9.000E-10	5.3118E-03
8.600E-10	5.4379E-03
8.200E-10	5.5668E-03
7.800E-10	5.7089E-03
7.400E-10	5.8641E-03
7.050E-10	6.0016E-03
6.750E-10	6.1337E-03
6.450E-10	6.2738E-03
6.150E-10	6.4253E-03
5.875E-10	6.5749E-03
5.625E-10	6.7184E-03
5.375E-10	6.8746E-03
5.125E-10	7.0388E-03
4.875E-10	7.2194E-03
4.625E-10	7.4098E-03
4.375E-10	7.6221E-03
4.125E-10	7.8467E-03
3.900E-10	8.0748E-03
3.700E-10	8.2897E-03
3.500E-10	8.5156E-03
3.300E-10	8.7696E-03
3.100E-10	9.0483E-03
2.900E-10	9.3560E-03
2.750E-10	9.6091E-03
2.625E-10	9.8341E-03
2.475E-10	1.0131E-02
2.350E-10	1.0393E-02
2.250E-10	1.0627E-02
2.150E-10	1.0871E-02
2.050E-10	1.1129E-02
1.950E-10	1.1420E-02
1.850E-10	1.1716E-02
1.750E-10	1.2058E-02
1.650E-10	1.2416E-02
1.550E-10	1.2797E-02
1.463E-10	1.3173E-02
1.388E-10	1.3529E-02
1.313E-10	1.3908E-02
1.238E-10	1.4324E-02
1.175E-10	1.4705E-02
1.125E-10	1.5029E-02
1.075E-10	1.5369E-02
1.025E-10	1.5751E-02
