16.0  3.0  50.0  2.0
16.0  3.0  50.0  2.0
16.0  3.0  50.0  2.0
16.0  3.0  50.0  2.0
16.0  3.0  50.0  2.0
16.0  3.0  50.0  2.0
16.0  3.0  50.0  2.0
16.0  3.0  50.0  2.0
21.0  4.3  50.0  2.0
16.0  3.0  50.0  2.0
16.0  3.0  50.0  2.0
16.0  3.0  50.0  2.0
16.0  3.0  50.0  2.0
16.0  3.0  50.0  2.0
16.0  3.0  50.0  2.0
57.0  8.1  50.0  2.0
16.0  3.0  50.0  2.0
60.0  6.6  50.0  2.0
16.0  3.0  50.0  2.0
16.0  3.0  50.0  2.0
16.0  3.0  50.0  2.0
16.0  3.0  50.0  2.0
16.0  3.0  50.0  2.0
16.0  3.0  50.0  2.0
16.0  3.0  50.0  2.0
16.0  3.0  50.0  2.0
16.0  3.0  50.0  2.0
16.0  3.0  50.0  2.0
16.0  3.0  50.0  2.0
16.0  3.0  50.0  2.0
16.0  3.0  50.0  2.0
88.0  8.8  66.6  7.7
