 51.071366 0.500726 4.755651 -16.096746 1.150000 
 51.147958 1.351532 -16.095580 44.664087 1.150000 
 51.078692 -1.153300 11.401397 -16.037070 1.150000 
 50.853480 4.043011 -14.196036 23.395125 1.150000 
 50.964424 6.118755 -32.604258 40.232632 1.150000 
 51.047534 -7.733296 61.142337 -112.757438 1.150000 
 50.776470 3.902755 -20.387455 38.838393 1.150000 
 50.719067 2.518558 -5.615703 14.326501 1.150000 
 50.569167 2.210040 2.938569 -7.524731 1.150000 
 50.577944 -1.832236 55.387029 -143.181028 1.150000 
 50.583152 5.534077 -7.594942 -14.608678 1.150000 
 13.366368 1.914133 -9.220752 8.683778 1.350000 
 13.348277 1.890769 -11.797517 22.885784 1.350000 
 13.256425 3.943642 -21.776240 39.957750 1.350000 
 13.193542 4.585481 -16.121761 21.272144 1.350000 
 13.171106 3.423012 -5.775934 1.205572 1.350000 
 13.041609 5.203089 -8.661727 -1.818570 1.350000 
 13.043540 4.311942 1.343072 -19.794371 1.350000 
 12.915669 7.636354 -18.302510 17.049235 1.350000 
 12.837464 10.860256 -40.337417 58.663394 1.350000 
 12.827723 7.530944 -8.871283 -0.024099 1.350000 
 12.688611 7.512632 12.267552 -63.742478 1.350000 
 10.930653 0.242382 3.574971 -14.416659 1.550000 
 10.971694 -0.324632 2.171801 -1.901654 1.550000 
 10.783659 1.276691 -1.519199 6.053115 1.550000 
 10.825303 -0.411037 18.175580 -42.567498 1.550000 
 10.590731 7.404931 -34.675837 60.168309 1.550000 
 10.535995 5.253304 -4.596216 -18.705432 1.550000 
 10.496749 7.471216 -26.146103 39.693438 1.550000 
 10.452606 7.514418 -22.624264 32.451014 1.550000 
 10.309921 8.579354 -16.649546 7.419797 1.550000 
 10.331502 7.606429 -6.408252 -12.769518 1.550000 
 10.187483 11.539375 -33.683283 42.449991 1.550000 
 10.031553 -1.444000 13.399358 -30.808513 1.750000 
 9.931551 1.445384 -6.398741 13.259895 1.750000 
 9.899707 0.797433 1.467343 -5.025062 1.750000 
 9.736942 5.087308 -22.492562 35.153244 1.750000 
 9.692204 4.697290 -9.542472 5.297192 1.750000 
 9.685881 4.921401 -14.588365 20.453346 1.750000 
 9.444407 8.507283 -17.998332 9.680432 1.750000 
 9.451173 5.582297 8.399389 -47.537066 1.750000 
 9.294027 11.254370 -36.283729 45.588197 1.750000 
 9.333623 7.996630 -5.725574 -11.184235 1.750000 
 9.184515 9.086479 -0.225198 -34.129657 1.750000 
 9.574358 0.419220 -6.092986 14.373765 1.950000 
 9.471817 0.816967 -2.713599 5.840449 1.950000 
 9.399946 2.758872 -12.304896 23.212143 1.950000 
 9.286883 4.082913 -9.482153 6.469142 1.950000 
 9.227015 4.685340 -6.160638 -6.273583 1.950000 
 9.066513 7.107065 -19.934361 21.772085 1.950000 
 9.059834 3.999832 7.702835 -28.820203 1.950000 
 8.978247 7.980339 -17.490859 13.822345 1.950000 
 8.864532 7.764748 1.816610 -41.525147 1.950000 
 8.786288 9.606223 -12.937581 -4.604635 1.950000 
 8.714728 11.537279 -25.556415 21.022841 1.950000 
 9.313505 -1.379558 8.053876 -13.887542 2.150000 
 9.247902 -1.466048 17.082682 -34.151699 2.150000 
 8.959410 6.139467 -30.186147 50.392505 2.150000 
 9.000180 3.514487 -6.514786 -0.021960 2.150000 
 8.888426 4.981044 -9.655771 6.889945 2.150000 
 8.847536 5.402962 -10.209806 6.952675 2.150000 
 8.767530 5.905000 -4.253061 -12.388481 2.150000 
 8.649773 7.511849 -6.934291 -10.513831 2.150000 
 8.554293 8.187728 -5.172786 -18.627501 2.150000 
 8.521067 7.923078 2.641080 -33.924674 2.150000 
 8.452843 9.054373 0.599331 -34.988731 2.150000 
 9.073393 -1.803182 16.246661 -32.293282 2.350000 
 9.028958 0.879845 -1.474899 0.113541 2.350000 
 8.938800 1.573744 1.712898 -7.682773 2.350000 
 8.836805 2.424411 -0.513293 -5.899727 2.350000 
 8.726887 3.769436 0.232231 -17.353794 2.350000 
 8.687940 3.304253 13.074644 -45.357495 2.350000 
 8.560884 5.746721 -2.547219 -12.451124 2.350000 
 8.498662 7.750282 -12.093167 0.567854 2.350000 
 8.447101 7.936774 -10.994342 4.584025 2.350000 
 8.394767 8.012219 -0.607419 -24.516162 2.350000 
 8.254745 9.379853 -2.433460 -26.085574 2.350000 
 8.962471 -0.148129 0.661714 -0.777422 2.550000 
 8.847884 1.385519 -2.325737 -1.685635 2.550000 
 8.752697 2.180954 1.636342 -12.420505 2.550000 
 8.671783 3.547490 -4.653040 -5.049274 2.550000 
 8.633711 4.541011 -7.027514 -1.767475 2.550000 
 8.469951 5.910744 -12.332604 11.782833 2.550000 
 8.427824 6.187175 0.891406 -29.745972 2.550000 
 8.326194 9.103898 -22.350969 21.980476 2.550000 
 8.182115 10.708947 -18.235291 -0.467512 2.550000 
 8.136376 11.088148 -17.284447 2.743131 2.550000 
 8.096455 10.305427 -8.826327 -14.898285 2.550000 
 8.855240 0.211172 -3.591073 14.722673 2.750000 
 8.831168 -0.681698 10.891871 -22.576809 2.750000 
 8.606988 3.598325 -8.492700 4.027918 2.750000 
 8.582712 3.860972 -7.448728 3.802025 2.750000 
 8.506888 4.805198 -10.259971 11.949738 2.750000 
 8.394353 6.752719 -13.964077 6.319531 2.750000 
 8.334962 7.764564 -11.963058 -6.225031 2.750000 
 8.218762 10.405638 -23.483752 12.862568 2.750000 
 8.141945 9.600045 -16.691771 10.049085 2.750000 
 8.124027 7.555466 9.940233 -52.392368 2.750000 
 7.954723 12.112667 -17.930529 -2.597805 2.750000 
 8.863797 -0.851843 3.025273 -3.553820 2.950000 
 8.770901 -0.014123 6.495980 -14.215751 2.950000 
 8.628361 1.441338 4.490549 -15.995897 2.950000 
 8.458058 5.093378 -13.591345 12.144763 2.950000 
 8.420264 5.230895 -8.406277 -0.765960 2.950000 
 8.356001 4.998860 -1.276650 -12.689923 2.950000 
 8.296017 4.383968 12.184119 -43.970728 2.950000 
 8.157550 9.943642 -22.977486 15.611256 2.950000 
 8.155335 8.625421 -8.218442 -12.464018 2.950000 
 7.958745 10.515076 -16.297848 8.521640 2.950000 
 7.912628 10.653600 -9.440217 -10.736096 2.950000 
 8.762447 -0.419625 3.061032 -4.555385 3.150000 
 8.702134 -0.017641 3.996763 -7.876508 3.150000 
 8.584705 0.810582 12.106988 -33.908525 3.150000 
 8.495635 3.216690 -5.509756 8.416839 3.150000 
 8.385953 4.672001 -7.013671 1.190021 3.150000 
 8.250615 6.859001 -14.736453 9.098803 3.150000 
 8.138054 8.455356 -20.277327 20.999880 3.150000 
 8.120182 6.281085 3.807213 -29.337586 3.150000 
 8.028457 9.862431 -19.816338 16.439792 3.150000 
 7.936077 10.379460 -14.883614 3.994880 3.150000 
 7.838847 11.651212 -12.945378 -9.587707 3.150000 
 8.725771 -0.344509 2.744369 -8.565090 3.350000 
 8.547726 2.718340 -8.038580 6.538361 3.350000 
 8.557851 2.177228 -3.833016 2.211556 3.350000 
 8.384329 6.366559 -25.557774 37.450668 3.350000 
 8.380699 5.066697 -11.595879 9.549170 3.350000 
 8.220040 4.791430 2.594706 -25.817088 3.350000 
 8.162332 7.377678 -16.658719 19.195503 3.350000 
 8.053313 7.940809 -4.274240 -19.983188 3.350000 
 7.950716 9.371978 -1.745282 -36.657595 3.350000 
 7.856364 11.857469 -22.902493 13.897508 3.350000 
 7.775472 13.170010 -23.766249 12.631419 3.350000 
 8.688447 1.298192 -15.581848 38.034663 3.550000 
 8.619332 1.062954 -2.165564 5.684901 3.550000 
 8.503933 2.428407 -6.950977 8.524296 3.550000 
 8.373105 3.511516 -6.619400 7.905302 3.550000 
 8.271111 5.514787 -6.932243 -8.348017 3.550000 
 8.220075 6.218541 -10.788423 6.046426 3.550000 
 8.073226 9.424598 -31.302480 47.827323 3.550000 
 8.019072 7.559691 -1.703535 -23.045488 3.550000 
 7.887562 10.255147 -12.573211 -10.672784 3.550000 
 7.885630 8.012674 12.360664 -59.669136 3.550000 
 7.775394 12.374355 -23.594262 18.647558 3.550000 
 8.618860 0.933694 -0.966726 -2.980461 3.750000 
 8.521020 3.813759 -19.987568 33.821773 3.750000 
 8.491727 2.118375 -2.191111 -0.950211 3.750000 
 8.335525 6.838242 -31.703821 55.039757 3.750000 
 8.249727 5.156320 -7.904831 2.619654 3.750000 
 8.202266 5.666978 -5.186493 -4.808969 3.750000 
 7.988894 11.091726 -39.290033 55.918012 3.750000 
 8.008463 7.144335 -0.770345 -16.975508 3.750000 
 7.885216 10.318551 -25.274886 34.474187 3.750000 
 7.753834 12.515901 -25.693902 14.984125 3.750000 
 7.760316 9.918040 -1.675019 -23.961055 3.750000 
 8.652190 1.302346 -10.848219 21.120944 3.950000 
 8.545661 1.417219 -1.372931 -1.702925 3.950000 
 8.432658 3.600404 -11.598207 13.398839 3.950000 
 8.282253 5.968505 -19.771581 25.375260 3.950000 
 8.305691 4.324222 -2.411031 -10.573347 3.950000 
 8.142687 6.095223 -5.295607 -12.383114 3.950000 
 8.111324 6.919529 -9.153422 -3.212902 3.950000 
 8.025348 5.978076 11.484848 -49.803041 3.950000 
 7.847289 11.071075 -21.688450 14.878504 3.950000 
 7.865308 6.540305 23.644780 -81.597572 3.950000 
 7.668353 14.699458 -38.245871 46.239942 3.950000 
 8.642143 -0.503925 0.459715 4.971487 4.150000 
 8.487753 1.929798 -0.255768 -13.912719 4.150000 
 8.366097 3.643981 -6.997918 0.917374 4.150000 
 8.335427 3.928124 -8.036104 5.121818 4.150000 
 8.228630 4.881258 -7.928682 3.475274 4.150000 
 8.128729 5.655035 -2.997210 -16.308624 4.150000 
 8.004005 9.712152 -26.553882 28.724379 4.150000 
 7.934577 9.215991 -17.636702 12.180835 4.150000 
 7.857720 9.717572 -15.100683 7.915341 4.150000 
 7.757991 10.475303 -10.656910 -10.241949 4.150000 
 7.655946 13.420095 -18.985359 -4.997935 4.150000 
 8.639870 0.199519 -4.528327 11.717333 4.350000 
 8.444678 2.832983 -11.652627 18.813121 4.350000 
 8.399494 3.456566 -10.043872 9.624414 4.350000 
 8.343503 1.761850 11.333951 -33.192872 4.350000 
 8.232168 4.726251 -4.696397 -5.362792 4.350000 
 8.076811 9.299620 -37.145202 58.992079 4.350000 
 8.038609 5.420359 9.968550 -51.023288 4.350000 
 7.938136 9.032098 -21.621465 28.029284 4.350000 
 7.837489 8.963903 -8.531852 -6.635045 4.350000 
 7.761945 11.184507 -17.502664 6.779359 4.350000 
 7.627141 13.509135 -29.040206 28.911875 4.350000 
 8.587048 0.916017 -7.069961 13.355879 4.550000 
 8.520750 -0.262118 11.757155 -30.419610 4.550000 
 8.383905 2.197211 0.058870 -9.379483 4.550000 
 8.274008 6.403844 -29.493015 51.724248 4.550000 
 8.202382 5.079688 -7.094403 -2.361765 4.550000 
 8.068827 6.874230 -13.654344 9.305652 4.550000 
 8.026399 5.822096 2.875172 -27.005047 4.550000 
 7.924628 9.535250 -18.035272 9.397231 4.550000 
 7.804517 9.400437 -8.316831 -12.059011 4.550000 
 7.702752 10.731984 -9.419527 -16.042857 4.550000 
 7.630712 12.226090 -18.926445 9.108995 4.550000 
 8.535794 2.049679 -13.842901 24.658518 4.750000 
 8.470343 0.749890 3.385496 -10.750112 4.750000 
 8.386199 3.252879 -7.351239 4.486625 4.750000 
 8.323383 4.096011 -14.418432 23.311449 4.750000 
 8.193457 4.912983 -7.605540 3.019099 4.750000 
 8.049350 8.319113 -23.055488 24.322438 4.750000 
 8.028001 6.219049 2.739809 -31.707201 4.750000 
 7.882985 8.381949 -10.094528 0.699659 4.750000 
 7.745444 11.453246 -22.752479 17.723555 4.750000 
 7.673500 12.478176 -24.097672 18.580814 4.750000 
 7.612306 11.656838 -14.757888 3.337889 4.750000 
 8.562263 0.520026 -1.294577 -1.335661 4.950000 
 8.501244 0.865881 -3.312745 7.534800 4.950000 
 8.406033 2.243848 -4.583366 9.260345 4.950000 
 8.236741 4.185952 -5.200781 -4.420507 4.950000 
 8.225432 3.800620 4.379493 -26.476462 4.950000 
 8.063508 6.451383 -13.094895 12.195669 4.950000 
 7.973904 10.340331 -30.316065 33.611721 4.950000 
 7.824278 10.699335 -17.149365 -3.511990 4.950000 
 7.745487 12.588918 -29.576555 27.353212 4.950000 
 7.663070 11.345943 -13.069070 -8.879806 4.950000 
 7.647618 12.692131 -24.530929 24.334950 4.950000 
 8.579873 2.051225 -20.107428 45.748908 5.150000 
 8.495203 1.641865 -8.808979 17.529331 5.150000 
 8.351605 3.753778 -12.444927 15.663221 5.150000 
 8.282410 4.778716 -13.727925 17.013051 5.150000 
 8.178389 6.475277 -17.647322 18.959093 5.150000 
 8.057471 7.606569 -21.135348 26.974152 5.150000 
 8.006658 5.748032 5.675109 -33.602759 5.150000 
 7.887672 9.263953 -15.296972 7.756496 5.150000 
 7.822438 8.621673 -1.990238 -22.892500 5.150000 
 7.711880 9.980401 -9.202959 -6.971236 5.150000 
 7.626644 10.258095 4.633148 -49.274587 5.150000 
 8.631375 -1.544174 11.545654 -22.900239 5.350000 
 8.418182 1.683079 -3.635138 7.391825 5.350000 
 8.364819 4.552871 -22.867772 41.319354 5.350000 
 8.235420 5.330053 -16.747348 19.175779 5.350000 
 8.192047 4.456571 -3.491282 -7.101746 5.350000 
 8.015781 7.817152 -14.198995 0.451061 5.350000 
 8.003763 5.258082 4.095124 -23.396351 5.350000 
 7.868821 7.324397 1.557003 -25.617396 5.350000 
 7.810977 10.120280 -16.069056 4.206210 5.350000 
 7.623325 11.121550 -8.805693 -22.370597 5.350000 
 7.584269 12.516103 -13.760069 -11.282627 5.350000 
 8.547306 -0.767073 8.374996 -18.043077 5.550000 
 8.498537 2.549555 -15.213530 29.378568 5.550000 
 8.339149 2.947517 -7.094163 7.941830 5.550000 
 8.272360 4.237631 -10.600758 13.303128 5.550000 
 8.168369 6.342949 -19.180670 22.613491 5.550000 
 8.014867 8.382512 -23.224705 24.787387 5.550000 
 7.981125 7.682093 -11.563859 1.224028 5.550000 
 7.817027 12.312947 -45.176113 72.253540 5.550000 
 7.726029 11.978460 -25.866752 23.739764 5.550000 
 7.688862 12.117742 -24.167920 20.693730 5.550000 
 7.545382 12.677453 -15.363961 -4.909604 5.550000 
 8.542820 0.527212 -5.041036 11.407102 5.750000 
 8.413270 1.687417 -5.171441 10.912226 5.750000 
 8.349564 2.478018 -7.704624 12.139254 5.750000 
 8.250198 3.524228 -7.176829 8.135008 5.750000 
 8.080416 8.557605 -32.156093 46.229031 5.750000 
 8.022007 8.446085 -27.087111 36.175769 5.750000 
 7.928826 7.426451 -7.549004 -6.844175 5.750000 
 7.837950 10.245519 -25.199957 28.077679 5.750000 
 7.723262 10.740601 -14.727368 -3.524351 5.750000 
 7.667433 10.819360 -9.948290 -9.556519 5.750000 
 7.579644 12.719402 -20.354628 10.611855 5.750000 
 8.582271 -0.949507 7.821206 -15.881128 5.950000 
 8.437336 -0.338258 17.092607 -45.504285 5.950000 
 8.325144 3.445850 -9.107798 8.969576 5.950000 
 8.221178 4.016195 -5.022105 -2.147442 5.950000 
 8.112832 7.030498 -25.303636 37.397062 5.950000 
 8.019651 7.726761 -18.190813 16.690999 5.950000 
 7.955543 8.641129 -19.929396 18.466443 5.950000 
 7.843829 8.852487 -14.095712 4.917091 5.950000 
 7.781099 8.626064 3.490447 -44.176347 5.950000 
 7.632948 12.127414 -17.642639 -1.964604 5.950000 
 7.576889 11.722019 -5.493832 -27.556190 5.950000 
 8.517296 1.524430 -9.668111 13.658590 6.150000 
 8.450599 0.633067 3.611143 -11.232925 6.150000 
 8.353793 2.385452 -2.609393 -2.204991 6.150000 
 8.282937 1.912124 9.845965 -32.301473 6.150000 
 8.157873 4.489119 -6.570174 4.358446 6.150000 
 8.047524 6.688593 -10.985089 2.496102 6.150000 
 7.909518 8.353787 -16.109690 11.745695 6.150000 
 7.817965 10.445414 -26.489806 32.439728 6.150000 
 7.742896 10.240686 -16.229585 8.030856 6.150000 
 7.625277 11.987931 -18.865435 5.565498 6.150000 
 7.587001 11.683454 -10.201712 -13.159340 6.150000 
 8.596415 -1.572949 12.918070 -26.894687 6.350000 
 8.463143 0.580103 8.756444 -28.882020 6.350000 
 8.364030 2.460984 -7.248017 13.474267 6.350000 
 8.261875 3.839898 -4.254182 -5.877917 6.350000 
 8.134855 5.916279 -10.638798 3.117284 6.350000 
 7.995041 7.859437 -18.341107 13.856292 6.350000 
 7.907354 8.447688 -16.676479 12.962976 6.350000 
 7.799033 9.257103 -9.715245 -13.539712 6.350000 
 7.713019 9.418074 -4.281051 -22.573262 6.350000 
 7.637460 10.844583 -8.145944 -16.817136 6.350000 
 7.584387 11.809922 -11.331718 -8.969516 6.350000 
 8.550102 0.994877 -10.492329 23.468553 6.550000 
 8.412781 2.005397 -4.707331 2.720213 6.550000 
 8.369927 0.998192 7.323607 -23.445855 6.550000 
 8.189106 5.203233 -19.680344 31.555458 6.550000 
 8.161384 3.892303 1.685535 -16.993444 6.550000 
 7.993567 7.716430 -16.627382 13.537818 6.550000 
 7.900430 8.227516 -12.028414 1.062162 6.550000 
 7.897633 7.720735 -6.106877 -10.462270 6.550000 
 7.703884 10.200556 -12.068993 -4.625469 6.550000 
 7.591526 13.249214 -30.277028 29.235017 6.550000 
 7.581193 10.401050 4.082087 -45.608946 6.550000 
 8.496370 0.640161 -0.076216 -5.430206 6.750000 
 8.424923 -0.087899 10.676995 -26.831978 6.750000 
 8.373164 1.788579 -2.436616 3.074575 6.750000 
 8.257039 2.536393 0.725990 -4.249782 6.750000 
 8.140042 5.450330 -12.656384 11.655275 6.750000 
 8.008067 6.036228 -6.521821 -4.698506 6.750000 
 7.850067 9.724916 -19.327438 5.584239 6.750000 
 7.803265 8.042679 -1.500261 -22.944233 6.750000 
 7.786758 7.657313 6.014864 -35.306644 6.750000 
 7.714470 10.216499 -8.536971 -15.332465 6.750000 
 7.531094 11.460207 -9.622710 -11.919862 6.750000 
 8.542158 0.137434 0.237655 -5.131434 6.950000 
 8.388122 1.628180 1.022439 -11.135522 6.950000 
 8.309122 3.883376 -14.038394 21.120482 6.950000 
 8.208563 3.541738 -1.757854 -9.667414 6.950000 
 8.074527 5.908718 -6.503484 -10.411420 6.950000 
 7.972289 8.572822 -24.854646 30.464191 6.950000 
 7.862592 10.087056 -30.834129 42.072083 6.950000 
 7.802999 9.417297 -15.954860 6.684596 6.950000 
 7.662219 10.790773 -13.369731 -10.235111 6.950000 
 7.653239 10.622097 -11.813766 -2.655275 6.950000 
 7.530259 12.496462 -17.126510 3.891036 6.950000 
