 19.301670 -4.290726 35.608557 -74.292731 1.150000 
 18.460660 -7.491625 85.728582 -170.340245 1.150000 
 16.274149 -11.165757 183.106067 -371.824858 1.150000 
 11.380752 25.637510 87.933381 -285.507221 1.150000 
 3.186741 147.134311 -517.869386 668.950866 1.150000 
 6.116617 -5.520283 591.201668 -1425.926128 1.150000 
 8.891234 -112.267066 1309.761247 -2737.478537 1.150000 
 10.891076 -177.680663 1716.966303 -3440.596206 1.150000 
 12.329410 -217.912538 1937.906960 -3789.368151 1.150000 
 13.200516 -241.526001 2059.653403 -3970.761881 1.150000 
 14.032283 -261.170200 2145.213591 -4080.085797 1.150000 
 15.762854 -1.376140 7.421212 -13.873099 1.350000 
 16.049684 -5.420293 16.089472 -19.356266 1.350000 
 16.392665 -10.553327 17.653758 8.731515 1.350000 
 16.882030 -22.662394 79.619591 -101.817038 1.350000 
 17.124168 -27.875789 85.033787 -89.298433 1.350000 
 17.459041 -40.017535 154.470510 -215.371435 1.350000 
 17.579739 -47.628548 180.557540 -235.311359 1.350000 
 17.775740 -56.128575 223.191868 -315.902274 1.350000 
 17.873848 -66.604718 276.470849 -395.767013 1.350000 
 17.851657 -77.044021 337.614499 -499.588982 1.350000 
 17.594419 -81.059018 360.827931 -543.635570 1.350000 
 13.066933 1.256993 -14.210760 36.518384 1.550000 
 13.613308 -7.229528 11.417275 9.832885 1.550000 
 14.040567 -13.879960 36.007925 -37.489724 1.550000 
 14.491815 -24.876185 82.123812 -100.742082 1.550000 
 14.954679 -30.105744 78.657943 -69.466772 1.550000 
 15.307401 -38.956061 112.538216 -116.721594 1.550000 
 15.641593 -46.551730 135.929852 -145.232571 1.550000 
 16.142219 -60.560558 203.611589 -251.058375 1.550000 
 16.341653 -69.011956 237.912597 -301.032106 1.550000 
 16.692310 -81.942012 304.989646 -412.907842 1.550000 
 16.797586 -84.535249 291.964567 -367.287595 1.550000 
 11.444123 -2.231048 16.654693 -32.957640 1.750000 
 11.915631 -6.710694 9.942541 3.075825 1.750000 
 12.455260 -16.549742 45.802824 -49.210706 1.750000 
 12.975497 -26.212541 77.715669 -86.268741 1.750000 
 13.473212 -33.076999 86.600962 -78.981574 1.750000 
 13.822175 -41.586920 115.157065 -112.812310 1.750000 
 14.310200 -51.339073 156.027061 -180.791467 1.750000 
 14.652336 -59.622828 177.322012 -192.379497 1.750000 
 15.126442 -70.982302 221.607986 -254.418960 1.750000 
 15.526249 -81.789196 268.925975 -326.873778 1.750000 
 15.696965 -87.740912 283.596046 -336.081388 1.750000 
 10.127513 0.083805 1.107147 -5.395668 1.950000 
 10.695831 -8.201149 17.202163 -7.922266 1.950000 
 11.150270 -14.503493 31.938232 -22.818605 1.950000 
 11.803869 -26.257118 76.779667 -88.462890 1.950000 
 12.247405 -33.487441 88.831082 -85.753205 1.950000 
 12.766251 -43.969272 125.425185 -129.430054 1.950000 
 13.223203 -53.487056 161.880771 -182.902635 1.950000 
 13.630946 -60.270694 169.253394 -169.245272 1.950000 
 14.154461 -72.731098 222.549294 -249.207161 1.950000 
 14.464778 -79.729877 243.291516 -273.668074 1.950000 
 14.897516 -90.124408 280.245254 -317.186491 1.950000 
 9.237539 -0.184654 -2.680380 10.751457 2.150000 
 9.831258 -8.649410 19.496912 -9.336559 2.150000 
 10.344069 -15.583296 33.228574 -19.865262 2.150000 
 10.906798 -25.804245 72.910630 -80.605009 2.150000 
 11.481387 -35.613931 102.386387 -111.496692 2.150000 
 11.914257 -42.358036 109.318106 -99.549138 2.150000 
 12.492624 -54.055784 156.475173 -167.075618 2.150000 
 12.936054 -62.879276 181.935868 -191.368082 2.150000 
 13.402152 -72.378039 213.301746 -229.545522 2.150000 
 13.739837 -80.776635 242.243053 -264.341515 2.150000 
 14.182942 -91.057026 279.493031 -310.435607 2.150000 
 8.580153 -0.595635 5.727834 -11.270250 2.350000 
 9.121867 -8.257756 23.035959 -23.245942 2.350000 
 9.702597 -16.466957 35.541528 -17.610757 2.350000 
 10.290804 -26.993428 73.114638 -70.442035 2.350000 
 10.849038 -35.141014 91.442419 -83.493525 2.350000 
 11.271216 -41.912633 105.886616 -93.044474 2.350000 
 11.912106 -54.467585 154.962394 -161.203190 2.350000 
 12.292362 -61.911143 175.104296 -180.918847 2.350000 
 12.807740 -74.133597 224.279393 -247.550981 2.350000 
 13.218411 -81.515194 241.703125 -260.162049 2.350000 
 13.631292 -91.578306 279.438576 -308.198233 2.350000 
 8.088770 -1.914657 15.887867 -33.618624 2.550000 
 8.608435 -7.264171 11.704165 -1.605120 2.550000 
 9.265432 -18.170233 52.389173 -59.716643 2.550000 
 9.728132 -23.456720 48.424049 -27.538207 2.550000 
 10.358779 -35.092346 92.569609 -89.168820 2.550000 
 10.874973 -44.666782 123.452186 -125.461281 2.550000 
 11.394808 -54.296122 150.164340 -147.611887 2.550000 
 11.914370 -65.043339 191.648776 -206.147218 2.550000 
 12.450050 -74.454941 219.046725 -232.076678 2.550000 
 12.803420 -82.716706 248.440345 -272.178273 2.550000 
 13.296691 -94.034322 290.386355 -321.929983 2.550000 
 7.606054 1.208092 -7.406872 11.759479 2.750000 
 8.195607 -7.210650 13.468363 -5.542636 2.750000 
 8.783514 -17.024953 42.584145 -36.821099 2.750000 
 9.339560 -24.769765 60.119090 -51.265472 2.750000 
 9.871209 -33.626275 84.991915 -75.051358 2.750000 
 10.477815 -43.860733 117.374486 -115.092819 2.750000 
 11.055325 -54.453017 151.677866 -153.831080 2.750000 
 11.502208 -63.518967 181.366144 -187.298006 2.750000 
 12.010930 -73.599406 215.070833 -226.794269 2.750000 
 12.465885 -82.929372 246.015078 -262.014118 2.750000 
 12.926638 -94.215261 291.814391 -324.546390 2.750000 
 7.265113 -0.046252 5.011858 -13.463802 2.950000 
 7.899848 -8.508295 19.236976 -13.018810 2.950000 
 8.509334 -17.955836 49.203917 -51.346767 2.950000 
 9.016414 -24.685445 58.828723 -47.183158 2.950000 
 9.635290 -35.742798 93.629144 -84.929891 2.950000 
 10.167679 -45.612698 128.921353 -133.672467 2.950000 
 10.642179 -52.856765 142.922113 -137.663969 2.950000 
 11.195273 -63.321386 178.690642 -181.931514 2.950000 
 11.755593 -75.344332 226.184737 -245.344303 2.950000 
 12.129788 -82.629606 246.596727 -265.041278 2.950000 
 12.653301 -93.505255 284.871972 -310.174976 2.950000 
 7.072900 -1.726586 12.389872 -22.903958 3.150000 
 7.626487 -8.703881 22.038918 -18.526929 3.150000 
 8.167029 -15.298702 28.568586 -7.929886 3.150000 
 8.776024 -25.254434 63.322207 -56.392124 3.150000 
 9.369308 -35.524882 95.531747 -92.837604 3.150000 
 9.901994 -45.262846 124.213170 -120.716335 3.150000 
 10.374234 -53.042116 146.308129 -146.142647 3.150000 
 10.956682 -64.263486 186.399109 -197.156801 3.150000 
 11.430490 -72.445407 206.959263 -210.699909 3.150000 
 11.970095 -83.102252 245.010249 -257.670064 3.150000 
 12.406007 -92.973884 282.096117 -305.133460 3.150000 
 6.803876 1.530510 -15.309376 36.096250 3.350000 
 7.426749 -7.763227 14.701564 -6.013007 3.350000 
 8.077510 -18.324049 47.864421 -44.600443 3.350000 
 8.586603 -24.877819 56.305083 -38.750811 3.350000 
 9.124763 -34.706498 91.120746 -87.301744 3.350000 
 9.720077 -43.810163 112.438179 -100.427520 3.350000 
 10.188758 -53.524102 149.137305 -151.296471 3.350000 
 10.800100 -64.706423 185.091039 -188.804190 3.350000 
 11.264061 -73.620594 214.742506 -225.720491 3.350000 
 11.795140 -84.731514 256.336508 -277.716468 3.350000 
 12.218328 -93.443573 285.327697 -310.450583 3.350000 
 6.680239 -0.572614 2.020687 -1.628090 3.550000 
 7.239202 -8.115022 16.719859 -8.692610 3.550000 
 7.772228 -15.977205 33.867311 -19.125998 3.550000 
 8.398896 -25.637576 64.089871 -58.148927 3.550000 
 8.908325 -35.045718 95.776368 -97.579291 3.550000 
 9.559601 -45.192970 123.734281 -121.405559 3.550000 
 10.064389 -54.188788 149.675604 -147.515163 3.550000 
 10.577501 -63.682640 178.853616 -177.550084 3.550000 
 11.204636 -75.597509 224.623882 -239.406044 3.550000 
 11.605233 -84.724046 257.683417 -280.748500 3.550000 
 12.082594 -93.576799 284.443302 -306.260435 3.550000 
 6.510760 -0.943053 4.866106 -5.809608 3.750000 
 7.032210 -6.965929 8.965907 4.769744 3.750000 
 7.692137 -18.893543 56.197148 -64.503539 3.750000 
 8.230926 -25.564216 62.387634 -51.309925 3.750000 
 8.811104 -34.950132 91.635450 -86.721920 3.750000 
 9.373738 -44.227265 118.000398 -112.545460 3.750000 
 9.918774 -53.870673 149.197025 -148.884879 3.750000 
 10.450587 -63.503257 177.246133 -174.444025 3.750000 
 10.969568 -74.382842 220.055052 -233.959313 3.750000 
 11.448192 -83.576844 250.137587 -267.249242 3.750000 
 11.928680 -93.512510 285.432135 -309.051660 3.750000 
 6.368423 -0.166277 2.993585 -9.599968 3.950000 
 6.985459 -8.963048 21.432229 -15.097611 3.950000 
 7.554968 -17.280570 43.112720 -39.085680 3.950000 
 8.075849 -25.199644 61.712222 -51.315953 3.950000 
 8.689710 -35.028367 90.410585 -80.947627 3.950000 
 9.178304 -44.138475 121.137607 -120.891567 3.950000 
 9.841078 -55.432027 158.064267 -163.569747 3.950000 
 10.339212 -64.171318 182.661509 -185.036649 3.950000 
 10.842490 -73.488335 212.705274 -219.083931 3.950000 
 11.349984 -84.195566 252.371733 -267.983626 3.950000 
 11.773353 -92.751554 280.819645 -300.005627 3.950000 
 6.267728 -1.386055 12.361019 -24.546174 4.150000 
 6.827346 -8.286794 18.042573 -9.428718 4.150000 
 7.435075 -16.953949 42.284290 -36.942857 4.150000 
 8.053116 -27.245867 72.863777 -69.437582 4.150000 
 8.571304 -34.616532 89.276187 -82.038432 4.150000 
 9.120484 -44.202465 117.854739 -111.294449 4.150000 
 9.679954 -54.610127 154.082649 -156.557013 4.150000 
 10.281745 -64.757441 184.891029 -187.468658 4.150000 
 10.747107 -74.038630 215.869640 -223.522089 4.150000 
 11.232157 -83.965602 253.065178 -272.316448 4.150000 
 11.748362 -94.426192 290.233130 -314.761213 4.150000 
 6.166587 -0.751140 9.378915 -23.338246 4.350000 
 6.790569 -8.886680 22.743675 -22.367965 4.350000 
 7.267730 -16.434646 42.455986 -40.961361 4.350000 
 7.893337 -25.351477 58.395569 -38.910950 4.350000 
 8.443595 -35.761976 100.848527 -106.362348 4.350000 
 9.079750 -45.231441 123.195837 -119.636392 4.350000 
 9.665267 -55.292365 154.946907 -155.133900 4.350000 
 10.117142 -64.151045 184.832811 -191.054689 4.350000 
 10.701629 -75.059011 221.432572 -231.531883 4.350000 
 11.189287 -84.407072 254.267223 -272.417217 4.350000 
 11.530683 -91.975318 277.999136 -295.732408 4.350000 
 6.081183 -0.361039 5.296306 -13.968572 4.550000 
 6.669957 -7.724237 12.511258 1.014218 4.550000 
 7.255176 -17.244349 43.817659 -39.852887 4.550000 
 7.870510 -26.584252 68.115497 -60.971221 4.550000 
 8.425473 -35.933613 97.800938 -94.623635 4.550000 
 9.030122 -46.598358 133.746351 -140.474922 4.550000 
 9.531030 -54.997067 156.236668 -160.330249 4.550000 
 10.063286 -63.922554 180.326895 -179.672457 4.550000 
 10.536565 -73.460282 214.449550 -222.528371 4.550000 
 11.066171 -83.642399 250.292378 -265.456890 4.550000 
 11.519172 -93.341198 285.093484 -305.854310 4.550000 
 6.020560 -1.289279 11.281439 -23.984018 4.750000 
 6.548904 -7.443354 14.682125 -8.072074 4.750000 
 7.150262 -16.537418 41.533949 -40.992945 4.750000 
 7.742887 -25.752850 64.568162 -55.463906 4.750000 
 8.368297 -35.845614 94.396568 -87.750258 4.750000 
 8.856994 -43.425308 114.821560 -109.376495 4.750000 
 9.449818 -53.950733 150.186707 -150.959981 4.750000 
 10.046535 -65.313103 191.448474 -202.906791 4.750000 
 10.464219 -74.141597 220.538168 -235.165712 4.750000 
 11.010341 -84.205896 254.596191 -273.148106 4.750000 
 11.475876 -92.918811 282.183498 -301.271911 4.750000 
 5.953270 0.041198 -0.697944 1.773036 4.950000 
 6.493262 -6.574826 5.273845 14.351597 4.950000 
 7.093255 -16.480048 39.044186 -33.011189 4.950000 
 7.697529 -26.087766 66.773895 -60.481060 4.950000 
 8.279119 -34.863684 90.439325 -83.470321 4.950000 
 8.800426 -44.176126 118.051176 -110.054254 4.950000 
 9.391984 -54.243523 149.235122 -145.075650 4.950000 
 9.848561 -62.831666 177.270452 -178.078812 4.950000 
 10.561695 -76.203699 229.687228 -248.191138 4.950000 
 11.029427 -85.319904 259.204063 -278.812865 4.950000 
 11.439236 -94.301962 291.241345 -316.184183 4.950000 
 5.882838 -0.646906 5.100008 -9.617767 5.150000 
 6.488313 -8.902347 23.253703 -22.143072 5.150000 
 7.048878 -16.607687 39.006595 -29.957989 5.150000 
 7.610120 -26.030747 69.525390 -69.643293 5.150000 
 8.207582 -34.867227 87.092903 -71.457854 5.150000 
 8.768589 -43.619037 112.973698 -101.221346 5.150000 
 9.310925 -54.550272 153.878127 -154.881385 5.150000 
 9.922169 -65.002860 188.105779 -193.774433 5.150000 
 10.427350 -74.837461 222.408214 -235.826001 5.150000 
 10.934512 -85.207563 260.288676 -281.498591 5.150000 
 11.366344 -93.446802 285.724275 -306.363533 5.150000 
 5.846541 -0.985402 4.991680 -6.160294 5.350000 
 6.372400 -7.925577 20.535869 -21.979038 5.350000 
 7.042956 -17.384664 40.665263 -28.398787 5.350000 
 7.548470 -25.216429 62.620701 -54.209461 5.350000 
 8.167421 -35.570921 94.313629 -88.457604 5.350000 
 8.729367 -45.085011 124.105638 -121.733713 5.350000 
 9.301897 -54.155535 148.816796 -144.355752 5.350000 
 9.848539 -64.607508 187.576886 -196.114764 5.350000 
 10.297230 -72.950677 212.094466 -219.259043 5.350000 
 10.875883 -84.771950 258.168695 -278.467923 5.350000 
 11.376139 -95.209835 296.974389 -325.364290 5.350000 
 5.758919 1.324955 -11.142409 23.115571 5.550000 
 6.370526 -8.286882 19.503372 -16.982572 5.550000 
 6.980289 -18.927465 58.106675 -69.442788 5.550000 
 7.506249 -25.103084 59.075590 -44.474801 5.550000 
 8.154301 -35.986129 96.681779 -92.373947 5.550000 
 8.678455 -44.952976 124.230596 -123.697537 5.550000 
 9.215162 -54.263105 151.336857 -149.262983 5.550000 
 9.760639 -63.839984 182.185435 -184.779243 5.550000 
 10.210332 -72.280083 209.475753 -215.838061 5.550000 
 10.837201 -84.222254 253.862974 -270.498849 5.550000 
 11.322124 -94.485225 292.137707 -316.617510 5.550000 
 5.725124 0.131315 -3.405070 11.078456 5.750000 
 6.326735 -7.882729 15.452620 -6.720519 5.750000 
 6.865098 -15.534153 30.536389 -12.943474 5.750000 
 7.489146 -26.332447 70.387820 -68.639262 5.750000 
 8.087512 -35.078801 90.688649 -80.788430 5.750000 
 8.650402 -44.819341 120.977968 -115.191321 5.750000 
 9.166118 -53.425464 146.471857 -142.631632 5.750000 
 9.678979 -63.010806 178.245098 -178.920569 5.750000 
 10.293744 -74.690887 221.180567 -232.290208 5.750000 
 10.823759 -84.663541 256.419523 -274.819602 5.750000 
 11.235145 -93.712714 288.537469 -310.896918 5.750000 
 5.698490 -0.546158 6.153960 -13.393995 5.950000 
 6.228496 -6.967963 14.667151 -12.709680 5.950000 
 6.898053 -17.482438 47.748397 -51.210212 5.950000 
 7.467719 -25.052297 59.044607 -46.869614 5.950000 
 8.029666 -34.957726 89.910390 -79.730856 5.950000 
 8.641760 -45.527123 125.823609 -123.779183 5.950000 
 9.169415 -54.165015 150.123770 -148.081344 5.950000 
 9.695852 -64.492662 188.011551 -196.911643 5.950000 
 10.256759 -74.447479 219.671347 -229.412102 5.950000 
 10.760877 -84.564648 256.615196 -275.021576 5.950000 
 11.209859 -93.519762 286.622192 -306.794694 5.950000 
 5.668823 -0.308445 0.910043 -0.542539 6.150000 
 6.280007 -8.727589 22.551375 -21.487537 6.150000 
 6.824749 -15.824617 32.795145 -18.825388 6.150000 
 7.395494 -24.674128 57.552763 -44.951569 6.150000 
 8.006805 -35.399417 95.845357 -95.234996 6.150000 
 8.554531 -44.466974 120.900884 -116.986075 6.150000 
 9.129204 -54.270013 151.879100 -151.702213 6.150000 
 9.705375 -65.102467 190.641683 -200.522864 6.150000 
 10.235653 -74.258986 218.656051 -229.132354 6.150000 
 10.713674 -84.350349 255.493215 -272.837293 6.150000 
 11.179254 -93.616599 288.032698 -309.913680 6.150000 
 5.642787 -0.604120 5.142181 -10.454114 6.350000 
 6.203911 -7.311712 11.901027 -0.038952 6.350000 
 6.804663 -16.012725 33.821994 -19.552287 6.350000 
 7.408231 -25.814556 65.327985 -58.619254 6.350000 
 7.990261 -35.678390 96.373426 -93.651271 6.350000 
 8.528525 -44.228435 117.905388 -109.724208 6.350000 
 9.086063 -53.607580 146.592778 -140.941643 6.350000 
 9.686595 -64.492963 185.035380 -189.006324 6.350000 
 10.133976 -73.297415 214.035355 -221.051335 6.350000 
 10.693665 -84.005785 252.921680 -267.942151 6.350000 
 11.124759 -93.705711 289.422523 -312.266488 6.350000 
 5.623060 -0.435950 0.455447 2.728902 6.550000 
 6.228915 -8.913280 22.191400 -19.302234 6.550000 
 6.803715 -17.605716 45.999017 -43.792603 6.550000 
 7.334323 -24.923758 60.563228 -51.300511 6.550000 
 7.944395 -35.384476 94.518132 -90.696885 6.550000 
 8.517477 -44.668393 120.742701 -115.201326 6.550000 
 9.082256 -54.197266 150.704770 -148.923976 6.550000 
 9.617181 -64.323884 186.865087 -194.615118 6.550000 
 10.156145 -74.101321 217.756979 -226.339309 6.550000 
 10.688631 -84.343630 255.396269 -273.165278 6.550000 
 11.182436 -94.117042 289.238184 -309.961940 6.550000 
 5.568521 0.117766 0.011588 0.925045 6.750000 
 6.163511 -7.839371 17.059388 -10.927443 6.750000 
 6.782252 -17.095469 42.535945 -37.658145 6.750000 
 7.335500 -25.084162 57.561035 -38.871807 6.750000 
 7.903493 -34.431374 87.536484 -77.432788 6.750000 
 8.499863 -45.629843 128.310440 -129.180441 6.750000 
 9.051524 -54.451042 152.383188 -151.199576 6.750000 
 9.620828 -64.696099 187.768284 -194.323113 6.750000 
 10.144899 -73.644428 214.229222 -219.931931 6.750000 
 10.607301 -83.746061 253.223465 -270.457688 6.750000 
 11.092198 -93.411299 286.906446 -307.213942 6.750000 
 5.561107 -0.099361 0.322892 0.526608 6.950000 
 6.169126 -9.152381 26.920312 -31.093039 6.950000 
 6.727927 -16.348001 38.236600 -29.999956 6.950000 
 7.342271 -25.775859 62.508715 -49.980084 6.950000 
 7.878181 -33.931104 85.360978 -75.212160 6.950000 
 8.455256 -44.569105 121.891768 -119.339456 6.950000 
 9.039255 -54.957668 156.051849 -157.398471 6.950000 
 9.578951 -64.512096 187.635262 -194.779917 6.950000 
 10.095295 -74.212921 220.605794 -233.699457 6.950000 
 10.646648 -84.897307 259.398911 -280.016945 6.950000 
 11.115257 -94.560610 294.020222 -319.195114 6.950000 
