 2.355972 -0.273307 2.504103 -5.335582 1.150000 
 2.320059 -3.249756 23.893650 -42.344906 1.150000 
 2.006932 -8.987705 79.302226 -151.142527 1.150000 
 0.962890 -0.985403 61.193891 -141.929807 1.150000 
 -0.031358 8.423675 31.571980 -112.792889 1.150000 
 0.096388 -5.164956 137.849384 -319.941502 1.150000 
 0.301404 -14.521933 202.304839 -438.508299 1.150000 
 0.352117 -17.006651 218.103109 -466.239196 1.150000 
 0.707313 -26.347986 271.509020 -553.661646 1.150000 
 0.924122 -31.485529 299.562072 -598.582693 1.150000 
 0.760137 -27.898863 280.750599 -571.953925 1.150000 
 10.575354 -1.384631 8.160566 -12.436193 1.350000 
 10.744439 -4.674661 21.070438 -32.183350 1.350000 
 10.907367 -7.297822 21.836481 -20.273848 1.350000 
 11.073212 -12.709775 48.131906 -61.985202 1.350000 
 11.268576 -21.125955 95.911578 -144.666677 1.350000 
 11.344553 -27.575732 130.718382 -200.316190 1.350000 
 11.388144 -34.657012 171.235112 -266.759099 1.350000 
 11.390195 -43.900731 235.319470 -386.310682 1.350000 
 11.310032 -51.180520 281.487944 -466.189274 1.350000 
 11.081076 -55.421654 314.231875 -529.296072 1.350000 
 10.754528 -61.421502 365.344142 -631.346180 1.350000 
 11.640883 -1.013367 9.337107 -19.435132 1.550000 
 12.026599 -6.825846 27.040782 -41.072153 1.550000 
 12.253153 -9.445328 21.955619 -16.746421 1.550000 
 12.610691 -17.597497 57.387793 -70.092031 1.550000 
 12.920635 -25.595990 86.629164 -104.185538 1.550000 
 13.241745 -35.198116 135.661868 -188.460805 1.550000 
 13.404008 -40.731622 152.320073 -202.668256 1.550000 
 13.546597 -48.925513 196.388351 -278.015493 1.550000 
 13.684537 -57.694551 238.755791 -340.487196 1.550000 
 13.760438 -65.289906 278.626916 -407.896894 1.550000 
 13.801279 -73.344153 321.222959 -479.046208 1.550000 
 11.667755 -0.755306 5.404631 -10.132822 1.750000 
 12.118755 -6.719873 15.820590 -10.088567 1.750000 
 12.489541 -13.219279 36.166812 -37.750804 1.750000 
 12.914186 -20.982503 59.134846 -59.353621 1.750000 
 13.302277 -29.690996 93.799198 -110.845743 1.750000 
 13.750180 -39.687789 132.095800 -161.107383 1.750000 
 13.968010 -45.365345 147.279919 -176.649707 1.750000 
 14.300050 -55.223030 189.362203 -237.428745 1.750000 
 14.472685 -63.455526 228.479337 -300.085149 1.750000 
 14.745098 -73.617766 275.406628 -375.382026 1.750000 
 14.830609 -80.673548 304.065904 -415.174236 1.750000 
 11.375470 -0.471459 4.851941 -12.356766 1.950000 
 11.841833 -6.671280 17.368605 -18.949094 1.950000 
 12.389257 -15.296707 40.246536 -39.050367 1.950000 
 12.785772 -21.104770 45.729022 -27.625851 1.950000 
 13.319878 -32.612698 93.976435 -101.061622 1.950000 
 13.719679 -41.749708 128.769125 -150.479994 1.950000 
 14.110883 -50.281614 154.452650 -175.075609 1.950000 
 14.499562 -61.081516 199.886984 -242.241756 1.950000 
 14.818808 -70.756187 238.455820 -297.433929 1.950000 
 15.111308 -78.093568 260.099772 -321.564664 1.950000 
 15.322845 -87.960871 304.632203 -390.001590 1.950000 
 11.008598 0.787138 -6.512565 11.757098 2.150000 
 11.597177 -9.287416 32.286884 -46.034992 2.150000 
 12.113559 -15.584732 34.041893 -22.914672 2.150000 
 12.628896 -26.027844 75.614294 -85.710626 2.150000 
 13.128249 -34.418364 95.610447 -97.187484 2.150000 
 13.604947 -43.178947 120.201275 -124.473321 2.150000 
 14.019736 -52.850852 153.726951 -164.239146 2.150000 
 14.452773 -62.889601 187.876831 -205.329176 2.150000 
 14.820246 -71.621842 217.976167 -247.332688 2.150000 
 15.252059 -83.966703 270.998805 -325.909807 2.150000 
 15.483891 -92.131591 299.178986 -362.200519 2.150000 
 10.675386 -0.102502 0.064552 2.400553 2.350000 
 11.313478 -9.467663 25.708149 -26.037576 2.350000 
 11.807839 -16.051976 33.814777 -20.364164 2.350000 
 12.405960 -26.424970 68.287536 -62.870828 2.350000 
 13.004494 -37.648150 107.119992 -114.273990 2.350000 
 13.468929 -46.548550 129.091372 -128.800389 2.350000 
 13.966854 -56.942894 165.297777 -176.966447 2.350000 
 14.388471 -65.640452 190.440882 -204.559164 2.350000 
 14.889467 -77.270241 235.630223 -268.640795 2.350000 
 15.208536 -87.023158 270.303683 -312.718646 2.350000 
 15.565462 -95.971878 299.076067 -347.468625 2.350000 
 10.352783 -0.125827 3.980037 -10.474557 2.550000 
 10.997600 -8.594070 15.963610 -2.738506 2.550000 
 11.593191 -17.825315 43.717409 -38.326409 2.550000 
 12.189015 -28.539987 79.150846 -84.185167 2.550000 
 12.770997 -37.572443 96.302288 -86.758760 2.550000 
 13.288356 -47.492540 126.471192 -119.760647 2.550000 
 13.806049 -57.700164 161.196169 -167.495794 2.550000 
 14.316773 -69.044441 200.724139 -216.570107 2.550000 
 14.848068 -80.023756 236.892830 -259.746584 2.550000 
 15.166520 -88.768640 265.993863 -297.408785 2.550000 
 15.504456 -97.815082 293.022744 -324.750897 2.550000 
 10.089193 0.444682 -2.089669 2.138881 2.750000 
 10.734414 -7.963063 11.481424 3.193153 2.750000 
 11.383535 -18.692170 44.312913 -34.297925 2.750000 
 12.015384 -29.003880 75.071724 -70.799044 2.750000 
 12.565359 -38.230645 97.710928 -89.634134 2.750000 
 13.145733 -48.693571 130.059286 -127.308091 2.750000 
 13.646437 -58.208544 155.046049 -149.191064 2.750000 
 14.201648 -69.817340 195.371488 -201.355546 2.750000 
 14.627856 -79.782394 226.612335 -237.488616 2.750000 
 15.116478 -91.833780 272.113788 -297.745853 2.750000 
 15.533671 -101.616415 304.145327 -337.180718 2.750000 
 9.832360 1.720356 -12.698055 24.984755 2.950000 
 10.538582 -8.843468 17.866677 -11.210263 2.950000 
 11.169930 -18.133185 37.730389 -20.828116 2.950000 
 11.841922 -30.559078 83.248952 -85.018023 2.950000 
 12.464466 -40.140643 105.572860 -101.593152 2.950000 
 13.012357 -49.629474 129.202014 -122.169827 2.950000 
 13.535400 -60.455804 164.873554 -165.783718 2.950000 
 14.131513 -72.564685 207.402754 -220.242693 2.950000 
 14.591725 -82.108872 232.164957 -239.980611 2.950000 
 15.068925 -92.991244 269.671418 -288.661191 2.950000 
 15.476054 -102.218664 294.217800 -308.789478 2.950000 
 9.674167 -0.225036 2.079553 -5.797847 3.150000 
 10.356280 -8.807877 17.090399 -9.660579 3.150000 
 11.035052 -19.251513 43.587426 -32.261185 3.150000 
 11.661519 -29.771316 73.699312 -63.962744 3.150000 
 12.269662 -39.404405 97.137086 -84.080421 3.150000 
 12.853907 -50.089604 128.532095 -117.224746 3.150000 
 13.443922 -61.772585 168.135940 -168.595101 3.150000 
 14.055819 -73.693582 205.508515 -209.443313 3.150000 
 14.495391 -83.435726 234.120542 -239.898518 3.150000 
 14.958431 -93.536633 266.626726 -279.601062 3.150000 
 15.425684 -104.546729 302.685918 -320.236533 3.150000 
 9.518952 -0.023784 -1.716473 6.665267 3.350000 
 10.195332 -10.658508 31.653054 -37.116803 3.350000 
 10.873609 -20.512960 53.628238 -52.590757 3.350000 
 11.527230 -30.471953 75.400145 -63.475192 3.350000 
 12.083915 -39.387295 97.198648 -85.193132 3.350000 
 12.754105 -51.070695 131.876133 -122.163413 3.350000 
 13.371112 -62.502646 165.615304 -157.403520 3.350000 
 13.929761 -72.969584 196.154947 -191.044471 3.350000 
 14.416593 -83.618304 229.259744 -227.657774 3.350000 
 14.941124 -95.468697 272.101750 -284.537367 3.350000 
 15.396331 -106.083072 305.506398 -320.500965 3.350000 
 9.348551 -0.113516 4.985506 -16.451454 3.550000 
 10.018792 -9.495425 20.095348 -11.109529 3.550000 
 10.738535 -19.569693 42.225051 -25.983445 3.550000 
 11.446578 -32.325989 89.473849 -93.556487 3.550000 
 12.050924 -41.358789 104.787568 -93.897770 3.550000 
 12.688188 -52.268527 136.841976 -129.937802 3.550000 
 13.285477 -64.444489 178.255635 -181.058304 3.550000 
 13.873428 -74.967733 206.704156 -208.506871 3.550000 
 14.402568 -85.715408 238.750726 -242.881404 3.550000 
 14.902441 -97.078044 276.481503 -286.784209 3.550000 
 15.379740 -107.649914 308.623621 -320.229915 3.550000 
 9.285075 -1.235211 5.594087 -7.329228 3.750000 
 9.956746 -10.684428 27.847021 -26.539044 3.750000 
 10.609081 -20.421265 50.956003 -46.022366 3.750000 
 11.316653 -31.506025 79.131240 -70.474139 3.750000 
 11.944648 -41.602098 105.912582 -97.269420 3.750000 
 12.647135 -53.686517 141.459202 -134.480936 3.750000 
 13.180605 -63.857972 168.749516 -160.061000 3.750000 
 13.764255 -75.213648 203.529913 -197.466869 3.750000 
 14.305552 -85.751299 235.149586 -233.871679 3.750000 
 14.886924 -98.271047 277.362909 -282.895741 3.750000 
 15.301739 -108.186990 308.570487 -318.051720 3.750000 
 9.117501 0.207647 -0.023165 -2.503803 3.950000 
 9.812454 -8.729668 12.174631 3.317205 3.950000 
 10.528621 -19.983307 45.128817 -33.210381 3.950000 
 11.174674 -30.630015 72.457388 -57.190241 3.950000 
 11.863219 -42.009924 107.513997 -100.472811 3.950000 
 12.548626 -53.544791 138.846975 -129.989911 3.950000 
 13.140231 -64.864616 172.439628 -164.271163 3.950000 
 13.750868 -76.824956 213.373044 -217.825557 3.950000 
 14.307046 -87.394830 241.588483 -242.498315 3.950000 
 14.811420 -98.925506 280.646266 -289.179304 3.950000 
 15.211595 -107.799177 302.918792 -305.827835 3.950000 
 9.036464 -0.566934 1.581505 -0.310245 4.150000 
 9.750659 -10.620333 26.195338 -23.673808 4.150000 
 10.389588 -19.051164 37.752610 -18.324875 4.150000 
 11.156036 -31.877685 80.146219 -73.117366 4.150000 
 11.847777 -43.609836 115.037250 -110.907358 4.150000 
 12.501854 -55.216939 149.475126 -148.038659 4.150000 
 13.047772 -65.012169 173.540060 -167.529460 4.150000 
 13.695311 -77.791187 215.926318 -218.736046 4.150000 
 14.248000 -88.330037 245.646185 -247.939456 4.150000 
 14.749341 -98.949777 277.442966 -281.076906 4.150000 
 15.254550 -109.828973 311.057581 -315.974390 4.150000 
 8.925275 -0.345990 2.282060 -4.524556 4.350000 
 9.677601 -10.399830 23.891171 -19.099419 4.350000 
 10.351644 -21.333826 54.892176 -51.644354 4.350000 
 11.030015 -30.375658 68.152692 -47.603917 4.350000 
 11.736852 -43.203659 111.813972 -103.577108 4.350000 
 12.410610 -54.949434 146.450051 -141.520825 4.350000 
 13.069047 -65.940900 174.887494 -167.589912 4.350000 
 13.663051 -77.476787 210.181575 -205.513075 4.350000 
 14.206080 -88.816326 246.255191 -247.253600 4.350000 
 14.715486 -98.722323 272.658794 -270.861614 4.350000 
 15.206546 -109.638706 307.169485 -307.822954 4.350000 
 8.837769 0.569602 -5.456447 12.886052 4.550000 
 9.614223 -10.557268 24.403432 -19.290022 4.550000 
 10.311085 -20.635831 47.536104 -37.384823 4.550000 
 10.996399 -31.726503 76.775769 -64.175801 4.550000 
 11.677335 -42.661026 105.882783 -91.546387 4.550000 
 12.366033 -55.281280 147.763216 -144.231350 4.550000 
 12.936780 -65.272289 172.514468 -165.833542 4.550000 
 13.569271 -77.068297 208.263875 -204.339130 4.550000 
 14.176877 -89.529602 248.360065 -248.471585 4.550000 
 14.669146 -98.632743 268.355202 -259.167389 4.550000 
 15.233815 -112.161485 320.305297 -327.629573 4.550000 
 8.773206 0.099318 -0.148324 0.070061 4.750000 
 9.520121 -10.197319 24.069128 -19.908530 4.750000 
 10.241286 -20.606254 46.718805 -34.236651 4.750000 
 10.978526 -33.081811 83.585700 -73.044514 4.750000 
 11.652955 -43.357784 108.176854 -94.397131 4.750000 
 12.258272 -53.117791 131.353677 -113.074338 4.750000 
 12.938390 -65.716402 172.786406 -164.690451 4.750000 
 13.562425 -78.101875 212.442050 -208.861194 4.750000 
 14.167315 -90.024057 249.681961 -250.578778 4.750000 
 14.725267 -101.964980 288.846190 -295.056694 4.750000 
 15.192969 -112.154440 318.122263 -322.152396 4.750000 
 8.707311 0.683565 -5.981372 13.663103 4.950000 
 9.449608 -9.237766 13.868943 1.239856 4.950000 
 10.173770 -20.599408 43.259714 -22.189719 4.950000 
 10.885660 -31.687738 77.122807 -66.710243 4.950000 
 11.535359 -41.877497 99.545020 -80.380845 4.950000 
 12.218302 -54.612904 141.970125 -132.680349 4.950000 
 12.929786 -66.404459 174.114755 -163.114526 4.950000 
 13.517015 -77.777695 208.335083 -200.706139 4.950000 
 14.144638 -91.412452 258.226187 -265.498869 4.950000 
 14.625812 -100.795969 281.884503 -283.986201 4.950000 
 15.126670 -110.979261 308.725042 -304.281403 4.950000 
 8.685285 -0.242844 1.662043 -5.257781 5.150000 
 9.392715 -9.012743 12.596676 4.343064 5.150000 
 10.144152 -21.498120 52.434500 -45.290964 5.150000 
 10.820132 -31.218983 71.947162 -54.134905 5.150000 
 11.538801 -43.048607 107.036687 -94.501643 5.150000 
 12.208119 -54.952290 141.511912 -129.889219 5.150000 
 12.897115 -67.505977 181.606451 -177.564761 5.150000 
 13.471721 -78.403296 211.872491 -205.674026 5.150000 
 14.085150 -90.177333 248.812220 -248.473664 5.150000 
 14.606528 -100.797353 279.126771 -276.906404 5.150000 
 15.084991 -111.721520 313.718217 -313.230854 5.150000 
 8.607798 0.023481 0.032123 0.438103 5.350000 
 9.358164 -10.547743 25.630114 -21.918731 5.350000 
 10.111036 -21.614545 52.125704 -42.938774 5.350000 
 10.781208 -31.086758 69.151003 -46.817653 5.350000 
 11.495667 -43.267643 107.164724 -94.308632 5.350000 
 12.232828 -56.126862 147.312572 -138.795476 5.350000 
 12.799306 -66.168565 171.349401 -156.150641 5.350000 
 13.412442 -77.225564 202.706257 -189.168055 5.350000 
 14.069189 -90.571287 249.053569 -246.274969 5.350000 
 14.613743 -101.784601 283.323318 -282.351325 5.350000 
 15.105722 -112.619684 316.726086 -316.053371 5.350000 
 8.590284 -0.526035 4.274317 -10.067773 5.550000 
 9.333366 -10.319883 22.715046 -16.129952 5.550000 
 10.068447 -20.204033 40.664791 -21.795203 5.550000 
 10.795403 -32.848098 82.872535 -75.545738 5.550000 
 11.508455 -44.352265 110.884626 -95.359050 5.550000 
 12.159601 -56.288052 149.983389 -146.214130 5.550000 
 12.761611 -66.117670 171.351365 -157.445217 5.550000 
 13.423719 -79.599548 219.587909 -220.641322 5.550000 
 14.059688 -91.252942 252.351661 -251.732390 5.550000 
 14.575109 -102.330420 287.165496 -289.381106 5.550000 
 15.144628 -113.733477 320.869196 -320.777161 5.550000 
 8.546682 0.060735 -2.669525 7.435287 5.750000 
 9.326395 -11.008649 25.623936 -18.825794 5.750000 
 10.025276 -20.900935 44.958268 -26.295959 5.750000 
 10.718770 -31.555247 72.000280 -52.975304 5.750000 
 11.449556 -43.164240 103.042026 -82.440779 5.750000 
 12.116157 -54.676052 135.826416 -116.815112 5.750000 
 12.789196 -67.121264 175.901957 -164.942749 5.750000 
 13.422289 -79.412105 214.947092 -209.189348 5.750000 
 13.981109 -90.489151 247.801577 -243.537016 5.750000 
 14.562351 -101.801850 280.904341 -275.907659 5.750000 
 15.122930 -114.017742 321.423396 -320.016349 5.750000 
 8.493309 0.088901 -0.692175 1.007707 5.950000 
 9.276359 -11.036452 25.326368 -17.177133 5.950000 
 9.966953 -21.244859 52.535887 -48.143922 5.950000 
 10.748500 -32.746929 77.627888 -60.038095 5.950000 
 11.425909 -44.163040 110.933021 -98.397690 5.950000 
 12.078580 -55.290102 140.717805 -125.804901 5.950000 
 12.744204 -66.611308 172.224045 -158.536933 5.950000 
 13.390210 -79.819304 218.444886 -216.526442 5.950000 
 13.968714 -90.500022 247.024647 -242.292799 5.950000 
 14.558099 -102.824147 287.525983 -287.840614 5.950000 
 15.109144 -114.015313 320.535326 -317.951663 5.950000 
 8.452942 0.879757 -7.205130 15.472704 6.150000 
 9.260039 -11.025563 25.761672 -19.258393 6.150000 
 9.998340 -21.367649 48.011678 -33.757208 6.150000 
 10.709816 -32.867925 79.491292 -65.307433 6.150000 
 11.421396 -44.793025 114.364221 -102.874159 6.150000 
 12.080548 -55.886854 144.763035 -133.852014 6.150000 
 12.731120 -67.364960 176.676569 -165.147222 6.150000 
 13.315935 -78.688146 211.031431 -203.293459 6.150000 
 13.959502 -91.327633 251.315145 -248.046544 6.150000 
 14.567915 -103.492212 290.169043 -290.864645 6.150000 
 15.066949 -114.092463 320.791409 -318.037969 6.150000 
 8.439978 0.656133 -6.644155 15.357631 6.350000 
 9.213505 -11.625716 31.877495 -32.885941 6.350000 
 9.938628 -21.142513 47.824139 -35.281963 6.350000 
 10.669007 -32.409679 76.485771 -60.299390 6.350000 
 11.323504 -43.429104 107.099758 -94.078864 6.350000 
 12.047309 -55.375796 139.157620 -121.925946 6.350000 
 12.671980 -66.420748 171.178972 -157.272988 6.350000 
 13.305484 -78.755849 211.651532 -206.434442 6.350000 
 13.936308 -91.060517 249.515048 -245.841597 6.350000 
 14.521052 -103.369460 290.537196 -292.929784 6.350000 
 15.079355 -114.273471 319.960968 -314.746079 6.350000 
 8.450443 -1.410029 9.488294 -15.459904 6.550000 
 9.183812 -10.958533 24.831788 -17.781458 6.550000 
 9.920651 -21.272704 48.851704 -37.678540 6.550000 
 10.636329 -32.740960 78.075252 -62.065099 6.550000 
 11.382328 -44.959041 115.961871 -107.751513 6.550000 
 12.052688 -55.526419 139.471574 -122.480896 6.550000 
 12.697553 -68.221579 181.971240 -174.174929 6.550000 
 13.330926 -79.508984 212.361898 -202.183737 6.550000 
 13.964393 -92.491133 257.956769 -259.602384 6.550000 
 14.501420 -103.067010 286.507529 -283.731475 6.550000 
 14.992491 -113.664384 318.081888 -313.136237 6.550000 
 8.373723 1.331998 -11.559261 23.673544 6.750000 
 9.171380 -12.017817 36.721822 -45.807650 6.750000 
 9.859704 -21.030861 48.573270 -37.480661 6.750000 
 10.599329 -32.230908 77.802966 -66.252112 6.750000 
 11.307349 -43.364204 105.972871 -91.380931 6.750000 
 12.055020 -56.492568 144.690881 -130.598378 6.750000 
 12.648429 -67.057025 173.061717 -157.675576 6.750000 
 13.303393 -79.342594 212.003502 -202.609285 6.750000 
 13.940287 -92.020613 253.900762 -251.739502 6.750000 
 14.476589 -103.238636 288.247917 -287.199150 6.750000 
 14.984626 -113.518344 315.854442 -308.156208 6.750000 
 8.358722 -0.347823 3.881306 -8.750479 6.950000 
 9.117368 -9.911795 17.901120 -3.489592 6.950000 
 9.850737 -20.928155 44.477771 -25.357690 6.950000 
 10.566149 -32.896875 83.714182 -78.518333 6.950000 
 11.324547 -44.632693 111.660746 -97.363036 6.950000 
 11.979140 -56.265028 147.670259 -140.586094 6.950000 
 12.615586 -66.930996 173.281663 -159.667783 6.950000 
 13.295392 -79.126186 209.160955 -196.128354 6.950000 
 13.878662 -90.947568 246.839441 -238.974927 6.950000 
 14.502880 -103.446960 287.362137 -283.837017 6.950000 
 15.035386 -115.232663 326.181771 -325.836568 6.950000 
