BASE=/alice/sim/LHC11a10a_bis
PREFIX=
DATA_PATTERN=AliESDs.root
RUNS
137161
137162
137163
137165
137230
137231
137232
137235
137236
137243
137365
137366
137370
137430
137431
137432
137434
137439
137440
137441
137443
137530
137531
137539
137541
137544
137546
137549
137595
137608
137609
137638
137639
137685
137686
137689
137691
137692
137693
137704
137718
137722
137724
137748
137751
137752
137843
137844
137847
137848
138125
138126
138150
138151
138153
138154
138190
138192
138197
138200
138201
138225
138275
138359
138364
138396
138438
138439
138442
138469
138533
138534
138578
138579
138582
138583
138620
138621
138624
138637
138638
138652
138653
138662
138666
138730
138731
138732
138736
138737
138740
138742
138795
138796
138826
138828
138830
138831
138836
138837
138870
138871
138872
139024
139025
139028
139029
139030
139031
139034
139036
139037
139038
139042
139104
139105
139107
139110
139172
139173
139308
139309
139310
139311
139314
139316
139328
139329
139360
139437
139438
139439
139440
139441
139465
139466
139467
139470
139471
139503
139504
139505
139507
139510
139511
139513
139514
139517
