08/02/2012
finished pass2
	
167693, 167706, 167711, 167713, 167806, 167807, 167808, 167813, 167814, 167902, 167903, 167915, 167920, 167921, 167985, 167986, 167988, 168068, 168069, 168076, 168103, 168104, 168105, 168107, 168108, 168115, 168171, 168172, 168175, 168181, 168203, 168204, 168205, 168206, 168207, 168208, 168212, 168213, 168310, 168311, 168322, 168342, 168362, 168461, 168464, 168984, 169040, 169045, 169143, 169144, 169238, 169420, 169506, 169515, 169553, 169555, 169584, 169587, 169590, 169591, 169628, 169835, 169837, 169838, 169855, 169858, 169859, 169918, 169919, 169920, 169922, 169923, 169924, 169956, 169961, 169965, 169969, 169975, 169981, 170027, 170036, 170038, 170081, 170083, 170084, 170085, 170088, 170089, 170091, 170152, 170155, 170163, 170195, 170204, 170205, 170207, 170208, 170228, 170230, 170264, 170270, 170306, 170308, 170309, 170311, 170312, 170313, 170315, 170388, 170389, 170390, 170546, 170556, 170572, 170593, 


bad runs excluded 

TPC=9 Gain calibration problems --should not be used for PID
170390, 170313, 170306, 170091, 170089, 170088, 170084, 170081, 169969, 169961, 169148, 169145, 169143, 169138, 169044, 169040, 168992, 168212, 167713, 167711, 167706, 167693

TPC=14 no vdrift calibration extracted for pass1
 170389, 170388, 170159, 168777, 168514, 168341, 168203, 168177, 167986, 167814, 167806, 167712

TPC=15 vdrift calibration problem
168461, 168362, 168325, 168322, 168310, 168213, 168208, 167985, 167921

TOF=2 no to_fill subtraction
169138

Bad for centrality
170264, 170267


good runs

167807, 167808, 167813, 167902, 167903, 167915, 167920, 167988, 168068, 168069, 168076, 168103, 168104, 168105, 168107, 168108, 168115, 168171, 168172, 168175, 168181, 168204, 168205, 168206, 168207, 168311, 168342, 168464, 168984, 169045, 169144, 169238, 169420, 169506, 169515, 169553, 169555, 169584, 169587, 169590, 169591, 169628, 169835, 169837, 169838, 169855, 169858, 169859, 169918, 169919, 169920, 169922, 169923, 169924, 169956, 169965, 169975, 169981, 170027, 170036, 170038, 170081, 170083, 170085, 170088, 170152, 170155, 170163, 170195, 170204, 170205, 170207, 170208, 170228, 170230, 170270, 170308, 170309, 170311, 170312, 170315, 170390, 170546, 170556, 170572, 170593, 

