# Id serial (old Id)
  1 nbp 11424 1125
  2 nbp 11419 1126
  3  bp 11403 102
  4  bp 11401 101
  5 nbp 11418 1127
  6 nbp 11412 1128
  7  bp 11402 104
  8  bp 11405 103
  9 nbp 11318 1129
 10 nbp 11407 1130
 11  bp 11364 106
 12  bp 11365 105
101  bp 11374 201
102  bp 11390 202
103  bp 11372 203
104 nbp 11414 1226
105 nbp 11413 1225
106  bp 11392 204
107  bp 11371 205
108  bp 11388 206
109 nbp 11411 1228
110 nbp 11415 1227
111  bp 11387 207
112  bp 11396 208
113  bp 11399 209
114 nbp 10678 1230
115 nbp 11409 1229
