H  3   1.00E+06          0
Be  7   1.00E+03         0
Be  10    9              1
C  11    4.E2            1
C  14   1.00E+04         0
O  15   1.00E+02         0
F  18   10               0
Na  22   10              0
Na  24   10              0
Mg  28    5              1
Al  26    3              1
Al  28    5              1
Si  31   1.00E+03        0
Si  32    20             1
P  32   1.00E+03         0
P  33   1.00E+05         0
S  35   1.00E+05         0
Cl  36   1.00E+04        0
Cl  38   10              0
Cl  39    1E2            1
Ar  37   1.00E+06        0
Ar  41   1.00E+02        0
K  40   1.00E+02         0
K  42   1.00E+02         0
K  43   10               0
K  44    1E2             1
K  45    2.E2            1
Ca  41    30             1
Ca  45   1.00E+04        0
Ca  47   10              0
Sc  43    50             1
Sc  44    30             1
Sc  46   10              0
Sc  47   1.00E+02        0
Sc  48   10              0
Sc  49    1E2            1
Ti  44    2              1
Ti  45    7.E2           1
V  47    2.E2            1
V  48   10               0
V  49    6.E2            1
Cr  48    50             1
Cr  49    2.E2           1
Cr  51   1.00E+03        0
Mn  51   10              0
Mn  52   10              0
Mn  -52   10             0
Mn  53   1.00E+04        0
Mn  54   10              0
Mn  56   10              0
Fe  52   10              0
Fe  55   1.00E+04        0
Fe  59   10              0
Fe  60    0.09           1
Co  55   10              0
Co  56   10              0
Co  57   1.00E+02        0
Co  58   10              0
Co  -58   1.00E+04       0
Co  60   10              0
Co  -60   1.00E+03       0
Co  61   1.00E+02        0
Co  -62   10             0
Ni  56    10             1
Ni  57    10             1
Ni  59   1.00E+04        0
Ni  63   1.00E+05        0
Ni  65   10              0
Ni  66    3              1
Cu  60    1E2            1
Cu  61    80             1
Cu  64   1.00E+02        0
Cu  66    3              1
Cu  67    30             1
Zn  62   10              0
Zn  63   1.00E+02        0
Zn  65   10              0
Zn  69   1.00E+04        0
Zn  -69   1.00E+02       0
Ga  72   10              0
Ge  71   1.00E+04        0
As  73   1.00E+03        0
As  74   10              0
As  76   1.00E+02        0
As  77   1.00E+03        0
Se  75   1.00E+02        0
Br  82   10              0
Kr  74   1.00E+02        0
Kr  76   1.00E+02        0
Kr  77   1.00E+02        0
Kr  79   1.00E+03        0
Kr  81   1.00E+04        0
Kr  -83   1.00E+05       0
Kr  85   1.00E+05        0
Kr  -85   1.00E+03       0
Kr  87   1.00E+02        0
Kr  88   1.00E+02        0
Rb  86   1.00E+02        0
Sr  85   1.00E+02        0
Sr  -85   1.00E+02       0
Sr  -87   1.00E+02       0
Sr  89   1.00E+03        0
Sr  90     1.00E+02      2
Sr  91   10              0
Sr  92   10              0
Y  90   1.00E+03         0
Y  91   1.00E+03         0
Y  -91   1.00E+02        0
Y  92   1.00E+02         0
Y  93   1.00E+02         0
Zr  93     1.00E+03      2
Zr  95   10              0
Zr  97     10            2
Nb  -93   1.00E+04       0
Nb  94   10              0
Nb  95   10              0
Nb  97   10              0
Nb  98   10              0
Mo  90   10              0
Mo  93   1.00E+03        0
Mo  99   1.00E+02        0
Mo  101   10             0
Tc  96   10              0
Tc  -96   1.00E+03       0
Tc  97   1.00E+03        0
Tc  -97   1.00E+03       0
Tc  99   1.00E+04        0
Tc  -99   1.00E+02       0
Ru  97   1.00E+02        0
Ru  103   1.00E+02       0
Ru  105   10             0
Ru  106     1.00E+02     2
Rh  -103   1.00E+04      0
Rh  105   1.00E+02       0
Pd  103   1.00E+03       0
Pd  109   1.00E+03       0
Ag  105   1.00E+02       0
Ag  -108     10          2
Ag  -110   10            0
Ag  111   1.00E+03       0
Cd  109   1.00E+04       0
Cd  115   1.00E+02       0
Cd  -115   1.00E+03      0
In  111   1.00E+02       0
In  -113   1.00E+02      0
In  -114   1.00E+02      0
In  -115   1.00E+02      0
Sn  113   1.00E+03       0
Sn  125   1.00E+02       0
Sb  122   1.00E+02       0
Sb  124   10             0
Sb  125   1.00E+02       0
Te  -123   1.00E+02      0
Te  -125   1.00E+03      0
Te  127   1.00E+03       0
Te  -127   1.00E+03      0
Te  129   1.00E+02       0
Te  -129   1.00E+03      0
Te  131   1.00E+02       0
Te  -131   10            0
Te  132   1.00E+02       0
Te  133   10             0
Te  -133   10            0
Te  134   10             0
I  123   1.00E+02        0
I  125   1.00E+03        0
I  126   1.00E+02        0
I  129   1.00E+02        0
I  130   10              0
I  131   1.00E+02        0
I  132   10              0
I  133   10              0
I  134   10              0
I  135   10              0
Xe  -131   1.00E+04      0
Xe  133   1.00E+03       0
Xe  135   1.00E+03       0
Cs  129   1.00E+02       0
Cs  131   1.00E+03       0
Cs  132   10             0
Cs  -134   1.00E+03      0
Cs  134   10             0
Cs  135   1.00E+04       0
Cs  136   10             0
Cs  137     10           2
Cs  138   10             0
Ba  131   1.00E+02       0
Ba  140     10           2
La  140   10             0
Ce  139   1.00E+02       0
Ce  141   1.00E+02       0
Ce  143   1.00E+02       0
Ce  144     1.00E+02     2
Pr  142   1.00E+02       0
Pr  143   1.00E+04       0
Nd  147   1.00E+02       0
Nd  149   1.00E+02       0
Pm  147   1.00E+04       0
Pm  149   1.00E+03       0
Sm  151   1.00E+04       0
Sm  153   1.00E+02       0
Eu  152   10             0
Eu  -152   1.00E+02      0
Eu  154   10             0
Eu  155   1.00E+02       0
Gd  153   1.00E+02       0
Gd  159   1.00E+03       0
Tb  160   10             0
Dy  165   1.00E+03       0
Dy  166   1.00E+03       0
Ho  166   1.00E+03       0
Er  169   1.00E+04       0
Er  171   1.00E+02       0
Tm  -170   1.00E+03      0
Tm  -171   1.00E+04      0
Yb  175   1.00E+03       0
Lu  177   1.00E+03       0
Hf  181   10             0
Ta  182   10             0
W  181   1.00E+03        0
W  185   1.00E+04        0
W  187   1.00E+02        0
Re  186   1.00E+03       0
Re  188   1.00E+02       0
Os  185   10             0
Os  191   1.00E+02       0
Os  -191   1.00E+03      0
Os  193   1.00E+02       0
Ir  190   10             0
Ir  192   10             0
Ir  194   1.00E+02       0
Pt  191   1.00E+02       0
Pt  -193   1.00E+03      0
Pt  197   1.00E+03       0
Pt  -197   1.00E+02      0
Au  198   1.00E+02       0
Au  199   1.00E+02       0
Hg  197   1.00E+02       0
Hg  -197   1.00E+02      0
Hg  203   1.00E+02       0
Tl  200   10             0
Tl  201   1.00E+02       0
Tl  202   1.00E+02       0
Tl  204   1.00E+04       0
Pb  203   1.00E+02       0
Pb  210     10           2
Pb  212     10           2
Bi  206   10             0
Bi  207   10             0
Bi  210   1.00E+03       0
Bi  212     10           2
Po  203   10             0
Po  205   10             0
Po  207   10             0
Po  210   10             0
At  211   1.00E+03       0
Rn  220     1.00E+04     2
Rn  222     10           2
Ra  223     1.00E+02     2
Ra  224     10           2
Ra  225   1.00E+02       0
Ra  226     10           2
Ra  227   1.00E+02       0
Ra  228     10           2
Ac  228   10             0
Th  226     1.00E+03     2
Th  227   10             0
Th  228     1            2
Th  229     1            2
Th  230   1              0
Th  231   1.00E+03       0
Th  232       1          3
Th  234     1.00E+03     2
Pa  230   10             0
Pa  231   1              0
Pa  233   1.00E+02       0
U  230     10            2
U  231   1.00E+02        0
U  232     1             2
U  233   10              0
U  234   10              0
U  235     10            2
U  236   10              0
U  237   1.00E+02        0
U  238       1           3
U  239   1.00E+02        0
U  240     10            2
Np  237     1            2
Np  239   1.00E+02       0
Np  240   10             0
Pu  234   1.00E+02       0
Pu  235   1.00E+02       0
Pu  236   10             0
Pu  237   1.00E+03       0
Pu  238   1              0
Pu  239   1              0
Pu  240   1              0
Pu  241   1.00E+02       0
Pu  242   1              0
Pu  243   1.00E+03       0
Pu  244   1              0
Am  241   1              0
Am  242   1.00E+03       0
Am  -242     1           2
Am  243     1            2
Cm  242   1.00E+02       0
Cm  243   1              0
Cm  244   10             0
Cm  245   1              0
Cm  246   1              0
Cm  247   1              0
Cm  248   1              0
Bk  249   1.00E+03       0
Cf  246   1.00E+03       0
Cf  248   10             0
Cf  249   1              0
Cf  250   10             0
Cf  251   1              0
Cf  252   10             0
Cf  253   1.00E+02       0
Cf  254   1              0
Es  253   1.00E+02       0
Es  254   10             0
Es  -254   1.00E+02      0
Fm  254   1.00E+04       0
Fm  255   1.00E+03       0
