0	68	1025	1024	1026	1028	897	896	898	900	769	768	770	772	641	643	640	513	512	514	516	385	384	386	388	257	256	258	260	129	131	128	1	0	2	4	2052	2050	2048	2049	2176	2179	2177	2308	2306	2304	2305	2436	2434	2432	2433	2564	2562	2560	2561	2688	2691	2689	2820	2818	2816	2817	2948	2946	2944	2945	3076	3074	3072	3073
1	68	1027	1029	1030	1039	899	901	902	911	771	773	774	783	645	642	644	515	517	518	527	387	389	390	399	259	261	262	271	133	130	132	3	5	6	15	2063	2054	2053	2051	2180	2178	2181	2319	2310	2309	2307	2447	2438	2437	2435	2575	2566	2565	2563	2692	2690	2693	2831	2822	2821	2819	2959	2950	2949	2947	3087	3078	3077	3075
2	68	1031	1038	1037	1035	903	910	909	907	775	782	781	779	647	646	655	519	526	525	523	391	398	397	395	263	270	269	267	135	134	143	7	14	13	11	2059	2061	2062	2055	2191	2182	2183	2315	2317	2318	2311	2443	2445	2446	2439	2571	2573	2574	2567	2703	2694	2695	2827	2829	2830	2823	2955	2957	2958	2951	3083	3085	3086	3079
3	68	1036	1034	1033	1048	908	906	905	920	780	778	777	792	654	653	651	524	522	521	536	396	394	393	408	268	266	265	280	142	141	139	12	10	9	24	2072	2057	2058	2060	2187	2189	2190	2328	2313	2314	2316	2456	2441	2442	2444	2584	2569	2570	2572	2699	2701	2702	2840	2825	2826	2828	2968	2953	2954	2956	3096	3081	3082	3084
4	70	1032	1049	1050	1052	904	921	924	922	776	793	796	794	652	650	649	664	520	537	540	538	392	409	410	264	281	284	282	140	138	137	152	8	25	28	26	2074	2076	2073	2056	2200	2185	2186	2188	2330	2332	2329	2312	2458	2457	2440	2586	2588	2585	2568	2712	2697	2698	2700	2842	2844	2841	2824	2970	2972	2969	2952	3100	3098	3097	3080
5	70	1051	1053	1055	1054	923	927	925	926	795	799	797	798	648	665	668	666	539	534	543	541	413	411	412	283	278	287	285	136	153	156	154	27	22	31	29	2077	2079	2070	2075	2202	2204	2201	2184	2333	2335	2326	2331	2460	2459	2461	2589	2591	2582	2587	2714	2716	2713	2696	2846	2845	2847	2843	2974	2973	2975	2971	3102	3103	3101	3099
6	70	1046	1044	1047	1045	916	918	919	917	788	790	791	789	667	669	670	663	530	532	542	535	415	414	407	274	276	286	279	155	150	159	157	18	20	30	23	2071	2078	2068	2066	2205	2207	2198	2203	2327	2334	2324	2322	2455	2462	2463	2583	2590	2580	2578	2711	2718	2717	2715	2837	2839	2838	2836	2965	2967	2966	2964	3093	3095	3092	3094
7	72	1042	1040	1043	1041	912	914	915	913	784	786	787	785	662	671	661	659	544	528	533	531	404	406	405	403	288	272	277	275	146	148	158	151	32	16	21	19	2067	2069	2064	2080	2199	2206	2196	2194	2323	2325	2320	2336	2451	2453	2454	2452	2579	2581	2576	2592	2707	2709	2719	2710	2833	2835	2834	2832	2961	2963	2962	2960	3089	3091	3088	3090
8	72	1056	1058	1057	1059	930	928	929	931	802	800	801	803	658	660	657	673	548	546	529	545	400	402	401	417	292	290	273	289	160	144	149	147	36	34	17	33	2081	2065	2082	2084	2195	2197	2192	2208	2337	2321	2338	2340	2465	2449	2450	2448	2593	2577	2594	2596	2721	2705	2708	2706	2851	2849	2848	2850	2979	2977	2976	2978	3107	3105	3106	3104
9	72	1060	1062	1061	1063	934	932	933	935	806	804	805	807	672	656	675	677	559	550	547	549	418	416	419	421	303	294	291	293	164	162	145	161	47	38	35	37	2085	2083	2086	2095	2209	2193	2210	2212	2341	2339	2342	2351	2469	2467	2464	2466	2597	2595	2598	2607	2725	2723	2704	2720	2855	2853	2852	2854	2983	2981	2980	2982	3111	3109	3110	3108
10	74	1071	1069	1070	1068	939	941	943	942	811	813	815	814	678	676	674	679	686	556	557	551	558	422	420	423	430	296	301	295	302	175	166	163	165	44	45	39	46	2094	2087	2093	2092	2213	2211	2214	2223	2350	2343	2349	2344	2478	2471	2468	2470	2606	2599	2605	2604	2734	2727	2722	2724	2726	2862	2863	2861	2859	2990	2991	2989	2987	3116	3118	3117	3119
11	74	1065	1067	1066	1064	937	940	938	936	809	812	810	808	685	687	684	682	680	553	555	554	552	429	431	428	426	300	298	313	315	172	173	167	174	41	43	42	40	2088	2090	2091	2089	2222	2215	2221	2220	2363	2361	2346	2348	2474	2476	2479	2477	2600	2602	2603	2601	2728	2730	2732	2735	2733	2856	2858	2860	2857	2984	2986	2988	2985	3112	3114	3115	3113
12	74	1082	1080	1081	1083	954	952	953	955	826	824	825	827	696	681	683	697	699	570	568	569	571	425	427	424	441	297	299	317	319	169	171	170	168	58	56	57	59	2107	2105	2104	2106	2216	2218	2219	2217	2367	2365	2347	2345	2489	2472	2475	2473	2619	2617	2616	2618	2747	2745	2731	2729	2744	2875	2873	2872	2874	3003	3001	3000	3002	3131	3129	3128	3130
13	76	1086	1084	1085	1087	958	956	957	959	830	828	829	831	702	700	698	701	703	574	572	573	575	442	440	443	445	316	314	312	310	308	186	184	185	187	62	60	61	63	2111	2109	2108	2110	2235	2233	2232	2234	2356	2358	2360	2362	2364	2493	2491	2488	2490	2623	2621	2620	2622	2751	2749	2746	2748	2750	2879	2877	2876	2878	3007	3005	3004	3006	3135	3133	3132	3134
14	76	1075	1077	1078	1076	949	951	950	948	821	823	822	820	691	693	695	694	692	565	567	566	564	446	444	447	438	309	311	318	306	304	190	188	189	191	53	55	54	52	2100	2102	2103	2101	2239	2237	2236	2238	2352	2354	2366	2359	2357	2486	2495	2492	2494	2612	2614	2615	2613	2740	2742	2743	2741	2739	2868	2870	2871	2869	2996	2998	2999	2997	3124	3126	3125	3123
15	76	1079	1073	1074	1072	945	947	946	944	817	819	818	816	704	706	689	690	688	561	563	562	560	437	439	436	434	305	307	322	324	326	181	183	182	180	49	51	50	48	2096	2098	2099	2097	2228	2230	2231	2229	2374	2372	2370	2355	2353	2482	2484	2487	2485	2608	2610	2611	2609	2736	2738	2737	2754	2752	2864	2866	2867	2865	2992	2994	2995	2993	3120	3122	3121	3127
16	78	1089	1088	1090	1092	960	962	964	966	975	833	832	834	836	707	705	708	710	576	578	580	582	591	433	435	432	452	323	321	320	335	192	177	179	178	176	65	64	66	68	2116	2114	2112	2113	2224	2226	2227	2225	2240	2383	2368	2369	2371	2500	2480	2483	2481	2639	2630	2628	2626	2624	2758	2756	2753	2755	2884	2882	2880	2881	3023	3014	3012	3010	3008	3140	3138	3136	3137
17	78	1093	1091	1094	1103	965	963	961	973	971	837	835	838	847	711	709	719	717	581	579	577	589	587	448	450	454	463	327	325	333	331	193	194	196	198	207	69	67	70	79	2127	2118	2115	2117	2255	2246	2244	2242	2241	2379	2381	2373	2375	2511	2502	2498	2496	2635	2637	2625	2627	2629	2765	2767	2757	2759	2895	2886	2883	2885	3019	3021	3009	3011	3013	3151	3142	3139	3141
18	78	1102	1095	1101	1099	972	974	967	969	984	846	839	845	843	716	718	715	713	588	590	583	585	600	451	449	461	459	332	334	329	344	199	197	195	205	203	78	71	77	75	2123	2125	2119	2126	2251	2253	2243	2245	2247	2392	2377	2382	2380	2507	2509	2497	2499	2648	2633	2631	2638	2636	2761	2763	2766	2764	2891	2893	2887	2894	3032	3017	3015	3022	3020	3147	3149	3143	3150
19	80	1098	1100	1097	1112	985	968	970	986	988	840	842	844	841	856	712	714	728	730	584	586	602	604	462	455	453	457	472	328	330	346	348	202	204	206	201	216	74	76	73	88	2136	2121	2124	2122	2264	2249	2254	2252	2250	2396	2394	2378	2376	2520	2505	2501	2503	2510	2652	2650	2634	2632	2778	2776	2762	2760	2904	2889	2892	2890	2888	3036	3034	3018	3016	3033	3160	3145	3148	3146
20	80	1113	1096	1114	1116	987	982	991	989	990	861	859	857	858	860	731	729	732	727	603	601	606	599	456	458	460	474	476	347	345	351	349	219	217	200	218	220	89	72	90	92	2140	2138	2120	2137	2268	2266	2248	2265	2267	2397	2399	2393	2395	2524	2522	2508	2506	2504	2647	2654	2649	2651	2775	2780	2777	2779	2908	2906	2905	2907	2909	3038	3037	3039	3030	3035	3164	3162	3144	3161
21	80	1115	1117	1118	1111	976	978	980	983	981	852	854	863	862	855	733	734	725	723	607	605	597	595	475	473	477	478	471	340	342	350	343	221	222	215	213	211	91	95	93	94	2142	2141	2143	2139	2259	2261	2263	2270	2269	2391	2398	2390	2388	2519	2526	2525	2521	2523	2643	2645	2653	2655	2771	2773	2782	2781	2903	2910	2911	2902	2900	3029	3031	3028	3026	3024	3159	3166	3165	3163
22	82	1108	1110	1119	1109	1107	994	992	979	977	848	850	853	851	724	726	735	721	737	594	596	598	593	609	468	470	479	469	467	336	338	341	339	212	214	223	209	225	84	86	87	85	2133	2135	2134	2132	2273	2257	2271	2262	2260	2387	2389	2386	2384	2515	2517	2527	2518	2516	2657	2641	2646	2644	2642	2785	2769	2783	2774	2772	2899	2901	2898	2896	3025	3027	3040	3042	3155	3157	3167	3158	3156
23	82	1120	1104	1106	1105	1121	998	996	993	995	866	864	849	865	736	720	722	739	741	610	608	592	611	613	480	464	466	465	481	354	352	337	353	224	208	210	227	229	80	82	83	81	2129	2131	2130	2128	2277	2275	2258	2256	2272	2401	2385	2400	2402	2529	2513	2514	2512	2528	2661	2659	2640	2656	2658	2789	2787	2770	2768	2784	2913	2897	2912	2914	3043	3041	3044	3046	3169	3153	3154	3152	3168
24	82	1126	1124	1122	1123	1125	1005	1007	997	999	870	868	867	869	742	740	738	743	750	623	614	612	615	622	486	484	482	483	485	358	356	355	357	230	228	226	231	238	98	96	97	99	2147	2145	2144	2146	2286	2279	2274	2276	2278	2405	2403	2404	2406	2533	2531	2530	2532	2534	2670	2663	2660	2662	2671	2798	2791	2786	2788	2790	2917	2915	2916	2918	3047	3045	3055	3053	3173	3171	3170	3172	3174
25	84	1133	1135	1127	1134	1128	1004	1002	1000	1006	877	879	871	878	872	749	751	748	746	744	621	620	618	616	493	495	487	494	488	364	365	367	359	366	237	239	236	234	232	102	100	101	103	2151	2149	2148	2150	2280	2282	2284	2287	2285	2414	2407	2415	2413	2412	2536	2542	2535	2543	2541	2664	2666	2668	2669	2792	2794	2796	2799	2797	2920	2926	2919	2927	2925	3054	3048	3050	3052	3176	3182	3175	3183	3181
26	84	1131	1132	1130	1145	1147	1001	1003	1017	1019	875	876	874	889	891	760	745	747	761	763	617	619	633	635	491	492	490	505	507	363	362	360	377	379	248	233	235	249	251	109	111	110	104	2152	2158	2159	2157	2299	2297	2283	2281	2296	2427	2425	2408	2410	2411	2555	2553	2538	2540	2539	2683	2681	2667	2665	2811	2809	2795	2793	2808	2939	2937	2922	2924	2923	3067	3065	3051	3049	3195	3193	3178	3180	3179
27	84	1146	1144	1129	1149	1151	1018	1016	1021	1023	890	888	873	893	895	766	764	762	765	767	634	632	637	639	506	504	489	509	511	378	376	361	381	383	254	252	250	253	255	108	106	121	123	2171	2169	2154	2156	2303	2301	2298	2300	2302	2431	2429	2409	2424	2426	2559	2557	2537	2552	2554	2687	2685	2680	2682	2815	2813	2810	2812	2814	2943	2941	2921	2936	2938	3071	3069	3064	3066	3199	3197	3177	3192	3194
28	86	1143	1150	1148	1142	1140	1015	1022	1020	1014	1012	887	894	892	886	884	757	759	758	756	631	638	636	630	628	503	510	508	502	500	375	382	380	374	372	245	247	246	244	120	105	107	125	127	2175	2173	2155	2153	2168	2292	2294	2295	2293	2420	2422	2428	2430	2423	2548	2550	2556	2558	2551	2676	2678	2684	2686	2679	2804	2806	2807	2805	2932	2934	2940	2942	2935	3060	3062	3068	3070	3063	3188	3190	3196	3198	3191
29	86	1137	1139	1141	1138	1136	1009	1011	1013	1010	1008	881	883	885	882	880	753	755	754	752	625	627	629	626	624	497	499	501	498	496	369	371	373	370	368	241	243	242	240	126	124	122	118	116	2164	2166	2170	2172	2174	2288	2290	2291	2289	2416	2418	2421	2419	2417	2544	2546	2549	2547	2545	2672	2674	2677	2675	2673	2800	2802	2803	2801	2928	2930	2933	2931	2929	3056	3058	3061	3059	3057	3184	3186	3189	3187	3185
30	86	5635	5633	5632	5507	5505	5504	5506	5376	5378	5380	5255	5253	5251	5121	5120	5122	5124	4997	4995	4993	4869	4867	4865	4864	4739	4737	4736	4613	4611	4609	4485	4483	4481	4355	4353	4352	4354	113	115	117	119	114	112	2160	2162	2167	2165	2163	2161	6274	6272	6273	6275	6401	6403	6405	6529	6531	6533	6656	6657	6659	6784	6785	6787	6789	6913	6915	6917	7044	7042	7040	7041	7171	7173	7175	7300	7298	7296	7426	7424	7425	7427	7552	7553	7555
31	88	5637	5634	5636	5511	5509	5508	5510	5379	5377	5382	5391	5262	5249	5248	5125	5123	5126	5135	4999	4992	4994	4878	4871	4866	4868	4741	4738	4740	4622	4615	4608	4487	4480	4482	4359	4357	4356	4358	4227	4225	4224	4226	4098	4096	4097	4099	6146	6144	6145	6147	6278	6276	6277	6279	6402	6400	6407	6528	6535	6542	6660	6658	6661	6788	6786	6791	6798	6914	6912	6919	7055	7046	7043	7045	7168	7169	7182	7311	7302	7297	7299	7430	7428	7429	7431	7556	7554	7557
32	88	5639	5638	5647	5516	5518	5519	5517	5383	5381	5389	5387	5260	5250	5252	5134	5127	5133	5131	5006	4996	4998	4874	4876	4870	4879	4743	4742	4751	4620	4610	4612	4494	4484	4486	4364	4366	4367	4365	4231	4229	4228	4230	4102	4100	4101	4103	6150	6148	6149	6151	6285	6287	6286	6284	6406	6404	6414	6532	6530	6540	6671	6662	6663	6799	6790	6796	6794	6918	6916	6926	7051	7053	7047	7054	7172	7170	7180	7307	7309	7301	7303	7437	7439	7438	7436	7567	7558	7559
33	88	5646	5645	5643	5512	5514	5515	5513	5388	5390	5385	5400	5258	5254	5263	5130	5132	5129	5144	5004	5007	5005	4872	4877	4875	4748	4750	4749	4747	4618	4614	4623	4492	4495	4493	4360	4362	4363	4361	4236	4238	4239	4237	4111	4109	4110	4108	6157	6159	6158	6156	6281	6283	6282	6280	6413	6415	6412	6543	6534	6538	6667	6669	6670	6668	6795	6797	6792	6925	6927	6924	7064	7049	7052	7050	7183	7174	7178	7320	7305	7310	7308	7433	7435	7434	7432	7563	7565	7566
34	90	5642	5644	5641	5656	5529	5528	5530	5384	5386	5402	5404	5256	5261	5259	5145	5128	5146	5148	5000	5002	5003	5001	4889	4873	4888	4744	4746	4745	4760	4616	4621	4619	4488	4490	4491	4489	4377	4376	4378	4232	4234	4235	4233	4107	4105	4106	4104	6153	6155	6154	6152	6298	6296	6297	6409	6411	6410	6408	6539	6541	6536	6680	6665	6666	6664	6808	6793	6809	6921	6923	6922	6920	7068	7066	7048	7065	7179	7181	7176	7324	7322	7306	7304	7450	7448	7449	7576	7561	7564	7562
35	90	5657	5640	5658	5660	5531	5532	5533	5403	5401	5405	5406	5273	5257	5272	5147	5149	5150	5143	5019	5017	5016	5018	4891	4890	4892	4763	4761	4762	4764	4633	4617	4632	4507	4505	4504	4506	4379	4380	4381	4251	4249	4248	4250	4120	4122	4121	4123	6170	6168	6169	6171	6301	6300	6299	6426	6424	6425	6427	6552	6537	6553	6684	6682	6681	6683	6812	6810	6811	6938	6936	6937	6939	7063	7070	7069	7067	7192	7177	7193	7326	7325	7321	7323	7453	7452	7451	7580	7578	7560	7577
36	90	5659	5663	5661	5662	5526	5535	5534	5396	5398	5407	5399	5275	5274	5276	5140	5142	5151	5141	5023	5021	5022	5020	4895	4893	4894	4758	4767	4765	4766	4635	4634	4636	4511	4509	4510	4508	4374	4383	4382	4255	4253	4254	4252	4124	4126	4125	4127	6172	6174	6173	6175	6302	6303	6294	6428	6430	6429	6431	6556	6554	6555	6686	6685	6687	6678	6814	6813	6815	6940	6942	6941	6943	7061	7071	7062	7060	7196	7194	7195	7319	7327	7318	7316	7454	7455	7446	7582	7581	7583	7579
37	92	5652	5654	5655	5653	5522	5524	5527	5408	5392	5394	5397	5268	5270	5279	5277	5136	5138	5139	5010	5012	5014	5015	4884	4886	4887	4885	4754	4756	4759	4639	4637	4638	4631	4500	4502	4503	4501	4370	4372	4375	4244	4246	4247	4245	4117	4119	4118	4116	6165	6167	6166	6164	6295	6292	6290	6421	6423	6422	6420	6551	6558	6557	6559	6679	6676	6674	6805	6807	6806	6804	6935	6934	6932	6930	7059	7058	7056	7197	7199	7190	7188	7317	7314	7312	7328	7447	7444	7442	7573	7575	7574	7572
38	92	5648	5650	5651	5649	5520	5525	5523	5412	5410	5395	5393	5264	5266	5278	5271	5152	5137	5153	5026	5024	5008	5013	4880	4882	4883	4881	4768	4752	4757	4628	4630	4629	4627	4496	4498	4499	4497	4384	4368	4373	4240	4242	4243	4241	4115	4113	4114	4112	6161	6163	6162	6160	6293	6288	6304	6417	6419	6418	6416	6547	6549	6550	6548	6677	6672	6688	6801	6803	6802	6800	6933	6928	6944	6946	7073	7057	7072	7191	7198	7186	7184	7313	7315	7330	7332	7443	7445	7440	7569	7571	7570	7568
39	92	5666	5664	5665	5667	5536	5521	5537	5423	5414	5409	5411	5282	5280	5269	5267	5154	5155	5157	5030	5028	5011	5009	4898	4896	4897	4899	4770	4755	4753	4624	4626	4625	4641	4514	4512	4513	4515	4388	4386	4371	4258	4256	4257	4259	4129	4131	4128	4130	6179	6177	6176	6178	6291	6306	6308	6435	6433	6432	6434	6561	6545	6546	6544	6673	6675	6690	6819	6817	6816	6818	6929	6931	6948	6950	7077	7075	7074	7187	7189	7200	7202	7331	7329	7334	7343	7457	7441	7456	7587	7585	7584	7586
40	94	5670	5668	5669	5671	5540	5538	5539	5541	5421	5413	5415	5286	5284	5265	5281	5158	5156	5159	5166	5039	5025	5027	4902	4900	4901	4903	4774	4772	4769	4771	4642	4640	4643	4645	4518	4516	4517	4519	4390	4369	4385	4262	4260	4261	4263	4133	4135	4132	4134	6183	6181	6180	6182	6305	6289	6310	6439	6437	6436	6438	6565	6563	6560	6562	6691	6689	6692	6694	6823	6821	6820	6822	6947	6945	6959	7086	7079	7076	7078	7201	7185	7204	7206	7335	7333	7341	7461	7459	7458	7460	7591	7589	7588	7590
41	94	5677	5679	5678	5676	5551	5542	5543	5550	5419	5420	5422	5293	5295	5283	5285	5165	5167	5164	5162	5037	5029	5031	4909	4911	4910	4908	4781	4783	4773	4775	4646	4644	4647	4654	4525	4527	4526	4524	4399	4387	4389	4269	4271	4270	4268	4138	4142	4143	4141	6188	6190	6191	6189	6309	6307	6319	6444	6446	6447	6445	6574	6567	6564	6566	6695	6693	6703	6701	6828	6830	6831	6829	6951	6949	6957	7082	7084	7087	7085	7205	7203	7215	7213	7342	7340	7339	7470	7463	7462	7471	7596	7598	7599	7597
42	94	5673	5675	5674	5672	5549	5545	5547	5548	5417	5418	5416	5292	5290	5287	5294	5161	5163	5160	5177	5034	5032	5038	4905	4907	4906	4904	4777	4779	4780	4782	4653	4655	4652	4650	4521	4523	4522	4520	4397	4391	4398	4265	4267	4266	4264	4136	4140	4139	4137	6184	6186	6187	6185	6318	6311	6317	6440	6442	6443	6441	6570	6572	6575	6573	6702	6700	6699	6697	6824	6826	6827	6825	6958	6952	6954	7097	7080	7083	7081	7214	7207	7210	7212	7336	7338	7337	7468	7467	7465	7469	7592	7594	7595	7593
43	96	5690	5688	5689	5691	5562	5560	5546	5544	5434	5432	5433	5289	5291	5288	5305	5178	5176	5179	5181	5035	5036	5049	5051	4922	4920	4921	4923	4794	4792	4778	4776	4649	4651	4648	4665	4538	4536	4537	4539	4393	4395	4396	4282	4280	4281	4283	4155	4153	4152	4154	6203	6201	6200	6202	6316	6315	6313	6459	6457	6456	6458	6585	6568	6571	6569	6696	6698	6712	6714	6843	6841	6840	6842	6971	6969	6956	6955	7101	7099	7096	7098	7225	7208	7211	7209	7353	7352	7354	7464	7466	7480	7482	7611	7609	7608	7610
44	96	5694	5692	5693	5695	5566	5564	5561	5563	5436	5435	5437	5306	5304	5307	5309	5182	5180	5183	5174	5048	5033	5053	5055	4926	4924	4925	4927	4798	4796	4793	4795	4666	4664	4667	4669	4542	4540	4541	4543	4408	4394	4392	4286	4284	4285	4287	4157	4159	4156	4158	6207	6205	6204	6206	6312	6314	6328	6463	6461	6460	6462	6589	6587	6584	6586	6715	6713	6716	6718	6847	6845	6844	6846	6975	6973	6953	6968	7094	7103	7100	7102	7229	7227	7224	7226	7357	7355	7356	7483	7481	7484	7486	7615	7613	7612	7614
45	96	5685	5687	5686	5684	5557	5559	5565	5567	5438	5439	5430	5310	5308	5311	5302	5173	5175	5172	5170	5052	5050	5046	5044	4917	4919	4918	4916	4789	4791	4797	4799	4670	4668	4671	4662	4533	4535	4534	4532	4410	4409	4411	4277	4279	4278	4276	4150	4148	4151	4149	6196	6198	6199	6197	6331	6329	6330	6452	6454	6455	6453	6582	6591	6588	6590	6719	6717	6711	6709	6836	6838	6839	6837	6964	6966	6970	6972	7090	7092	7095	7093	7222	7231	7228	7230	7350	7359	7358	7487	7485	7479	7477	7604	7606	7607	7605
46	98	5681	5683	5682	5680	5553	5555	5558	5556	5429	5431	5428	5426	5301	5303	5300	5298	5169	5171	5168	5045	5047	5054	5042	5040	4913	4915	4914	4785	4787	4790	4788	4661	4663	4660	4658	4529	4531	4530	4528	4414	4412	4413	4415	4273	4275	4274	4272	4146	4144	4147	4145	6192	6194	6195	6193	6335	6333	6332	6334	6448	6450	6451	6449	6578	6580	6583	6581	6708	6710	6707	6705	6834	6835	6833	6960	6962	6974	6967	6965	7088	7091	7089	7218	7220	7223	7221	7346	7348	7351	7349	7476	7478	7475	7473	7600	7602	7603	7601
47	98	5699	5697	5696	5698	5568	5570	5554	5552	5425	5427	5424	5440	5297	5299	5296	5312	5185	5184	5186	5041	5043	5057	5056	5058	4929	4928	4912	4800	4802	4786	4784	4657	4659	4656	4672	4547	4545	4544	4546	4405	4407	4406	4404	4291	4289	4288	4290	4162	4160	4161	4163	6210	6208	6209	6211	6324	6326	6327	6325	6466	6464	6465	6467	6592	6576	6579	6577	6704	6706	6722	6720	6832	6848	6849	6978	6976	6977	6963	6961	7106	7104	7105	7232	7216	7219	7217	7360	7344	7347	7345	7472	7474	7490	7488	7618	7616	7617	7619
48	98	5703	5701	5700	5702	5571	5569	5572	5574	5443	5441	5442	5444	5315	5313	5314	5316	5187	5188	5190	5063	5061	5059	5060	5062	4931	4930	4932	4803	4801	4804	4806	4675	4673	4674	4676	4551	4549	4548	4550	4401	4403	4402	4400	4295	4293	4292	4294	4166	4164	4165	4167	6214	6212	6213	6215	6320	6322	6323	6321	6470	6468	6469	6471	6596	6594	6593	6595	6726	6724	6721	6723	6852	6850	6851	6982	6980	6979	6981	6983	7110	7108	7107	7236	7234	7233	7235	7364	7362	7361	7363	7494	7492	7489	7491	7622	7620	7621	7623
49	100	5708	5710	5711	5709	5575	5573	5583	5581	5447	5445	5446	5455	5319	5317	5318	5327	5191	5189	5199	5197	5068	5070	5071	5069	4935	4933	4934	4943	4807	4805	4815	4813	4679	4677	4678	4687	4556	4558	4559	4557	4419	4417	4416	4418	4300	4302	4303	4301	4175	4173	4174	4172	6221	6223	6222	6220	6338	6336	6337	6339	6477	6479	6478	6476	6607	6598	6597	6599	6733	6735	6725	6727	6863	6854	6853	6855	6989	6991	6990	6988	7117	7119	7109	7111	7247	7238	7237	7239	7375	7366	7365	7367	7501	7503	7493	7495	7629	7631	7630	7628
50	100	5704	5706	5707	5705	5580	5582	5579	5577	5452	5454	5453	5451	5324	5326	5325	5323	5196	5198	5195	5193	5064	5066	5067	5065	4940	4942	4941	4939	4812	4814	4811	4809	4684	4686	4685	4683	4552	4554	4555	4553	4423	4421	4420	4422	4296	4298	4299	4297	4171	4169	4170	4168	6217	6219	6218	6216	6342	6340	6341	6343	6473	6475	6474	6472	6603	6605	6606	6604	6729	6731	6734	6732	6859	6861	6862	6860	6985	6987	6986	6984	7113	7115	7118	7116	7243	7245	7246	7244	7371	7373	7374	7372	7497	7499	7502	7500	7625	7627	7626	7624
51	100	5723	5721	5720	5722	5576	5578	5592	5594	5448	5450	5449	5464	5320	5322	5321	5336	5192	5194	5208	5210	5083	5081	5080	5082	4936	4938	4937	4952	4808	4810	4824	4826	4680	4682	4681	4696	4571	4569	4568	4570	4428	4430	4431	4429	4315	4313	4312	4314	4184	4186	4185	4187	6234	6232	6233	6235	6349	6351	6350	6348	6490	6488	6489	6491	6616	6601	6602	6600	6746	6744	6730	6728	6872	6857	6858	6856	7002	7000	7001	7003	7130	7128	7114	7112	7256	7241	7242	7240	7384	7369	7370	7368	7514	7512	7498	7496	7642	7640	7641	7643
52	102	5718	5727	5725	5724	5595	5593	5596	5599	5467	5465	5466	5468	5339	5337	5338	5340	5211	5209	5212	5213	5078	5087	5085	5084	4955	4953	4954	4956	4829	4827	4825	4828	4699	4697	4698	4700	4702	4575	4573	4574	4572	4424	4426	4427	4425	4319	4317	4318	4316	4188	4190	4189	4191	6236	6238	6237	6239	6345	6347	6346	6344	6492	6494	6493	6495	6622	6620	6618	6617	6619	6748	6745	6747	6749	6876	6874	6873	6875	7004	7005	7007	6998	7133	7132	7129	7131	7260	7258	7257	7259	7388	7386	7385	7387	7519	7516	7513	7515	7644	7645	7647	7638
53	102	5714	5716	5726	5719	5588	5590	5597	5598	5460	5462	5471	5469	5343	5341	5342	5335	5204	5206	5215	5214	5074	5076	5086	5079	4948	4950	4959	4957	4822	4831	4830	4823	4694	4703	4701	4695	4693	4564	4566	4567	4565	4443	4441	4440	4442	4308	4310	4311	4309	4181	4183	4182	4180	6229	6231	6230	6228	6362	6360	6361	6363	6485	6487	6486	6484	6613	6615	6621	6623	6614	6743	6750	6751	6742	6877	6879	6870	6868	6999	7006	6996	6994	7134	7135	7126	7124	7255	7262	7261	7263	7389	7391	7382	7380	7518	7517	7510	7508	7639	7646	7636	7634
54	102	5728	5712	5717	5715	5584	5586	5591	5589	5456	5458	5470	5463	5332	5334	5333	5331	5200	5202	5207	5205	5088	5072	5077	5075	4944	4946	4958	4951	4818	4820	4821	4819	4688	4690	4692	4691	4689	4560	4562	4563	4561	4445	4446	4439	4444	4304	4306	4307	4305	4179	4177	4178	4176	6225	6227	6226	6224	6364	6359	6366	6365	6481	6483	6482	6480	6609	6611	6612	6610	6608	6739	6741	6740	6738	6871	6878	6866	6864	6995	6997	6992	7008	7125	7127	7122	7120	7251	7253	7254	7252	7383	7390	7378	7376	7509	7511	7506	7504	7635	7637	7632	7648
55	104	5732	5730	5713	5729	5602	5600	5587	5585	5474	5472	5461	5459	5344	5328	5330	5329	5345	5218	5216	5203	5201	5092	5090	5073	5089	4962	4960	4949	4947	4832	4816	4817	4833	4706	4704	4705	4707	4578	4576	4577	4579	4436	4438	4447	4437	4435	4322	4320	4321	4323	4193	4195	4192	4194	6243	6241	6240	6242	6355	6357	6367	6358	6356	6499	6497	6496	6498	6627	6625	6624	6626	6753	6737	6736	6752	6867	6869	6880	6882	7009	6993	7010	7012	7121	7123	7136	7138	7265	7249	7250	7248	7264	7379	7381	7392	7394	7505	7507	7520	7522	7649	7633	7650	7652
56	104	5743	5734	5731	5733	5606	5604	5601	5603	5478	5476	5457	5473	5350	5348	5346	5347	5349	5222	5220	5217	5219	5103	5094	5091	5093	4966	4964	4945	4961	4836	4834	4835	4837	4710	4708	4709	4711	4582	4580	4581	4583	4448	4432	4434	4433	4449	4326	4324	4325	4327	4197	4199	4196	4198	6247	6245	6244	6246	6369	6353	6354	6352	6368	6503	6501	6500	6502	6631	6629	6628	6630	6757	6755	6754	6756	6881	6865	6884	6886	7013	7011	7014	7023	7139	7137	7140	7142	7269	7267	7266	7268	7270	7393	7377	7396	7398	7523	7521	7524	7526	7653	7651	7654	7663
57	104	5739	5741	5735	5742	5613	5615	5605	5607	5485	5487	5475	5477	5355	5357	5359	5351	5358	5229	5231	5221	5223	5100	5101	5095	5102	4973	4975	4963	4965	4847	4838	4839	4846	4717	4719	4718	4716	4589	4591	4590	4588	4454	4452	4450	4451	4453	4333	4335	4334	4332	4202	4206	4207	4205	6252	6254	6255	6253	6373	6371	6370	6372	6374	6508	6510	6511	6509	6636	6638	6639	6637	6766	6759	6758	6767	6885	6883	6895	6893	7022	7015	7021	7020	7143	7141	7151	7149	7278	7271	7279	7277	7275	7397	7395	7407	7405	7527	7525	7535	7533	7662	7655	7661	7659
58	106	5737	5740	5738	5736	5612	5610	5608	5614	5483	5484	5482	5479	5486	5353	5356	5354	5352	5228	5226	5224	5230	5097	5099	5098	5096	4971	4972	4970	4967	4974	4845	4844	4842	4840	4713	4715	4714	4712	4585	4587	4586	4584	4461	4463	4455	4462	4456	4329	4331	4330	4328	4200	4204	4203	4201	6248	6250	6251	6249	6376	6382	6375	6383	6381	6504	6506	6507	6505	6632	6634	6635	6633	6760	6762	6764	6765	6894	6887	6890	6892	6891	7016	7018	7019	7017	7150	7144	7146	7148	7272	7274	7276	7273	7406	7399	7402	7404	7403	7534	7528	7530	7532	7656	7658	7660	7657
59	106	5754	5752	5753	5755	5609	5611	5625	5627	5496	5481	5480	5497	5499	5370	5368	5369	5371	5225	5227	5241	5243	5114	5112	5113	5115	4984	4969	4968	4985	4987	4841	4843	4857	4859	4730	4728	4729	4731	4602	4600	4601	4603	4459	4460	4458	4473	4475	4346	4344	4345	4347	4219	4217	4216	4218	6267	6265	6264	6266	6395	6393	6378	6380	6379	6523	6521	6520	6522	6651	6649	6648	6650	6779	6777	6763	6761	6907	6905	6888	6889	6904	7035	7033	7032	7034	7163	7161	7147	7145	7291	7289	7288	7290	7419	7417	7400	7401	7416	7547	7545	7531	7529	7675	7673	7672	7674
60	106	5758	5756	5757	5759	5626	5624	5629	5631	5502	5500	5498	5501	5503	5374	5372	5373	5375	5242	5240	5245	5247	5118	5116	5117	5119	4990	4988	4986	4989	4991	4858	4856	4861	4863	4734	4732	4733	4735	4606	4604	4605	4607	4474	4472	4457	4477	4479	4350	4348	4349	4351	4221	4223	4220	4222	6271	6269	6268	6270	6399	6397	6377	6392	6394	6527	6525	6524	6526	6655	6653	6652	6654	6783	6781	6776	6778	6911	6909	6906	6908	6910	7039	7037	7036	7038	7167	7165	7160	7162	7295	7293	7292	7294	7423	7421	7418	7420	7422	7551	7549	7544	7546	7679	7677	7676	7678
61	108	5749	5751	5750	5748	5623	5630	5628	5622	5620	5493	5495	5494	5492	5365	5367	5366	5364	5239	5246	5244	5238	5236	5109	5111	5110	5108	4981	4983	4982	4980	4855	4862	4860	4854	4852	4725	4727	4726	4724	4597	4599	4598	4596	4471	4478	4476	4470	4468	4341	4343	4342	4340	4214	4212	4215	4213	6260	6262	6263	6261	6388	6390	6396	6398	6391	6516	6518	6519	6517	6644	6646	6647	6645	6772	6774	6780	6782	6775	6900	6902	6903	6901	7028	7030	7031	7029	7156	7158	7164	7166	7159	7284	7286	7287	7285	7412	7414	7415	7413	7540	7542	7548	7550	7543	7668	7670	7671	7669
62	108	5745	5747	5746	5744	5617	5619	5621	5618	5616	5489	5491	5490	5488	5361	5363	5362	5360	5233	5235	5237	5234	5232	5105	5107	5106	5104	4977	4979	4978	4976	4849	4851	4853	4850	4848	4721	4723	4722	4720	4593	4595	4594	4592	4465	4467	4469	4466	4464	4337	4339	4338	4336	4210	4208	4211	4209	6256	6258	6259	6257	6384	6386	6389	6387	6385	6512	6514	6515	6513	6640	6642	6643	6641	6768	6770	6773	6771	6769	6896	6898	6899	6897	7024	7026	7027	7025	7152	7154	7157	7155	7153	7280	7282	7283	7281	7408	7410	7411	7409	7536	7538	7541	7539	7537	7664	7666	7667	7665
63	74	9217	9219	9216	9218	9091	9089	9088	9090	8961	8960	8962	8964	8833	8835	8832	8834	8705	8707	8704	8706	8708	8577	8576	8578	8580	8449	8451	8448	8450	8321	8323	8320	8322	8193	8192	8194	8196	10244	10242	10240	10241	10370	10368	10371	10369	10498	10496	10499	10497	10628	10626	10624	10625	10756	10754	10752	10755	10753	10882	10880	10883	10881	11012	11010	11008	11009	11138	11136	11137	11139	11266	11264	11267	11265
64	76	9221	9223	9220	9222	9095	9093	9092	9094	8963	8965	8967	8966	8975	8837	8839	8836	8838	8709	8711	8710	8719	8579	8581	8583	8582	8591	8453	8455	8452	8454	8325	8327	8324	8326	8195	8197	8198	8207	10255	10246	10245	10243	10374	10372	10375	10373	10502	10500	10503	10501	10639	10630	10631	10629	10627	10767	10758	10759	10757	10886	10884	10887	10885	11023	11014	11015	11013	11011	11142	11140	11141	11143	11270	11268	11271	11269
65	76	9230	9228	9229	9231	9102	9100	9101	9103	8974	8972	8970	8971	8973	8846	8844	8845	8847	8718	8716	8715	8717	8590	8588	8586	8587	8589	8462	8460	8461	8463	8334	8332	8333	8335	8199	8206	8203	8205	10253	10251	10254	10247	10383	10381	10380	10382	10511	10509	10508	10510	10637	10635	10634	10636	10638	10765	10763	10764	10766	10895	10893	10892	10894	11021	11019	11018	11020	11022	11151	11149	11148	11150	11279	11277	11276	11278
66	76	9226	9224	9225	9227	9098	9096	9097	9099	8968	8985	8987	8984	8969	8842	8840	8841	8843	8714	8712	8728	8713	8584	8601	8603	8600	8585	8458	8456	8457	8459	8330	8328	8329	8331	8204	8202	8216	8201	10249	10264	10250	10252	10379	10377	10376	10378	10507	10505	10504	10506	10633	10648	10651	10649	10632	10761	10776	10760	10762	10891	10889	10888	10890	11017	11032	11035	11033	11016	11147	11145	11144	11146	11275	11273	11272	11274
67	76	9241	9243	9242	9240	9113	9115	9114	9112	8982	8991	8989	8988	8986	8857	8859	8858	8856	8729	8731	8732	8730	8605	8607	8598	8604	8602	8473	8475	8474	8472	8345	8347	8346	8344	8200	8217	8220	8218	10266	10268	10265	10248	10392	10394	10395	10393	10520	10522	10523	10521	10650	10652	10646	10655	10653	10778	10780	10779	10777	10904	10906	10907	10905	11034	11036	11037	11039	11030	11160	11162	11163	11161	11288	11290	11291	11289
68	78	9238	9247	9245	9244	9110	9119	9117	9118	9116	8978	8980	8990	8983	8863	8861	8862	8860	8724	8726	8735	8733	8734	8596	8594	8606	8599	8479	8477	8478	8471	8476	8351	8349	8350	8348	8219	8221	8223	8214	10262	10271	10269	10267	10396	10398	10397	10399	10524	10519	10526	10525	10527	10647	10654	10642	10644	10782	10781	10783	10774	10772	10908	10910	10909	10911	11031	11038	11028	11026	11164	11166	11165	11167	11158	11292	11293	11295	11286
69	78	9234	9236	9239	9246	9106	9108	9111	9109	9107	8992	8976	8981	8979	8852	8854	8855	8853	8722	8720	8727	8725	8723	8608	8592	8595	8597	8466	8468	8470	8469	8467	8340	8342	8343	8341	8212	8210	8222	8215	10263	10270	10258	10260	10389	10391	10390	10388	10515	10517	10518	10516	10514	10645	10643	10640	10656	10771	10773	10775	10768	10770	10901	10903	10902	10900	11027	11029	11024	11040	11155	11157	11159	11156	11154	11294	11287	11284	11282
70	78	9248	9232	9235	9237	9104	9120	9121	9105	9123	8994	8996	8993	8977	8848	8850	8851	8849	8736	8738	8737	8721	8739	8612	8610	8609	8593	8464	8480	8482	8481	8465	8336	8338	8337	8339	8208	8224	8211	8213	10261	10259	10272	10256	10387	10385	10386	10384	10513	10529	10530	10528	10512	10641	10657	10658	10660	10787	10769	10785	10786	10784	10897	10899	10898	10896	11025	11041	11044	11042	11171	11153	11169	11168	11152	11285	11283	11280	11296
71	80	9250	9252	9249	9233	9122	9124	9126	9127	9125	8998	9007	9005	8997	8995	8866	8864	8867	8865	8740	8742	8743	8741	8621	8623	8614	8613	8611	8484	8486	8485	8483	8354	8356	8352	8355	8353	8226	8228	8225	8209	10257	10273	10276	10274	10401	10403	10400	10404	10402	10531	10533	10534	10532	10659	10661	10662	10671	10669	10789	10791	10790	10788	10913	10915	10912	10914	11043	11045	11053	11055	11046	11173	11175	11174	11172	11170	11281	11297	11300	11298
72	80	9254	9263	9253	9251	9135	9133	9134	9130	9128	9003	9004	9002	9006	8999	8870	8868	8871	8869	8751	8749	8750	8744	8619	8620	8618	8622	8615	8495	8493	8494	8487	8358	8367	8365	8359	8357	8230	8239	8229	8227	10275	10277	10287	10278	10405	10407	10413	10415	10406	10535	10542	10541	10543	10663	10670	10666	10668	10667	10792	10798	10797	10799	10917	10919	10916	10918	11047	11054	11050	11052	11051	11176	11178	11182	11181	11183	11299	11301	11311	11302
73	80	9260	9261	9262	9255	9129	9131	9132	9145	9147	9016	9001	9000	9017	8874	8877	8879	8878	8747	8746	8748	8761	8763	8632	8617	8616	8633	8635	8490	8492	8505	8507	8363	8364	8362	8366	8236	8234	8237	8238	8231	10279	10286	10285	10282	10284	10414	10410	10412	10411	10555	10553	10540	10538	10683	10681	10664	10665	10680	10811	10809	10796	10794	10795	10926	10927	10925	10922	11065	11048	11049	11064	11195	11193	11180	11179	11177	11303	11310	11309	11308
74	80	9259	9258	9256	9273	9146	9144	9149	9151	9018	9020	9022	9019	9021	8876	8872	8889	8891	8745	8760	8762	8765	8767	8634	8636	8637	8639	8491	8489	8488	8509	8511	8376	8361	8360	8377	8233	8235	8232	8249	8251	10299	10297	10280	10283	10281	10425	10408	10409	10424	10559	10557	10536	10537	10539	10687	10685	10684	10682	10815	10813	10810	10808	10793	10939	10937	10920	10924	11069	11067	11070	11068	11066	11199	11197	11192	11194	11321	11304	11306	11307
75	82	9257	9272	9274	9275	9277	9148	9150	9140	9142	9015	9013	9023	9014	8875	8873	8888	8893	8895	8764	8766	8759	8756	8758	8638	8631	8628	8630	8504	8506	8508	8502	8500	8380	8378	8381	8379	8248	8250	8252	8253	8255	10303	10301	10300	10298	10296	10427	10429	10426	10428	10548	10550	10556	10554	10552	10678	10676	10679	10686	10806	10804	10807	10814	10812	10943	10941	10936	10921	10923	11062	11071	11061	11063	11190	11188	11198	11196	11325	11323	11322	11320	11305
76	82	9276	9278	9271	9270	9279	9143	9141	9136	9138	9011	9009	9012	9010	8890	8892	8894	8884	8886	8757	8755	8753	8752	8754	8629	8625	8624	8626	8510	8503	8501	8496	8498	8375	8382	8374	8383	8254	8247	8245	8244	8246	10294	10292	10293	10295	10302	10431	10422	10430	10423	10546	10544	10549	10551	10558	10674	10672	10673	10677	10802	10800	10801	10803	10805	10934	10932	10942	10940	10938	11058	11060	11057	11059	11186	11184	11189	11191	11327	11318	11319	11326	11324
77	82	9269	9267	9265	9266	9268	9139	9137	9156	9158	9026	9028	9030	9008	8887	8883	8881	8880	8882	8771	8769	8768	8770	8774	8627	8640	8644	8655	8499	8497	8513	8514	8369	8371	8373	8370	8372	8243	8241	8240	8242	8262	10310	10290	10288	10289	10291	10420	10418	10421	10419	10417	10562	10561	10545	10547	10703	10692	10688	10675	10822	10818	10816	10817	10819	10930	10928	10929	10931	10935	11056	11078	11076	11074	11206	11204	11185	11187	11316	11314	11313	11315	11317
78	84	9281	9282	9280	9284	9264	9153	9152	9154	9167	9027	9025	9024	9039	9037	8885	8898	8896	8902	8909	8775	8773	8772	8783	8643	8641	8642	8646	8653	8517	8515	8512	8516	8384	8388	8390	8399	8368	8257	8256	8258	8260	8271	10319	10308	10306	10304	10305	10416	10447	10438	10436	10432	10564	10560	10563	10565	10701	10694	10690	10689	10691	10831	10820	10821	10823	10957	10950	10944	10946	10933	11085	11087	11072	11073	11075	11215	11202	11200	11201	11312	11332	11328	11330	11329
79	84	9287	9285	9283	9286	9295	9155	9157	9165	9163	9029	9031	9038	9035	9033	8897	8899	8900	8911	8907	8782	8780	8779	8781	8645	8647	8654	8651	8649	8519	8526	8518	8527	8385	8387	8386	8397	8395	8259	8261	8263	8269	8267	10315	10317	10311	10309	10307	10443	10445	10434	10435	10433	10575	10566	10574	10567	10697	10699	10702	10695	10693	10829	10827	10828	10830	10955	10959	10948	10947	10945	11081	11083	11086	11079	11077	11211	11213	11205	11203	11343	11334	11331	11333	11335
80	84	9294	9292	9290	9291	9293	9159	9166	9176	9161	9036	9034	9032	9050	9048	8901	8903	8910	8905	8920	8778	8776	8792	8777	8652	8650	8648	8666	8664	8524	8522	8523	8525	8389	8398	8391	8393	8408	8270	8268	8266	8280	8265	10313	10328	10314	10316	10318	10456	10441	10439	10446	10437	10573	10571	10570	10572	10712	10714	10696	10698	10700	10825	10840	10824	10826	10968	10953	10958	10951	10949	11096	11098	11080	11082	11084	11209	11224	11214	11207	11341	11339	11338	11340	11342
81	86	9288	9305	9307	9304	9289	9164	9162	9179	9180	9178	9049	9051	9052	9047	8908	8904	8923	8924	8922	8797	8793	8795	8796	8794	8665	8667	8668	8670	8520	8537	8539	8536	8521	8396	8392	8394	8412	8410	8264	8281	8283	8284	8282	10330	10332	10331	10329	10312	10458	10460	10442	10440	10444	10569	10584	10587	10585	10568	10718	10716	10715	10713	10842	10844	10843	10841	10845	10970	10972	10971	10952	10956	11095	11100	11099	11097	11226	11228	11227	11210	11212	11337	11352	11355	11353	11336
82	86	9311	9309	9310	9308	9306	9160	9177	9181	9182	9175	9055	9053	9054	9043	8906	8921	8925	8926	8919	8799	8798	8791	8789	8787	8669	8671	8662	8663	8541	8542	8535	8540	8538	8411	8409	8413	8414	8407	8285	8279	8286	8277	8275	10323	10325	10334	10327	10333	10455	10462	10461	10457	10459	10586	10588	10583	10590	10589	10711	10710	10719	10717	10835	10837	10839	10846	10847	10967	10974	10973	10969	10954	11091	11102	11101	11103	11223	11230	11229	11225	11208	11354	11356	11358	11357	11359
83	86	9302	9300	9303	9301	9299	9172	9174	9183	9173	9171	9044	9046	9045	9041	8916	8918	8927	8917	8915	8790	8788	8786	8785	8801	8658	8660	8661	8659	8532	8543	8534	8533	8531	8404	8406	8415	8405	8403	8287	8278	8276	8273	8289	10337	10321	10324	10326	10335	10451	10453	10463	10454	10452	10579	10581	10582	10591	10580	10707	10709	10708	10706	10849	10833	10834	10836	10838	10963	10965	10975	10966	10964	11089	11093	11094	11092	11219	11221	11231	11222	11220	11347	11349	11351	11348	11350
84	86	9298	9296	9297	9313	9315	9170	9168	9184	9185	9169	9040	9042	9057	9059	8914	8912	8928	8929	8913	8784	8800	8802	8803	8805	8656	8672	8673	8657	8530	8528	8544	8529	8545	8402	8400	8416	8417	8401	8274	8272	8288	8293	8291	10339	10341	10336	10320	10322	10449	10465	10464	10448	10450	10593	10577	10592	10576	10578	10705	10721	10720	10704	10853	10851	10850	10848	10832	10961	10977	10976	10960	10962	11107	11105	11090	11088	11217	11233	11232	11216	11218	11363	11361	11345	11344	11346
85	88	9312	9314	9316	9319	9317	9186	9188	9190	9189	9187	9058	9060	9056	9063	9061	8930	8932	8934	8933	8931	8804	8815	8814	8807	8674	8676	8678	8677	8675	8546	8548	8550	8549	8547	8418	8420	8422	8421	8419	8290	8294	8301	8302	8295	10343	10350	10349	10342	10338	10467	10469	10470	10468	10466	10595	10597	10598	10596	10594	10723	10725	10726	10724	10722	10855	10862	10863	10852	10979	10981	10982	10980	10978	11109	11111	11104	11108	11106	11235	11237	11238	11236	11234	11365	11367	11364	11362	11360
86	88	9318	9327	9325	9326	9337	9196	9199	9197	9198	9191	9062	9071	9069	9070	9064	8940	8941	8943	8942	8935	8806	8813	8810	8825	8682	8687	8685	8686	8679	8559	8557	8558	8551	8569	8426	8431	8429	8430	8423	8292	8303	8300	8296	8315	10363	10344	10348	10351	10340	10471	10478	10477	10479	10474	10617	10599	10606	10605	10607	10727	10734	10733	10735	10730	10873	10858	10861	10854	10983	10990	10991	10989	10988	11112	11118	11117	11119	11110	11239	11246	11245	11247	11244	11385	11374	11373	11375	11366
87	88	9323	9324	9322	9320	9339	9195	9194	9192	9209	9213	9067	9068	9066	9081	9085	8939	8938	8936	8953	8957	8811	8812	8808	8827	8683	8680	8684	8697	8699	8555	8554	8556	8552	8571	8427	8424	8428	8441	8443	8297	8299	8298	8313	8317	10365	10361	10346	10347	10345	10491	10489	10476	10472	10475	10619	10600	10604	10602	10603	10747	10745	10732	10728	10731	10875	10856	10860	10859	11005	11001	10984	10986	10987	11133	11129	11114	11116	11115	11261	11257	11240	11242	11243	11387	11368	11370	11372	11371
88	90	9321	9336	9338	9341	9343	9193	9208	9210	9211	9215	9065	9080	9082	9083	9087	8937	8952	8954	8955	8959	8809	8824	8826	8829	8831	8681	8696	8698	8701	8703	8553	8568	8570	8573	8575	8425	8440	8442	8445	8447	8312	8314	8316	8319	8310	10358	10367	10364	10362	10360	10495	10493	10490	10488	10473	10623	10621	10618	10616	10601	10751	10749	10746	10744	10729	10879	10877	10874	10872	10857	11007	11003	11002	11000	10985	11135	11131	11130	11128	11113	11263	11259	11258	11256	11241	11391	11389	11386	11384	11369
89	90	9340	9342	9335	9332	9334	9212	9214	9207	9204	9206	9084	9086	9079	9076	9078	8956	8958	8951	8948	8950	8828	8830	8823	8820	8822	8700	8702	8695	8692	8694	8572	8574	8567	8564	8566	8444	8446	8439	8436	8438	8318	8311	8309	8306	8308	10356	10354	10357	10359	10366	10486	10484	10487	10494	10492	10614	10612	10615	10622	10620	10742	10740	10743	10750	10748	10870	10868	10871	10878	10876	10998	10996	10999	11006	11004	11126	11124	11127	11134	11132	11254	11252	11255	11262	11260	11382	11380	11383	11390	11388
90	90	9333	9331	9329	9328	9330	9205	9203	9201	9200	9202	9077	9075	9073	9072	9074	8949	8947	8945	8944	8946	8821	8819	8817	8816	8818	8693	8691	8689	8688	8690	8565	8563	8561	8560	8562	8437	8435	8433	8432	8434	8307	8305	8304	12289	12290	14338	14337	10352	10353	10355	10482	10480	10481	10483	10485	10610	10608	10609	10611	10613	10738	10736	10737	10739	10741	10866	10864	10865	10867	10869	10994	10992	10993	10995	10997	11122	11120	11121	11123	11125	11250	11248	11249	11251	11253	11378	11376	11377	11379	11381
91	90	13442	13440	13446	13453	13315	13313	13312	13314	13316	13185	13184	13186	13188	13190	13057	13056	13058	13060	12931	12929	12928	12930	12932	12802	12800	12806	12813	12673	12672	12674	12676	12678	12545	12544	12546	12548	12420	12418	12416	12422	12431	12293	12291	12288	12292	14340	14336	14339	14341	14479	14470	14464	14466	14468	14596	14594	14592	14593	14726	14724	14722	14720	14721	14861	14854	14848	14850	14980	14978	14976	14977	14979	15108	15106	15104	15105	15238	15236	15234	15232	15233	15364	15362	15360	15361	15363	15501	15494	15488	15490
92	92	13441	13443	13444	13455	13451	13319	13317	13327	13318	13187	13189	13191	13199	13197	13059	13061	13062	13071	13069	12935	12933	12934	12943	12801	12803	12804	12815	12811	12675	12679	12677	12687	12685	12547	12549	12550	12559	12417	12419	12421	12429	12427	12295	12302	12294	12303	14351	14342	14350	14343	14475	14477	14469	14467	14465	14607	14598	14597	14595	14733	14735	14725	14727	14723	14859	14863	14852	14851	14849	14991	14982	14981	14983	15117	15119	15110	15109	15107	15245	15247	15239	15237	15235	15366	15375	15365	15367	15499	15503	15492	15491	15489
93	92	13445	13447	13454	13449	13464	13326	13324	13323	13325	13198	13196	13194	13193	13195	13063	13070	13080	13065	13067	12942	12940	12939	12941	12805	12807	12814	12809	12824	12686	12682	12684	12681	12683	12551	12558	12555	12557	12423	12430	12428	12440	12425	12300	12298	12297	12301	14349	14345	14346	14348	14473	14488	14476	14478	14471	14605	14603	14606	14599	14731	14729	14732	14730	14734	14872	14857	14862	14855	14853	14989	14987	14988	14990	15115	15113	15128	15118	15111	15243	15241	15242	15244	15246	15373	15371	15372	15374	15512	15497	15502	15495	15493
94	92	13452	13465	13468	13466	13322	13320	13337	13336	13321	13192	13209	13211	13210	13208	13068	13081	13084	13082	12938	12936	12953	12952	12937	12812	12808	12827	12828	12826	12680	12699	12697	12698	12696	12556	12554	12568	12553	12426	12441	12443	12444	12442	12296	12313	12314	12299	14347	14362	14361	14344	14490	14492	14491	14489	14474	14601	14616	14602	14604	14744	14746	14745	14747	14728	14874	14876	14875	14856	14860	14985	15000	15001	14984	14986	15130	15132	15129	15116	15256	15258	15259	15257	15240	15369	15384	15385	15368	15370	15514	15516	15513	15500
95	94	13450	13448	13467	13470	13463	13341	13343	13339	13340	13338	13213	13214	13207	13212	13066	13064	13083	13085	13086	12957	12958	12955	12956	12954	12810	12825	12830	12823	12703	12694	12690	12688	12700	12552	12569	12571	12572	12570	12424	12445	12446	12437	12317	12311	12315	12316	12312	14360	14364	14363	14359	14365	14485	14494	14493	14472	14618	14620	14619	14617	14600	14748	14736	14738	14742	14751	14871	14878	14873	14858	15002	15004	15003	15006	15005	15134	15133	15131	15112	15114	15260	15255	15262	15261	15386	15388	15387	15391	15389	15511	15518	15515	15496	15498
96	94	13462	13471	13469	13461	13459	13334	13332	13342	13335	13215	13206	13204	13205	13203	13087	13078	13076	13079	13077	12959	12950	12951	12949	12822	12831	12829	12821	12819	12701	12692	12702	12695	12693	12573	12574	12567	12565	12563	12438	12447	12439	12435	12310	12319	12318	12309	12307	14355	14357	14366	14367	14358	14483	14487	14495	14486	14611	14613	14615	14622	14621	14741	14743	14750	14740	14749	14867	14869	14877	14879	14870	14997	14999	14998	15007	15125	15127	15124	15126	15135	15251	15253	15252	15254	15263	15383	15390	15380	15382	15507	15509	15517	15519	15510
97	94	13460	13458	13456	13457	13473	13330	13328	13329	13333	13202	13200	13216	13217	13201	13074	13072	13075	13073	13089	12948	12946	12947	12945	12820	12818	12816	12817	12833	12704	12706	12691	12689	12575	12566	12564	12561	12577	12436	12434	12432	12433	12449	12308	12306	12304	12305	12321	14369	14353	14352	14354	14356	14497	14481	14480	14482	14484	14625	14609	14612	14614	14623	14737	14739	14754	14752	14881	14865	14864	14866	14868	14993	14995	14994	14996	15137	15121	15123	15120	15122	15249	15265	15264	15248	15250	15381	15377	15376	15378	15521	15505	15504	15506	15508
98	96	13472	13474	13487	13477	13475	13344	13348	13359	13347	13331	13218	13231	13221	13219	13088	13090	13092	13093	13091	12944	12962	12964	12963	12961	12832	12834	12836	12837	12835	12708	12710	12707	12705	12562	12576	12578	12581	12579	12448	12450	12452	12453	12451	12320	12322	12324	12325	12323	14371	14373	14372	14370	14368	14499	14501	14500	14498	14496	14627	14629	14626	14624	14610	14753	14755	14758	14756	14883	14885	14884	14882	14880	15009	15011	15012	15010	14992	15139	15141	15140	15138	15136	15267	15269	15279	15266	15379	15395	15407	15396	15392	15523	15525	15535	15522	15520
99	96	13476	13478	13485	13486	13479	13346	13350	13357	13351	13345	13220	13229	13230	13223	13094	13103	13101	13102	13095	12960	12975	12974	12967	12965	12838	12847	12845	12846	12839	12719	12717	12718	12709	12560	12582	12589	12590	12583	12454	12463	12461	12462	12455	12326	12335	12333	12334	12327	14375	14382	14381	14383	14374	14503	14510	14509	14511	14502	14631	14638	14637	14630	14608	14757	14766	14765	14767	14887	14894	14893	14895	14886	15013	15015	15022	15023	15008	15143	15150	15149	15151	15142	15271	15278	15277	15268	15393	15399	15405	15398	15394	15527	15534	15533	15526	15524
100	96	13481	13483	13484	13482	13480	13353	13355	13356	13358	13349	13222	13228	13226	13224	13099	13098	13100	13096	13113	12966	12973	12971	12969	12970	12841	12843	12844	12842	12840	12714	12716	12712	12711	12580	12591	12588	12586	12584	12459	12458	12460	12456	12473	12331	12330	12332	12328	12345	14393	14376	14380	14378	14379	14521	14504	14508	14506	14507	14632	14634	14636	14639	14628	14759	14760	14764	14762	14888	14890	14892	14891	14889	15018	15017	15019	15021	15014	15161	15144	15148	15146	15147	15272	15274	15276	15270	15397	15406	15404	15403	15401	15528	15530	15532	15531	15529
101	96	13496	13498	13497	13499	13501	13368	13370	13354	13352	13369	13225	13227	13241	13243	13097	13112	13114	13115	13117	12984	12986	12972	12968	12985	12856	12858	12859	12857	12861	12715	12713	12729	12731	12600	12585	12587	12601	12603	12457	12472	12474	12475	12477	12329	12344	12346	12347	12349	14397	14395	14394	14392	14377	14525	14523	14522	14520	14505	14651	14649	14635	14633	14648	14779	14777	14761	14763	14909	14905	14907	14906	14904	15033	15016	15020	15034	15032	15165	15163	15162	15160	15145	15291	15289	15275	15273	15417	15400	15402	15418	15416	15549	15547	15545	15546	15544
102	98	13500	13502	13495	13494	13503	13372	13374	13367	13373	13371	13240	13242	13244	13245	13247	13116	13118	13111	13110	13119	12988	12990	12987	12989	12860	12862	12855	12854	12863	12728	12730	12732	12733	12735	12602	12604	12606	12605	12607	12476	12478	12471	12470	12479	12348	12350	12343	12342	12351	14399	14390	14391	14398	14396	14527	14518	14519	14526	14524	14655	14653	14654	14652	14650	14783	14781	14780	14778	14776	14911	14902	14903	14910	14908	15037	15035	15038	15036	15167	15158	15159	15166	15164	15295	15293	15292	15290	15288	15419	15421	15415	15422	15420	15551	15542	15543	15550	15548
103	98	13493	13491	13489	13488	13492	13365	13363	13361	13364	13375	13246	13239	13237	13236	13238	13109	13107	13105	13104	13108	12983	12981	12982	12991	12853	12849	12848	12850	12852	12734	12727	12725	12724	12726	12599	12595	12594	12596	12598	12469	12467	12465	12464	12468	12341	12337	12336	12338	12340	14388	14386	14384	14385	14389	14516	14512	14513	14515	14517	14646	14644	14642	14643	14647	14774	14772	14773	14775	14782	14900	14898	14896	14897	14901	15039	15030	15029	15031	15156	15152	15153	15155	15157	15286	15284	15285	15287	15294	15423	15412	15409	15411	15413	15540	15536	15537	15539	15541
104	98	13505	13504	13506	13508	13490	13378	13376	13360	13362	13366	13248	13235	13233	13232	13234	13121	13120	13122	13124	13106	12979	12977	12976	12980	12851	12865	12864	12866	12868	12740	12723	12721	12720	12722	12597	12593	12592	12610	12614	12484	12482	12480	12495	12466	12339	12353	12352	12354	12356	14404	14402	14400	14401	14387	14514	14543	14528	14530	14532	14662	14658	14640	14641	14645	14770	14768	14769	14771	14788	14916	14914	14912	14913	14899	15028	15024	15025	15027	15154	15172	15170	15168	15169	15282	15280	15281	15283	15296	15414	15410	15408	15424	15426	15538	15556	15554	15552	15553
105	100	13507	13509	13511	13510	13519	13379	13377	13380	13382	13391	13249	13252	13250	13254	13263	13127	13125	13123	13126	13135	12993	12992	12994	12996	12978	12867	12869	12871	12870	12879	12737	12738	12736	12742	12751	12611	12609	12608	12612	12623	12481	12483	12486	12493	12491	12355	12357	12359	12358	12367	14415	14406	14407	14405	14403	14539	14541	14534	14531	14529	14671	14660	14656	14657	14659	14799	14790	14784	14786	14785	14927	14918	14919	14917	14915	15026	15044	15042	15040	15041	15183	15174	15171	15173	15175	15311	15302	15298	15300	15297	15439	15430	15428	15425	15427	15567	15558	15559	15557	15555
106	100	13518	13516	13514	13515	13517	13381	13383	13390	13389	13387	13251	13253	13255	13261	13259	13134	13132	13130	13131	13133	12999	12997	12995	12998	13007	12878	12876	12874	12875	12877	12739	12741	12743	12749	12747	12613	12615	12622	12621	12619	12485	12487	12494	12489	12504	12366	12364	12362	12363	12365	14413	14411	14410	14412	14414	14552	14537	14542	14535	14533	14667	14669	14670	14663	14661	14795	14797	14791	14789	14787	14925	14923	14922	14924	14926	15055	15046	15043	15045	15047	15181	15179	15178	15180	15182	15307	15309	15303	15301	15299	15435	15437	15438	15431	15429	15565	15563	15562	15564	15566
107	100	13512	13529	13531	13528	13513	13388	13386	13401	13400	13385	13262	13260	13258	13272	13257	13128	13145	13147	13144	13129	13006	13004	13002	13003	13005	12872	12889	12891	12890	12873	12750	12748	12746	12760	12745	12620	12618	12616	12632	12617	12492	12488	12507	12508	12506	12360	12377	12379	12376	12361	14409	14424	14427	14425	14408	14554	14556	14555	14536	14540	14665	14680	14664	14666	14668	14793	14808	14794	14796	14798	14921	14938	14939	14937	14920	15053	15051	15050	15052	15054	15177	15192	15195	15193	15176	15305	15320	15306	15308	15310	15433	15448	15449	15434	15436	15561	15576	15579	15577	15560
108	100	13526	13535	13533	13532	13530	13407	13384	13403	13404	13402	13256	13273	13275	13276	13274	13149	13150	13143	13148	13146	13019	13017	13000	13016	13001	12882	12886	12893	12892	12888	12744	12761	12763	12764	12762	12637	12633	12635	12636	12634	12490	12505	12509	12511	12502	12381	12375	12382	12380	12378	14426	14428	14430	14423	14429	14550	14559	14557	14553	14538	14682	14684	14683	14681	14685	14810	14812	14811	14809	14792	14936	14940	14941	14934	14930	15049	15064	15048	15065	15067	15194	15196	15191	15198	15197	15322	15324	15323	15321	15304	15450	15452	15451	15432	15455	15578	15580	15581	15583	15574
109	102	13520	13522	13524	13534	13527	13398	13405	13406	13399	13397	13277	13271	13278	13269	13267	13140	13142	13151	13141	13139	13023	13021	13022	13015	13020	13018	12880	12884	12895	12894	12887	12758	12767	12765	12766	12759	12639	12631	12638	12629	12627	12496	12498	12500	12510	12503	12383	12374	12372	12373	12371	14419	14421	14420	14422	14431	14551	14558	14548	14546	14544	14675	14677	14686	14679	14687	14807	14814	14813	14815	14806	14935	14942	14943	14932	14928	15066	15068	15063	15070	15069	15071	15187	15189	15199	15190	15188	15315	15317	15326	15319	15325	15445	15447	15454	15453	15446	15575	15582	15572	15570	15568
110	102	13538	13536	13521	13523	13525	13396	13394	13392	13395	13393	13279	13270	13268	13265	13281	13138	13136	13152	13137	13153	13014	13012	13010	13013	13011	13009	12898	12896	12881	12883	12885	12756	12754	12752	12757	12755	12630	12628	12626	12625	12641	12514	12512	12497	12499	12501	12384	12368	12370	12369	12385	14433	14417	14418	14416	14432	14549	14547	14545	14560	14562	14689	14673	14674	14676	14678	14803	14805	14800	14802	14804	14933	14931	14929	14944	14946	15057	15059	15061	15058	15060	15062	15201	15185	15200	15184	15186	15329	15313	15316	15318	15327	15441	15443	15440	15442	15444	15573	15571	15569	15584	15586
111	102	13540	13551	13541	13539	13537	13408	13410	13412	13411	13409	13266	13264	13280	13285	13283	13154	13156	13158	13157	13155	13008	13028	13030	13029	13027	13025	12900	12911	12901	12899	12897	12768	12770	12772	12769	12753	12644	12640	12624	12645	12643	12516	12527	12517	12515	12513	12386	12388	12390	12389	12387	14435	14437	14438	14436	14434	14561	14563	14565	14575	14564	14691	14693	14672	14688	14692	14801	14817	14820	14818	14816	14945	14947	14949	14959	14948	15073	15075	15077	15078	15076	15056	15203	15205	15206	15204	15202	15331	15333	15328	15312	15314	15457	15459	15460	15458	15456	15585	15587	15589	15599	15588
112	104	13542	13549	13550	13543	13544	13414	13423	13421	13422	13413	13282	13286	13295	13293	13294	13287	13167	13165	13166	13159	13177	13024	13039	13037	13038	13031	12904	12902	12909	12910	12903	12774	12783	12781	12782	12775	12771	12646	12642	12653	12654	12647	12518	12525	12526	12519	12537	12392	12399	12397	12398	12391	14439	14446	14445	14447	14440	14585	14567	14574	14573	14566	14695	14702	14701	14690	14694	14819	14823	14830	14829	14831	14822	14951	14958	14957	14950	14952	15079	15086	15085	15087	15072	15225	15207	15214	15213	15215	15335	15342	15341	15343	15334	15330	15461	15470	15469	15471	15462	15592	15591	15598	15597	15590
113	104	13545	13547	13548	13546	13561	13420	13418	13416	13433	13415	13284	13291	13292	13290	13288	13305	13163	13164	13162	13160	13179	13026	13036	13034	13049	13051	12907	12906	12908	12921	12925	12779	12780	12778	12776	12793	12773	12655	12650	12652	12665	12667	12523	12524	12522	12520	12539	12395	12394	12396	12409	12411	14459	14457	14444	14442	14443	14587	14568	14570	14572	14571	14715	14713	14700	14698	14703	14821	14841	14824	14826	14828	14827	14973	14969	14956	14954	14955	15099	15097	15082	15084	15074	15227	15208	15210	15212	15211	15353	15336	15338	15340	15339	15332	15463	15481	15464	15466	15468	15609	15594	15596	15595	15593
114	104	13562	13560	13567	13563	13565	13419	13417	13432	13435	13437	13306	13304	13289	13307	13309	13311	13161	13176	13178	13181	13183	13035	13033	13032	13053	13055	12905	12920	12922	12923	12927	12777	12792	12794	12795	12797	12799	12651	12649	12648	12669	12671	12521	12536	12538	12541	12543	12393	12408	12410	12413	12415	14463	14461	14458	14456	14441	14591	14589	14586	14584	14569	14719	14717	14696	14697	14699	14847	14845	14843	14842	14840	14825	14975	14971	14970	14968	14953	15103	15101	15080	15081	15083	15231	15229	15226	15224	15209	15359	15357	15355	15337	15352	15354	15485	15483	15480	15465	15467	15613	15611	15615	15608	15610
115	106	13564	13566	13559	13558	13556	13434	13436	13438	13431	13430	13439	13308	13310	13303	13302	13300	13175	13182	13180	13174	13172	13048	13050	13052	13054	13046	13044	12919	12926	12924	12918	12916	12791	12798	12796	12788	12790	12664	12666	12668	12670	12662	12660	12535	12542	12540	12534	12532	12407	12414	12412	12404	12406	14454	14452	14460	14462	14455	14580	14582	14588	14590	14583	14708	14710	14718	14716	14714	14712	14838	14836	14844	14846	14839	14964	14966	14972	14974	14967	15092	15094	15102	15100	15098	15096	15220	15222	15228	15230	15223	15348	15350	15351	15358	15356	15487	15478	15479	15486	15484	15482	15604	15606	15607	15614	15612
116	106	13557	13555	13553	13552	13554	13429	13427	13425	13424	13426	13428	13301	13299	13297	13296	13298	13173	13171	13169	13168	13170	13047	13045	13043	13041	13040	13042	12917	12915	12913	12912	12914	12789	12787	12785	12784	12786	12657	12659	12661	12663	12656	12658	12533	12531	12529	12528	12530	12405	12403	12401	12400	12402	14450	14448	14449	14451	14453	14578	14576	14577	14579	14581	14706	14704	14711	14709	14707	14705	14834	14832	14833	14835	14837	14962	14960	14961	14963	14965	15090	15088	15089	15091	15093	15095	15218	15216	15217	15219	15221	15346	15344	15345	15347	15349	15476	15474	15472	15473	15475	15477	15602	15600	15601	15603	15605
117	106	17538	17536	17540	17542	17551	17412	17410	17408	17414	17423	17284	17282	17280	17286	17293	17153	17154	17152	17156	17167	17028	17026	17024	17030	17037	16897	16900	16898	16896	16902	16911	16769	16770	16768	16772	16774	16641	16642	16640	16644	16655	16653	16513	16516	16514	16512	16518	16527	16385	16386	16384	16388	16390	18438	18436	18432	18434	18433	18575	18566	18560	18562	18564	18561	18701	18703	18692	18688	18690	18689	18822	18820	18816	18818	18817	18959	18950	18944	18946	18948	18945	19085	19078	19072	19074	19076	19215	19204	19200	19202	19201	19341	19334	19328	19330	19332	19471	19462	19456	19458	19460	19599	19590	19588	19584	19586
118	106	17537	17539	17541	17549	17547	17409	17411	17413	17421	17419	17281	17283	17285	17295	17291	17155	17157	17159	17158	17165	17025	17027	17029	17039	17035	16899	16901	16910	16908	16909	16907	16771	16773	16775	16783	16781	16643	16645	16647	16646	16651	16649	16515	16517	16519	16526	16525	16523	16387	16389	16391	16399	16397	18445	18447	18439	18437	18435	18571	18573	18574	18567	18565	18563	18697	18699	18694	18695	18693	18691	18829	18831	18823	18821	18819	18955	18957	18956	18958	18949	18947	19083	19087	19077	19075	19073	19213	19206	19207	19205	19203	19339	19343	19333	19331	19329	19467	19469	19461	19459	19457	19595	19597	19589	19587	19585
119	108	17543	17550	17548	17560	17545	17415	17422	17416	17433	17432	17417	17287	17292	17288	17304	17289	17166	17164	17162	17161	17163	17031	17038	17036	17048	17033	16903	16906	16904	16921	16920	16905	16782	16780	16778	16777	16779	16654	16652	16650	16664	16666	16668	16524	16522	16520	16537	16536	16521	16398	16396	16394	16393	16395	18443	18441	18442	18444	18446	18569	18584	18585	18568	18570	18572	18716	18714	18712	18698	18700	18702	18827	18825	18826	18828	18830	18953	18968	18969	18952	18954	18951	19081	19096	19084	19086	19079	19211	19209	19210	19212	19214	19337	19352	19336	19340	19335	19465	19480	19481	19464	19470	19463	19593	19608	19596	19598	19591
120	108	17546	17561	17563	17564	17562	17420	17418	17435	17436	17434	17294	17290	17305	17307	17308	17306	17160	17177	17179	17180	17176	17034	17049	17051	17052	17050	16918	16925	16926	16923	16924	16922	16776	16793	16795	16796	16792	16648	16665	16667	16670	16663	16661	16534	16541	16542	16539	16540	16538	16392	16409	16411	16412	16408	18456	18460	18459	18457	18440	18586	18588	18587	18590	18589	18582	18709	18711	18718	18715	18713	18696	18840	18844	18843	18841	18824	18970	18972	18971	18974	18973	18966	19098	19100	19099	19097	19082	19224	19228	19227	19225	19208	19354	19356	19355	19353	19338	19342	19482	19484	19483	19466	19468	19610	19612	19611	19609	19594
121	108	17544	17565	17566	17559	17555	17437	17438	17431	17429	17427	17311	17309	17310	17303	17301	17299	17173	17175	17182	17171	17178	17032	17055	17053	17054	17047	16916	16927	16919	16917	16915	16790	16799	16797	16798	16791	16794	16669	16671	16662	16660	16659	16657	16532	16543	16535	16533	16531	16404	16406	16415	16413	16414	16410	18458	18462	18461	18463	18454	18452	18579	18581	18583	18591	18580	18705	18707	18708	18710	18719	18717	18842	18839	18846	18845	18847	18838	18963	18965	18967	18975	18964	19095	19102	19101	19103	19080	19226	19219	19230	19223	19221	19347	19349	19351	19358	19357	19359	19475	19477	19479	19486	19485	19603	19607	19614	19613	19592
122	110	17567	17558	17556	17557	17553	17569	17439	17428	17430	17425	17441	17302	17300	17298	17296	17297	17313	17181	17183	17174	17169	17185	17046	17044	17042	17045	17043	16914	16912	16928	16913	16929	16788	16786	16784	16789	16787	16785	16658	16656	16672	16674	16673	16675	16530	16528	16544	16529	16545	16402	16400	16416	16403	16405	16407	18455	18453	18451	18464	18448	18450	18593	18577	18592	18576	18578	18723	18721	18722	18720	18704	18706	18833	18835	18837	18832	18834	18836	18977	18961	18976	18960	18962	19091	19093	19090	19092	19094	19233	19217	19222	19231	19229	19361	19345	19344	19346	19348	19350	19489	19473	19478	19476	19487	19617	19601	19605	19604	19606	19615
123	110	17554	17552	17568	17571	17573	17426	17424	17442	17440	17445	17443	17312	17314	17316	17317	17315	17172	17170	17186	17188	17189	17187	17040	17056	17058	17057	17041	16930	16932	16934	16933	16931	16800	16802	16804	16803	16801	16805	16676	16678	16685	16687	16679	16677	16546	16550	16559	16549	16547	16418	16420	16422	16421	16417	16401	18449	18465	18469	18470	18468	18466	18595	18597	18607	18598	18594	18725	18727	18735	18733	18726	18724	18853	18849	18851	18852	18850	18848	18979	18981	18982	18980	18978	19089	19105	19106	19104	19088	19235	19237	19236	19234	19218	19220	19363	19365	19364	19362	19360	19491	19493	19488	19490	19472	19474	19621	19619	19616	19600	19602
124	110	17570	17574	17581	17582	17575	17444	17446	17453	17455	17454	17447	17318	17327	17325	17326	17319	17168	17184	17199	17197	17198	17191	17060	17062	17071	17061	17059	16938	16943	16941	16942	16935	16806	16815	16813	16814	16807	16808	16696	16683	16684	16680	16699	16686	16548	16557	16558	16551	16552	16440	16431	16429	16430	16423	16419	18467	18471	18478	18477	18479	18488	18600	18599	18606	18605	18596	18734	18747	18728	18732	18731	18744	18856	18855	18862	18861	18863	18854	18983	18990	18989	18991	18986	19107	19109	19119	19110	19108	19239	19246	19245	19247	19232	19216	19367	19374	19373	19375	19366	19495	19502	19503	19501	19494	19492	19623	19630	19629	19622	19618
125	110	17572	17583	17580	17576	17593	17448	17450	17452	17465	17469	17321	17323	17324	17322	17320	17337	17190	17194	17196	17209	17213	17065	17064	17068	17069	17070	17063	16939	16936	16940	16953	16957	16809	16811	16812	16810	16825	16827	16698	16681	16682	16697	16701	16553	16555	16556	16554	16569	16571	16442	16425	16427	16428	16426	16424	18472	18474	18476	18475	18473	18490	18619	18617	18602	18604	18603	18601	18749	18745	18730	18729	18746	18875	18873	18858	18860	18859	18857	19005	19001	18988	18984	18987	19111	19118	19117	19116	19112	19113	19261	19257	19244	19242	19238	19385	19368	19370	19372	19371	19369	19517	19513	19500	19498	19496	19641	19624	19628	19631	19620
126	112	17592	17577	17579	17578	17595	17597	17464	17449	17451	17467	17471	17336	17338	17340	17339	17341	17343	17193	17195	17192	17211	17215	17080	17067	17066	17081	17083	16937	16952	16954	16956	16955	16959	16824	16826	16828	16829	16831	16822	16700	16702	16695	16703	16694	16568	16570	16572	16573	16575	16566	16444	16446	16439	16441	16443	16445	18493	18491	18489	18487	18494	18492	18614	18623	18621	18620	18618	18616	18742	18751	18743	18750	18748	18870	18879	18877	18876	18874	18872	19007	19003	19004	19002	19000	18985	19131	19129	19114	19115	19128	19263	19259	19240	19243	19241	19391	19389	19387	19388	19386	19384	19519	19515	19499	19497	19512	19645	19643	19626	19627	19625	19640
127	112	17594	17596	17598	17599	17590	17466	17468	17470	17463	17462	17460	17342	17335	17333	17332	17334	17208	17210	17212	17214	17206	17204	17082	17084	17086	17085	17087	16958	16951	16949	16947	16948	16950	16830	16821	16817	16816	16818	16820	16693	16691	16689	16690	16692	16574	16565	16563	16560	16562	16564	16437	16435	16433	16436	16438	16447	18495	18486	18484	18481	18483	18485	18612	18610	18608	18611	18613	18622	18740	18738	18737	18739	18741	18868	18866	18864	18865	18869	18878	18998	18996	18995	18997	18999	19006	19135	19133	19134	19132	19130	19252	19254	19262	19260	19258	19256	19382	19380	19381	19383	19390	19508	19510	19511	19518	19516	19514	19638	19647	19646	19644	19642
128	114	17591	17589	17587	17585	17584	17586	17588	17461	17459	17457	17456	17458	17345	17331	17329	17328	17330	17207	17205	17203	17201	17200	17202	17079	17077	17075	17074	17078	16961	16962	16960	16945	16944	16946	16823	16819	16833	16834	16836	16847	16707	16705	16704	16706	16688	16567	16561	16577	16576	16580	16591	16451	16449	16448	16450	16432	16434	18482	18480	18498	18496	18497	18499	18639	18628	18624	18625	18609	18615	18736	18754	18752	18753	18755	18895	18884	18882	18881	18867	18871	18994	18992	18993	19008	19010	19009	19126	19122	19123	19125	19127	19250	19248	19249	19251	19253	19255	19378	19376	19377	19379	19393	19506	19504	19505	19507	19509	19636	19634	19632	19633	19635	19637	19639
129	114	17604	17602	17600	17606	17613	17473	17476	17474	17472	17478	17487	17349	17347	17344	17346	17348	17350	17217	17218	17216	17220	17222	17089	17088	17090	17073	17072	17076	16963	16965	16964	16966	16975	16839	16837	16835	16832	16838	16845	16718	16711	16709	16708	16710	16719	16583	16581	16579	16578	16582	16589	16462	16455	16453	16452	16454	16463	18511	18502	18500	18501	18503	18510	18637	18630	18626	18627	18629	18631	18767	18758	18756	18757	18759	18766	18893	18886	18880	18883	18885	18887	19023	19014	19012	19013	19011	19124	19120	19121	19138	19136	19137	19270	19268	19264	19266	19265	19398	19396	19394	19392	19395	19397	19535	19526	19520	19522	19524	19521	19661	19654	19648	19650	19652
130	114	17601	17603	17605	17615	17611	17475	17477	17479	17486	17485	17483	17351	17358	17359	17357	17355	17219	17221	17223	17230	17231	17229	17091	17093	17095	17092	17094	16967	16974	16972	16969	16971	16973	16846	16844	16842	16843	16841	16856	16716	16714	16712	16713	16715	16717	16590	16588	16601	16600	16585	16587	16460	16458	16456	16457	16459	16461	18509	18507	18505	18504	18506	18508	18635	18633	18648	18649	18636	18638	18765	18763	18761	18760	18762	18764	18904	18889	18891	18890	18892	18894	19021	19019	19017	19020	19022	19015	19142	19140	19143	19141	19139	19277	19279	19278	19271	19269	19267	19403	19405	19407	19406	19399	19531	19533	19534	19527	19525	19523	19659	19663	19653	19651	19649
131	116	17607	17614	17612	17610	17624	17609	17484	17482	17480	17496	17481	17356	17354	17371	17370	17368	17353	17228	17226	17224	17243	17240	17227	17102	17100	17099	17101	17103	16970	16985	16987	16988	16986	16984	16840	16857	16859	16860	16858	16853	16733	16729	16731	16732	16730	16728	16586	16584	16603	16604	16602	16599	16479	16473	16475	16476	16474	16472	18520	18522	18524	18523	18521	18527	18647	18650	18652	18651	18632	18634	18776	18778	18780	18779	18777	18781	18901	18906	18908	18907	18905	18888	19032	19034	19036	19035	19033	19018	19151	19149	19147	19148	19150	19275	19288	19291	19272	19274	19276	19401	19416	19418	19419	19402	19404	19529	19544	19528	19530	19532	19657	19672	19658	19660	19662	19655
132	116	17631	17608	17625	17627	17628	17626	17494	17497	17499	17500	17498	17352	17369	17372	17367	17363	17361	17236	17238	17241	17244	17242	17225	17098	17115	17114	17112	17097	16968	16989	16983	16990	16981	16979	16854	16863	16861	16862	16855	16851	16726	16735	16734	16727	16725	16723	16596	16598	16607	16605	16606	16597	16470	16477	16478	16471	16469	16467	18515	18517	18519	18526	18525	18518	18645	18654	18653	18655	18646	18644	18771	18773	18775	18782	18783	18774	18899	18903	18910	18909	18911	18902	19027	19029	19038	19031	19037	19016	19145	19160	19162	19163	19146	19273	19290	19292	19289	19286	19284	19409	19411	19415	19420	19417	19400	19546	19548	19547	19545	19542	19674	19676	19675	19673	19656	19679
133	118	17620	17622	17629	17630	17623	17621	17490	17492	17503	17501	17502	17495	17375	17373	17374	17365	17377	17232	17234	17247	17245	17246	17239	17096	17113	17116	17117	17119	17118	16991	16982	16980	16978	16977	16993	16852	16850	16848	16864	16849	16865	16724	16722	16720	16721	16737	16739	16594	16592	16608	16610	16593	16595	16468	16466	16464	16465	16481	16483	18531	18529	18513	18512	18514	18516	18643	18641	18658	18656	18640	18642	18787	18785	18769	18768	18770	18772	18913	18897	18912	18896	18898	18900	19041	19025	19026	19028	19030	19039	19166	19167	19165	19164	19161	19144	19287	19294	19293	19295	19282	19280	19425	19413	19422	19421	19423	19543	19550	19549	19551	19540	19538	19669	19671	19678	19677	19670	19668
134	118	17618	17616	17632	17633	17617	17619	17488	17504	17506	17508	17491	17493	17366	17364	17362	17379	17381	17248	17250	17252	17233	17235	17237	17106	17108	17110	17111	17109	17107	16976	16992	16994	16996	16997	16995	16866	16868	16870	16879	16869	16867	16736	16738	16749	16750	16743	16741	16612	16614	16623	16621	16611	16609	16480	16486	16495	16494	16487	16485	18533	18535	18542	18543	18534	18528	18657	18659	18669	18671	18662	18660	18789	18791	18798	18797	18786	18784	18915	18917	18927	18918	18916	18914	19043	19045	19044	19042	19040	19024	19155	19157	19159	19158	19156	19154	19285	19283	19281	19300	19298	19296	19429	19427	19410	19412	19414	19541	19539	19556	19554	19552	19536	19667	19665	19681	19680	19664	19666
135	120	17634	17638	17645	17639	17637	17635	17510	17519	17517	17507	17505	17489	17360	17376	17382	17389	17390	17383	17254	17263	17261	17253	17251	17249	17104	17120	17122	17123	17121	17105	16998	17007	17005	17006	16999	17017	16873	16875	16874	16877	16878	16871	16740	16742	16751	16748	16746	16761	16632	16619	16620	16622	16615	16613	16482	16484	16493	16492	16490	16505	18553	18538	18540	18541	18532	18530	18661	18663	18670	18668	18667	18680	18809	18794	18796	18799	18790	18788	18919	18926	18925	18922	18923	18921	19065	19047	19054	19053	19055	19046	19153	19169	19171	19170	19168	19152	19297	19299	19301	19309	19311	19302	19431	19438	19437	19430	19424	19408	19537	19553	19555	19565	19567	19558	19683	19685	19687	19693	19686	19682
136	120	17636	17647	17646	17644	17640	17657	17513	17516	17512	17518	17511	17509	17378	17380	17391	17388	17384	17401	17257	17260	17258	17262	17255	17124	17126	17135	17133	17134	17127	17125	17001	17003	17004	17002	17000	17019	16890	16888	16876	16872	16889	16891	16762	16760	16745	16747	16744	16763	16634	16617	16618	16616	16633	16635	16506	16504	16489	16491	16488	16507	18555	18536	18539	18537	18552	18554	18683	18681	18664	18666	18665	18682	18811	18792	18795	18793	18808	18810	18939	18937	18920	18924	18936	18938	19067	19048	19050	19052	19051	19049	19173	19175	19182	19181	19183	19174	19172	19303	19310	19306	19308	19305	19449	19432	19436	19439	19428	19426	19557	19559	19566	19560	19564	19561	19705	19688	19692	19694	19695	19684
137	122	17658	17656	17641	17643	17642	17659	17530	17528	17515	17514	17529	17531	17402	17400	17385	17387	17386	17403	17274	17272	17259	17256	17273	17275	17129	17131	17132	17130	17128	17145	17147	17016	17018	17020	17021	17023	17014	16892	16894	16887	16893	16895	16886	16764	16766	16759	16765	16767	16758	16636	16638	16631	16630	16639	16637	16508	16510	16503	16509	16511	16502	18550	18559	18557	18551	18558	18556	18685	18687	18678	18679	18686	18684	18806	18815	18813	18807	18814	18812	18934	18943	18941	18935	18942	18940	19062	19071	19069	19068	19066	19064	19195	19193	19176	19178	19180	19179	19177	19323	19321	19304	19307	19320	19322	19451	19434	19435	19433	19448	19450	19579	19577	19562	19563	19576	19578	19707	19690	19691	19689	19704	19706
138	122	17660	17662	17655	17661	17663	17654	17532	17534	17527	17533	17535	17526	17404	17406	17399	17405	17407	17398	17276	17278	17271	17270	17279	17277	17144	17146	17148	17150	17149	17151	17142	17022	17011	17009	17008	17010	17012	16885	16883	16881	16880	16882	16884	16757	16755	16753	16752	16754	16756	16629	16627	16625	16624	16626	16628	16501	16499	16497	16496	16498	16500	18548	18546	18544	18545	18547	18549	18676	18674	18672	18673	18675	18677	18804	18802	18800	18801	18803	18805	18932	18930	18928	18929	18931	18933	19060	19058	19056	19057	19059	19070	19190	19199	19197	19198	19196	19194	19192	19325	19327	19318	19319	19326	19324	19446	19455	19453	19447	19454	19452	19574	19583	19581	19575	19582	19580	19702	19711	19709	19703	19710	19708
139	122	17653	17651	17649	17648	17650	17652	17525	17523	17521	17520	17522	17524	17397	17395	17393	17392	17394	17396	17269	17267	17265	17264	17266	17268	17143	17141	17139	17137	17136	17138	17140	17015	17013	20997	20992	20994	20996	20869	20867	20865	20864	20866	20868	20743	20741	20739	20737	20736	20738	20613	20611	20609	20608	20610	20612	20487	20485	20483	20481	20480	20482	22530	22528	22529	22531	22533	22535	22660	22658	22656	22657	22659	22661	22786	22784	22785	22787	22789	22791	22916	22914	22912	22913	22915	22917	23044	23042	23040	23045	19061	19063	19188	19186	19184	19185	19187	19189	19191	19316	19314	19312	19313	19315	19317	19444	19442	19440	19441	19443	19445	19572	19570	19568	19569	19571	19573	19700	19698	19696	19697	19699	19701
140	124	21639	21637	21635	21633	21632	21634	21511	21509	21507	21505	21504	21506	21508	21377	21376	21378	21380	21382	21391	21253	21251	21249	21248	21250	21252	21127	21125	21123	21121	21120	21122	21124	21006	20999	20995	20993	20998	21007	20871	20878	20875	20877	20879	20870	20746	20748	20750	20751	20742	20740	20615	20622	20614	20623	20621	20619	20490	20492	20494	20495	20486	20484	22532	22534	22543	22542	22540	22538	22667	22669	22671	22662	22670	22663	22788	22790	22799	22798	22796	22794	22918	22927	22925	22923	22926	22919	23055	23046	23041	23043	23047	23054	23172	23170	23168	23169	23171	23173	23175	23300	23298	23296	23297	23299	23301	23439	23430	23428	23426	23424	23425	23556	23554	23552	23553	23555	23557	23559	23682	23680	23681	23683	23685	23687
141	124	21642	21644	21646	21647	21638	21636	21518	21516	21515	21517	21519	21510	21390	21383	21381	21379	21389	21387	21385	21255	21262	21259	21261	21263	21254	21130	21132	21134	21131	21133	21135	21126	21004	21002	21000	21001	21003	21005	20876	20872	20892	20890	20888	20873	20744	20761	20763	20745	20747	20749	20620	20616	20636	20634	20632	20617	20488	20505	20507	20489	20491	20493	22541	22539	22537	22555	22553	22536	22665	22680	22682	22684	22664	22668	22797	22795	22793	22811	22809	22792	22921	22936	22938	22940	22920	22924	23053	23051	23049	23048	23050	23052	23174	23183	23181	23179	23182	23180	23178	23302	23311	23309	23307	23310	23303	23433	23435	23437	23427	23429	23431	23438	23558	23567	23565	23563	23564	23566	23684	23686	23695	23694	23692	23690
142	126	21640	21657	21659	21641	21643	21645	21514	21529	21531	21532	21530	21528	21513	21388	21384	21403	21404	21402	21400	21260	21256	21275	21276	21274	21272	21257	21128	21145	21147	21148	21146	21144	21129	21021	21017	21019	21020	21018	21016	20874	20889	20891	20895	20893	20894	20758	20767	20765	20764	20762	20760	20618	20633	20635	20630	20639	20637	20502	20511	20509	20508	20506	20504	22552	22554	22556	22557	22559	22550	22685	22687	22678	22683	22681	22666	22808	22810	22812	22813	22815	22806	22942	22941	22943	22939	22937	22922	23064	23066	23068	23067	23065	23069	23177	23192	23194	23196	23195	23193	23176	23305	23320	23322	23324	23323	23304	23308	23448	23450	23452	23451	23432	23436	23561	23576	23578	23580	23579	23577	23562	23693	23691	23689	23707	23705	23688
143	126	21663	21661	21662	21660	21658	21656	21512	21524	21526	21535	21533	21534	21527	21386	21401	21398	21407	21405	21406	21258	21273	21270	21279	21277	21278	21271	21138	21140	21142	21151	21149	21150	21014	21023	21022	21015	21013	21011	20880	20882	20884	20886	20887	20885	20883	20754	20756	20766	20759	20757	20755	20624	20626	20628	20638	20631	20629	20498	20500	20510	20503	20501	20499	22547	22549	22551	22558	22548	22546	22677	22679	22686	22676	22674	22672	22803	22805	22807	22814	22804	22802	22931	22933	22935	22934	22932	22930	22928	23059	23061	23063	23070	23071	23062	23198	23197	23199	23190	23188	23186	23319	23326	23325	23327	23318	23321	23306	23454	23453	23455	23446	23449	23434	23575	23582	23581	23583	23574	23572	23560	23704	23706	23708	23710	23709	23711
144	128	21650	21652	21654	21655	21653	21651	21522	21520	21536	21525	21523	21521	21537	21392	21394	21396	21408	21399	21397	21395	21264	21266	21268	21269	21267	21265	21156	21154	21152	21136	21139	21141	21143	21008	21010	21012	21009	21025	21027	20896	20898	20900	20881	20897	20899	20772	20770	20768	20752	20753	20769	20771	20644	20642	20640	20641	20625	20627	20514	20512	20496	20515	20513	20497	22545	22561	22563	22544	22560	22562	22675	22673	22689	22688	22690	22692	22819	22817	22801	22800	22816	22818	22820	22947	22945	22929	22948	22946	22944	23075	23073	23057	23060	23058	23056	23191	23189	23187	23184	23200	23202	23204	23313	23315	23317	23316	23314	23312	23443	23445	23447	23456	23444	23442	23440	23585	23569	23571	23573	23584	23568	23570	23699	23701	23703	23702	23700	23698
145	128	21648	21664	21666	21667	21665	21649	21538	21542	21549	21550	21543	21541	21539	21410	21412	21414	21421	21411	21409	21393	21280	21286	21295	21285	21283	21281	21158	21167	21165	21157	21155	21153	21137	21024	21030	21037	21038	21031	21029	20902	20911	20909	20910	20903	20901	20792	20774	20783	20781	20782	20775	20773	20646	20655	20653	20654	20647	20643	20516	20527	20525	20526	20519	20517	22565	22567	22574	22573	22575	22564	22691	22695	22702	22701	22703	22694	22821	22823	22830	22829	22831	22822	22840	22949	22951	22958	22957	22959	22950	23077	23079	23086	23085	23078	23072	23185	23201	23203	23205	23213	23215	23206	23329	23331	23333	23343	23334	23328	23441	23457	23459	23469	23462	23460	23458	23587	23589	23591	23598	23597	23590	23586	23697	23713	23715	23714	23712	23696
146	130	21668	21670	21679	21677	21678	21671	21669	21540	21551	21560	21545	21547	21548	21546	21419	21420	21423	21422	21415	21413	21282	21284	21293	21294	21287	21290	21288	21163	21164	21162	21160	21166	21159	21026	21028	21039	21035	21036	21032	21049	20920	20905	20907	20908	20906	20904	20794	20777	20779	20780	20778	20776	20664	20649	20651	20652	20650	20648	20645	20518	20536	20521	20523	20524	20522	22570	22572	22571	22569	22584	22566	22693	22696	22698	22700	22699	22697	22712	22824	22826	22828	22827	22825	22842	22952	22954	22956	22955	22953	22968	23097	23080	23084	23083	23087	23076	23074	23207	23214	23208	23210	23212	23211	23336	23338	23335	23342	23341	23332	23330	23461	23463	23470	23471	23468	23467	23594	23596	23595	23593	23608	23599	23588	23717	23719	23726	23725	23727	23718	23716
147	130	21690	21688	21673	21675	21676	21674	21672	21559	21566	21564	21562	21544	21561	21432	21417	21418	21416	21433	21435	21437	21306	21304	21289	21291	21292	21305	21307	21161	21176	21178	21177	21179	21181	21052	21050	21048	21033	21034	21051	20922	20924	20926	20927	20925	20923	20921	20796	20798	20791	20797	20795	20793	20670	20668	20666	20665	20667	20669	20671	20538	20540	20542	20539	20537	20520	22568	22585	22587	22590	22588	22586	22719	22717	22715	22713	22714	22716	22718	22841	22843	22845	22839	22846	22844	22969	22971	22973	22975	22974	22972	22970	23099	23082	23081	23096	23098	23100	23229	23227	23225	23226	23224	23209	23355	23353	23340	23339	23337	23352	23354	23485	23483	23481	23464	23466	23465	23480	23609	23592	23610	23612	23614	23607	23720	23722	23724	23723	23721	23736	23738
148	130	21687	21694	21692	21689	21691	21693	21695	21557	21555	21553	21567	21565	21563	21431	21438	21436	21434	21428	21430	21439	21308	21310	21303	21302	21311	21309	21180	21182	21171	21170	21172	21174	21183	21054	21047	21045	21046	21055	21053	20919	20915	20913	20912	20914	20916	20918	20789	20787	20785	20788	20790	20799	20663	20659	20657	20656	20658	20660	20662	20535	20533	20531	20534	20543	20541	22589	22591	22582	22579	22581	22583	22710	22708	22706	22704	22705	22707	22711	22847	22838	22836	22833	22835	22837	22966	22964	22962	22960	22961	22963	22967	23101	23103	23094	23093	23095	23102	23231	23222	23220	23218	23219	23230	23228	23357	23359	23350	23351	23358	23356	23487	23478	23476	23482	23484	23486	23479	23611	23613	23615	23601	23603	23605	23743	23741	23739	23737	23740	23742	23735
149	132	21685	21683	21681	21680	21682	21684	21686	21571	21569	21552	21554	21556	21558	21429	21427	21425	21424	21426	21442	21446	21315	21301	21299	21297	21296	21298	21300	21175	21173	21169	21168	21186	21188	21190	21061	21043	21041	21040	21042	21044	20917	20931	20929	20928	20930	20932	20934	20803	20801	20800	20802	20784	20786	20661	20677	20675	20673	20672	20674	20676	20549	20547	20529	20528	20530	20532	22580	22578	22576	22577	22595	22597	22724	22722	22720	22721	22723	22725	22709	22834	22832	22850	22848	22849	22851	22982	22980	22978	22976	22977	22979	22965	23092	23090	23088	23089	23091	23109	23238	23236	23234	23216	23217	23221	23223	23348	23346	23344	23345	23347	23349	23363	23494	23490	23474	23472	23473	23475	23477	23606	23604	23602	23600	23617	23619	23734	23732	23730	23728	23729	23731	23733
150	132	21699	21697	21696	21698	21700	21702	21711	21573	21568	21570	21572	21574	21583	21447	21445	21443	21441	21440	21444	21455	21317	21313	21312	21314	21316	21318	21327	21191	21189	21187	21185	21184	21199	21070	21063	21059	21057	21056	21058	21060	20942	20935	20933	20943	20941	20939	20812	20814	20807	20805	20804	20806	20815	20684	20686	20679	20678	20687	20685	20683	20558	20551	20545	20544	20546	20548	22596	22594	22592	22593	22599	22606	22731	22733	22735	22726	22727	22734	22732	22863	22854	22852	22853	22855	22862	22860	22987	22989	22991	22981	22983	22990	23108	23106	23104	23105	23107	23111	23118	23247	23232	23233	23235	23237	23239	23375	23366	23364	23362	23360	23361	23365	23503	23492	23488	23489	23491	23493	23495	23631	23622	23620	23618	23616	23621	23759	23750	23748	23746	23744	23745	23747
151	134	21708	21710	21703	21701	21709	21707	21705	21575	21582	21580	21578	21581	21579	21577	21448	21450	21452	21454	21453	21451	21449	21319	21326	21324	21322	21325	21323	21321	21194	21196	21198	21193	21195	21197	21064	21066	21068	21062	21071	21069	21067	20936	20938	20940	20954	20952	20937	20810	20808	20825	20827	20809	20811	20813	20682	20697	20700	20698	20696	20681	20552	20554	20556	20555	20557	20559	20550	22598	22607	22605	22603	22604	22602	22600	22729	22744	22746	22748	22745	22730	22861	22859	22857	22875	22873	22856	22858	22985	23000	23002	22988	22986	22984	23115	23117	23119	23110	23116	23114	23112	23245	23243	23241	23246	23244	23242	23369	23371	23373	23370	23372	23374	23367	23497	23499	23501	23502	23500	23498	23496	23625	23627	23629	23626	23628	23630	23623	23753	23755	23757	23749	23751	23758	23756
152	134	21706	21704	21721	21723	21724	21722	21720	21588	21576	21593	21595	21596	21594	21592	21465	21467	21468	21466	21464	21461	21330	21320	21337	21339	21340	21338	21336	21192	21209	21211	21212	21210	21208	21207	21074	21081	21083	21084	21082	21080	21065	20953	20955	20956	20957	20958	20951	20816	20818	20820	20822	20828	20826	20824	20680	20699	20692	20703	20702	20693	20562	20569	20571	20572	20570	20568	20553	22601	22616	22618	22620	22619	22617	22610	22741	22750	22751	22740	22747	22728	22872	22874	22876	22870	22868	22866	22864	22999	23006	23005	23004	23003	23001	23113	23128	23130	23132	23131	23129	23122	23255	23256	23258	23260	23259	23257	23240	23384	23386	23388	23387	23385	23368	23378	23509	23512	23514	23516	23515	23513	23640	23642	23644	23643	23641	23624	23636	23768	23770	23772	23771	23769	23752	23754
153	136	21714	21716	21718	21727	21725	21726	21719	21584	21586	21590	21599	21597	21598	21591	21460	21462	21471	21469	21470	21463	21459	21328	21332	21334	21343	21341	21342	21335	21202	21204	21206	21215	21213	21214	21205	21072	21076	21078	21087	21085	21086	21079	20946	20948	20950	20959	20949	20947	20836	20834	20832	20831	20829	20830	20823	20688	20690	20694	20701	20695	20691	20560	20564	20566	20573	20575	20574	20567	22615	22622	22623	22621	22614	22612	22608	22739	22743	22749	22742	22738	22736	22871	22878	22877	22879	22880	22882	22884	22995	22997	23007	22998	22996	22994	23127	23134	23133	23135	23126	23124	23120	23253	23262	23261	23263	23254	23252	23250	23383	23390	23389	23391	23382	23380	23376	23507	23511	23518	23517	23519	23510	23508	23639	23646	23645	23647	23638	23634	23632	23767	23774	23773	23775	23766	23764	23762
154	136	21730	21728	21712	21729	21713	21715	21717	21604	21602	21600	21601	21585	21587	21589	21474	21472	21456	21458	21457	21473	21475	21348	21346	21344	21345	21329	21331	21333	21218	21216	21200	21219	21217	21201	21203	21092	21090	21088	21089	21073	21075	21077	20962	20960	20944	20963	20961	20945	20838	20847	20845	20833	20817	20819	20821	20708	20706	20704	20707	20705	20689	20580	20578	20576	20577	20561	20563	20565	22613	22611	22609	22625	22624	22626	22628	22737	22753	22755	22752	22754	22756	22869	22867	22865	22881	22893	22895	22886	22993	23009	23011	22992	23008	23010	23125	23123	23121	23137	23136	23138	23140	23251	23249	23265	23267	23248	23264	23266	23381	23379	23377	23393	23392	23394	23396	23523	23521	23505	23506	23504	23520	23522	23637	23635	23633	23649	23648	23650	23652	23765	23763	23761	23777	23760	23776	23778
155	138	21732	21743	21741	21742	21735	21733	21731	21606	21615	21613	21614	21607	21605	21603	21476	21478	21487	21485	21486	21479	21477	21350	21359	21357	21358	21351	21349	21347	21220	21222	21231	21229	21230	21223	21221	21094	21103	21101	21102	21095	21093	21091	20964	20966	20975	20973	20974	20967	20965	20856	20843	20844	20846	20839	20837	20835	20710	20719	20717	20718	20711	20709	20582	20591	20589	20590	20583	20581	20579	22627	22629	22631	22638	22637	22639	22630	22757	22759	22766	22765	22767	22758	22883	22885	22887	22894	22892	22891	22904	23013	23015	23022	23021	23023	23014	23012	23139	23141	23143	23150	23149	23151	23142	23269	23271	23278	23277	23279	23270	23268	23395	23397	23399	23406	23405	23407	23398	23525	23527	23534	23533	23535	23526	23524	23651	23653	23655	23662	23661	23663	23654	23779	23781	23783	23790	23789	23791	23780
156	138	21734	21752	21737	21739	21740	21738	21736	21626	21624	21609	21611	21612	21610	21608	21498	21496	21481	21483	21484	21482	21480	21370	21368	21353	21355	21356	21354	21352	21242	21240	21225	21227	21228	21226	21224	21114	21112	21097	21099	21100	21098	21096	20986	20984	20969	20971	20972	20970	20968	20858	20841	20842	20840	20857	20859	20730	20728	20713	20715	20716	20714	20712	20602	20600	20585	20587	20588	20586	20584	22632	22634	22636	22635	22633	22648	22650	22760	22762	22764	22763	22761	22776	22778	22907	22905	22888	22890	22889	22906	23016	23018	23020	23019	23017	23032	23034	23144	23146	23148	23147	23145	23160	23162	23272	23274	23276	23275	23273	23288	23290	23400	23402	23404	23403	23401	23416	23418	23528	23530	23532	23531	23529	23544	23546	23656	23658	23660	23659	23657	23672	23674	23784	23786	23788	23787	23785	23800	23782
157	138	21758	21756	21754	21759	21757	21755	21753	21623	21630	21628	21631	21629	21627	21625	21495	21502	21500	21503	21501	21499	21497	21372	21374	21367	21375	21373	21371	21369	21239	21246	21244	21247	21245	21243	21241	21111	21118	21116	21119	21117	21115	21113	20983	20990	20988	20991	20989	20987	20985	20855	20862	20860	20854	20863	20861	20727	20734	20732	20735	20733	20731	20729	20599	20606	20604	20607	20605	20603	20601	22649	22651	22653	22655	22652	22654	22647	22777	22779	22781	22783	22780	22782	22775	22909	22911	22902	22908	22910	22903	23033	23035	23037	23039	23036	23038	23031	23161	23163	23165	23167	23164	23166	23159	23289	23291	23293	23295	23292	23294	23287	23417	23419	23421	23423	23415	23422	23420	23545	23547	23549	23551	23548	23550	23543	23673	23675	23677	23679	23676	23678	23671	23801	23803	23805	23807	23802	23804	23806
158	140	21751	21749	21747	21745	21744	21746	21748	21750	21621	21619	21617	21616	21618	21620	21622	21493	21491	21489	21488	21490	21492	21494	21365	21363	21361	21360	21362	21364	21366	21237	21235	21233	21232	21234	21236	21238	21109	21107	21105	21104	21106	21108	21110	20981	20979	20977	20976	20978	20980	20982	20853	20851	20849	20848	20850	20852	20725	20723	20721	20720	20722	20724	20726	20597	20595	20593	20592	20594	20596	20598	22646	22644	22642	22640	22641	22643	22645	22774	22772	22770	22768	22769	22771	22773	22900	22898	22896	22897	22899	22901	23030	23028	23026	23024	23025	23027	23029	23158	23156	23154	23152	23153	23155	23157	23286	23284	23282	23280	23281	23283	23285	23414	23412	23410	23408	23409	23411	23413	23542	23540	23538	23536	23537	23539	23541	23670	23668	23666	23664	23665	23667	23669	23798	23796	23794	23792	23793	23795	23797	23799
