2560
3327
0	54	50	
1	54	48	
2	54	49	
3	55	48	
4	54	51	
5	55	49	
6	54	52	
7	55	50	
8	57	49	
9	56	52	
10	56	51	
11	56	53	
12	56	50	
13	55	52	
14	56	49	
15	55	51	
16	59	50	
17	60	54	
18	59	49	
19	59	52	
20	58	48	
21	59	53	
22	58	49	
23	59	54	
24	57	53	
25	57	50	
26	58	53	
27	57	51	
28	57	52	
29	58	51	
30	58	52	
31	58	50	
32	59	51	
33	60	53	
34	60	49	
35	61	54	
36	60	50	
37	60	52	
38	60	51	
39	61	53	
40	62	54	
41	62	50	
42	62	53	
43	62	51	
44	62	52	
45	61	51	
46	61	52	
47	61	50	
48	65	55	
49	64	52	
50	65	56	
51	64	51	
52	64	53	
53	64	50	
54	64	54	
55	63	52	
56	61	49	
57	63	53	
58	62	49	
59	63	54	
60	63	50	
61	63	55	
62	63	51	
63	64	55	
64	65	53	
65	65	52	
66	65	54	
67	65	51	
68	66	54	
69	66	53	
70	66	55	
71	66	52	
72	67	53	
73	67	54	
74	67	52	
75	67	55	
76	67	51	
77	67	56	
78	66	51	
79	66	56	
80	70	55	
81	70	56	
82	70	54	
83	69	57	
84	70	53	
85	69	56	
86	69	52	
87	69	55	
88	68	57	
89	68	53	
90	68	56	
91	68	54	
92	68	55	
93	69	53	
94	69	54	
95	68	52	
96	71	53	
97	70	57	
98	72	54	
99	70	58	
100	72	55	
101	71	58	
102	71	54	
103	71	57	
104	73	58	
105	73	56	
106	72	58	
107	73	57	
108	72	57	
109	72	56	
110	71	56	
111	71	55	
112	75	58	
113	75	57	
114	75	59	
115	75	56	
116	75	60	
117	75	55	
118	74	60	
119	74	57	
120	73	55	
121	72	59	
122	73	54	
123	73	59	
124	74	55	
125	74	58	
126	74	56	
127	74	59	
128	54	45	
129	54	42	
130	54	44	
131	55	42	
132	54	43	
133	55	43	
134	54	46	
135	55	44	
136	56	45	
137	56	48	
138	56	44	
139	55	47	
140	56	43	
141	55	46	
142	55	45	
143	54	47	
144	59	45	
145	59	47	
146	59	44	
147	58	47	
148	58	43	
149	58	46	
150	57	43	
151	58	45	
152	56	47	
153	56	46	
154	57	48	
155	57	46	
156	57	47	
157	57	44	
158	57	45	
159	58	44	
160	59	46	
161	59	48	
162	60	44	
163	60	48	
164	61	44	
165	60	47	
166	60	45	
167	61	47	
168	61	48	
169	62	43	
170	62	46	
171	62	44	
172	62	45	
173	61	45	
174	61	46	
175	60	46	
176	64	47	
177	65	46	
178	64	48	
179	64	46	
180	64	49	
181	64	45	
182	63	49	
183	65	45	
184	63	44	
185	62	47	
186	63	45	
187	62	48	
188	63	46	
189	63	47	
190	64	44	
191	63	48	
192	65	48	
193	65	47	
194	66	48	
195	66	47	
196	65	49	
197	66	46	
198	66	49	
199	66	45	
200	68	47	
201	67	49	
202	68	46	
203	67	50	
204	67	46	
205	66	50	
206	67	45	
207	65	50	
208	70	48	
209	70	51	
210	70	47	
211	70	52	
212	69	46	
213	69	51	
214	69	47	
215	68	51	
216	67	48	
217	67	47	
218	68	50	
219	68	48	
220	68	49	
221	69	49	
222	69	50	
223	69	48	
224	70	49	
225	71	52	
226	70	50	
227	71	51	
228	71	47	
229	72	53	
230	71	48	
231	72	52	
232	73	51	
233	73	49	
234	73	50	
235	72	49	
236	72	50	
237	71	50	
238	72	51	
239	71	49	
240	75	52	
241	75	51	
242	75	53	
243	75	50	
244	75	54	
245	75	49	
246	74	52	
247	74	51	
248	72	48	
249	73	52	
250	73	48	
251	73	53	
252	74	49	
253	74	54	
254	74	50	
255	74	53	
256	54	38	
257	54	36	
258	54	37	
259	55	36	
260	54	39	
261	55	37	
262	55	39	
263	55	38	
264	57	37	
265	55	41	
266	56	39	
267	55	40	
268	56	38	
269	54	41	
270	56	37	
271	54	40	
272	59	39	
273	58	42	
274	59	38	
275	58	41	
276	58	40	
277	57	42	
278	58	39	
279	57	41	
280	56	40	
281	57	38	
282	56	41	
283	57	39	
284	56	42	
285	58	37	
286	57	40	
287	58	38	
288	59	40	
289	59	42	
290	59	41	
291	59	43	
292	60	38	
293	60	43	
294	60	39	
295	60	42	
296	61	41	
297	62	39	
298	62	40	
299	61	39	
300	61	40	
301	60	40	
302	61	43	
303	60	41	
304	65	44	
305	64	41	
306	64	42	
307	64	40	
308	64	43	
309	64	39	
310	63	43	
311	63	41	
312	61	38	
313	62	41	
314	62	38	
315	61	42	
316	63	39	
317	62	42	
318	63	40	
319	63	42	
320	65	42	
321	65	41	
322	65	43	
323	65	40	
324	66	42	
325	66	41	
326	66	43	
327	66	40	
328	67	41	
329	67	42	
330	67	40	
331	67	43	
332	67	39	
333	67	44	
334	66	39	
335	66	44	
336	70	43	
337	70	44	
338	70	42	
339	69	45	
340	70	41	
341	69	44	
342	69	40	
343	69	43	
344	68	45	
345	68	41	
346	68	44	
347	68	42	
348	68	43	
349	68	40	
350	69	42	
351	69	41	
352	71	41	
353	70	45	
354	71	42	
355	70	46	
356	72	42	
357	71	46	
358	72	43	
359	71	45	
360	73	46	
361	73	44	
362	72	46	
363	73	45	
364	72	45	
365	71	43	
366	71	44	
367	72	44	
368	75	46	
369	75	45	
370	75	47	
371	75	44	
372	75	48	
373	75	43	
374	74	48	
375	74	45	
376	73	43	
377	72	47	
378	73	42	
379	73	47	
380	74	43	
381	74	46	
382	74	44	
383	74	47	
384	54	33	
385	54	31	
386	54	32	
387	55	31	
388	54	34	
389	55	32	
390	54	35	
391	55	33	
392	57	32	
393	56	35	
394	56	34	
395	56	36	
396	56	33	
397	55	35	
398	56	32	
399	55	34	
400	59	34	
401	59	37	
402	59	33	
403	59	36	
404	59	32	
405	59	35	
406	58	31	
407	58	35	
408	57	36	
409	57	33	
410	58	36	
411	57	34	
412	57	35	
413	58	33	
414	58	34	
415	58	32	
416	60	32	
417	60	36	
418	60	33	
419	60	35	
420	60	34	
421	60	37	
422	61	32	
423	61	36	
424	61	37	
425	62	32	
426	62	35	
427	62	33	
428	62	34	
429	61	34	
430	61	35	
431	61	33	
432	64	36	
433	64	35	
434	64	37	
435	65	35	
436	64	38	
437	64	34	
438	63	38	
439	65	34	
440	63	33	
441	62	36	
442	63	34	
443	62	37	
444	63	35	
445	63	36	
446	64	33	
447	63	37	
448	66	36	
449	65	36	
450	65	37	
451	66	35	
452	65	38	
453	66	34	
454	66	37	
455	66	33	
456	68	34	
457	67	37	
458	67	35	
459	67	36	
460	67	34	
461	66	38	
462	67	33	
463	65	39	
464	70	37	
465	70	39	
466	70	36	
467	69	39	
468	70	35	
469	68	39	
470	69	34	
471	69	38	
472	67	38	
473	68	35	
474	68	38	
475	68	36	
476	68	37	
477	69	36	
478	69	37	
479	69	35	
480	70	38	
481	70	40	
482	71	35	
483	71	40	
484	71	36	
485	71	39	
486	71	37	
487	72	41	
488	73	39	
489	72	36	
490	72	38	
491	72	37	
492	73	38	
493	72	39	
494	72	40	
495	71	38	
496	75	40	
497	75	39	
498	75	41	
499	75	38	
500	75	42	
501	75	37	
502	74	42	
503	74	39	
504	73	37	
505	73	40	
506	73	36	
507	73	41	
508	74	37	
509	74	40	
510	74	38	
511	74	41	
512	54	28	
513	54	25	
514	54	27	
515	55	25	
516	54	26	
517	55	26	
518	54	29	
519	56	26	
520	56	28	
521	56	31	
522	56	27	
523	55	30	
524	55	28	
525	55	29	
526	55	27	
527	54	30	
528	59	28	
529	59	30	
530	59	27	
531	58	30	
532	58	26	
533	58	29	
534	57	26	
535	58	28	
536	56	30	
537	56	29	
538	57	31	
539	57	29	
540	57	30	
541	57	27	
542	57	28	
543	58	27	
544	59	29	
545	59	31	
546	60	27	
547	60	31	
548	60	28	
549	60	30	
550	60	29	
551	61	31	
552	62	28	
553	63	27	
554	61	27	
555	62	27	
556	62	29	
557	61	29	
558	61	30	
559	61	28	
560	65	32	
561	65	31	
562	65	33	
563	64	30	
564	64	31	
565	64	29	
566	64	32	
567	64	28	
568	63	28	
569	62	30	
570	63	29	
571	63	31	
572	63	30	
573	62	31	
574	64	27	
575	63	32	
576	65	30	
577	65	28	
578	65	29	
579	66	28	
580	66	30	
581	66	29	
582	66	31	
583	67	27	
584	69	28	
585	67	30	
586	68	28	
587	67	31	
588	67	29	
589	67	32	
590	67	28	
591	66	32	
592	71	29	
593	70	33	
594	70	32	
595	69	33	
596	70	31	
597	69	32	
598	70	30	
599	69	30	
600	68	33	
601	68	29	
602	68	32	
603	68	30	
604	68	31	
605	69	29	
606	69	31	
607	70	29	
608	71	30	
609	70	34	
610	71	31	
611	71	34	
612	71	32	
613	71	33	
614	72	30	
615	72	34	
616	73	34	
617	73	30	
618	73	33	
619	73	31	
620	73	32	
621	72	32	
622	72	33	
623	72	31	
624	75	34	
625	75	33	
626	75	35	
627	75	32	
628	75	36	
629	76	32	
630	74	36	
631	76	31	
632	74	31	
633	72	35	
634	74	32	
635	73	35	
636	74	33	
637	74	34	
638	75	31	
639	74	35	
640	54	22	
641	55	20	
642	54	21	
643	55	21	
644	54	20	
645	55	22	
646	54	23	
647	56	21	
648	58	21	
649	56	25	
650	57	21	
651	55	24	
652	56	23	
653	54	24	
654	56	22	
655	55	23	
656	60	22	
657	60	26	
658	59	24	
659	59	26	
660	59	23	
661	59	25	
662	59	22	
663	58	25	
664	56	24	
665	57	22	
666	57	25	
667	57	23	
668	57	24	
669	58	23	
670	58	24	
671	58	22	
672	60	23	
673	60	25	
674	60	24	
675	61	26	
676	61	22	
677	61	25	
678	61	23	
679	62	26	
680	62	22	
681	62	21	
682	63	24	
683	63	23	
684	62	23	
685	62	24	
686	62	25	
687	61	24	
688	66	26	
689	66	25	
690	65	26	
691	65	25	
692	66	27	
693	65	24	
694	65	27	
695	65	23	
696	63	22	
697	63	25	
698	64	22	
699	63	26	
700	64	23	
701	64	25	
702	64	24	
703	64	26	
704	66	23	
705	66	22	
706	66	24	
707	67	22	
708	67	25	
709	67	23	
710	67	26	
711	67	24	
712	70	23	
713	69	27	
714	69	23	
715	68	25	
716	68	24	
717	68	26	
718	68	23	
719	68	27	
720	72	24	
721	72	29	
722	71	23	
723	71	28	
724	71	24	
725	71	27	
726	71	25	
727	71	26	
728	69	26	
729	70	24	
730	69	25	
731	69	24	
732	70	25	
733	70	26	
734	70	28	
735	70	27	
736	72	25	
737	72	28	
738	72	26	
739	72	27	
740	73	23	
741	73	29	
742	73	24	
743	73	28	
744	74	28	
745	74	24	
746	74	27	
747	74	25	
748	74	26	
749	73	26	
750	73	27	
751	73	25	
752	76	28	
753	76	27	
754	76	29	
755	76	26	
756	76	30	
757	76	25	
758	75	30	
759	76	24	
760	75	24	
761	74	29	
762	75	25	
763	74	30	
764	75	26	
765	75	28	
766	75	27	
767	75	29	
768	54	17	
769	54	15	
770	54	16	
771	55	15	
772	54	18	
773	55	16	
774	55	18	
775	55	17	
776	57	16	
777	56	19	
778	56	18	
779	56	20	
780	56	17	
781	55	19	
782	56	16	
783	54	19	
784	61	16	
785	59	20	
786	60	17	
787	58	19	
788	60	16	
789	58	16	
790	59	19	
791	58	17	
792	57	20	
793	57	17	
794	58	20	
795	57	18	
796	57	19	
797	59	17	
798	58	18	
799	59	18	
800	61	17	
801	59	21	
802	60	18	
803	60	21	
804	60	19	
805	60	20	
806	62	16	
807	61	21	
808	63	19	
809	63	17	
810	62	17	
811	63	18	
812	62	18	
813	61	19	
814	61	20	
815	61	18	
816	65	21	
817	65	20	
818	65	22	
819	65	19	
820	64	21	
821	65	18	
822	64	20	
823	65	17	
824	64	16	
825	62	19	
826	64	17	
827	63	20	
828	64	18	
829	62	20	
830	64	19	
831	63	21	
832	66	19	
833	66	17	
834	66	18	
835	67	16	
836	66	20	
837	67	17	
838	66	21	
839	67	18	
840	68	19	
841	69	22	
842	68	18	
843	68	22	
844	68	17	
845	67	21	
846	67	19	
847	67	20	
848	70	17	
849	71	20	
850	70	18	
851	71	21	
852	69	17	
853	71	22	
854	69	18	
855	70	22	
856	68	21	
857	69	19	
858	69	21	
859	68	20	
860	69	20	
861	70	20	
862	70	21	
863	70	19	
864	71	17	
865	72	23	
866	71	18	
867	72	22	
868	71	19	
869	72	21	
870	72	18	
871	73	22	
872	74	21	
873	73	18	
874	73	20	
875	74	20	
876	73	19	
877	72	20	
878	73	21	
879	72	19	
880	76	21	
881	76	20	
882	76	22	
883	76	19	
884	76	23	
885	76	18	
886	75	21	
887	75	20	
888	74	19	
889	74	22	
890	74	18	
891	74	23	
892	75	18	
893	75	23	
894	75	19	
895	75	22	
896	54	12	
897	55	10	
898	54	11	
899	55	11	
900	54	10	
901	55	12	
902	54	13	
903	56	11	
904	56	13	
905	56	15	
906	57	11	
907	55	14	
908	56	12	
909	54	14	
910	57	10	
911	55	13	
912	59	14	
913	59	15	
914	59	13	
915	58	15	
916	59	12	
917	58	14	
918	59	11	
919	58	13	
920	56	14	
921	57	12	
922	57	15	
923	57	13	
924	57	14	
925	58	11	
926	58	12	
927	58	10	
928	60	11	
929	59	16	
930	60	12	
931	60	15	
932	60	13	
933	60	14	
934	61	11	
935	61	15	
936	62	14	
937	62	10	
938	62	13	
939	62	11	
940	62	12	
941	61	13	
942	61	14	
943	61	12	
944	65	15	
945	65	14	
946	65	16	
947	65	13	
948	64	14	
949	64	13	
950	64	15	
951	64	12	
952	63	11	
953	62	15	
954	63	12	
955	63	14	
956	63	13	
957	63	15	
958	64	11	
959	63	16	
960	66	13	
961	65	12	
962	66	14	
963	66	12	
964	66	15	
965	66	11	
966	66	16	
967	67	11	
968	69	11	
969	68	16	
970	68	12	
971	67	15	
972	68	11	
973	67	14	
974	67	12	
975	67	13	
976	72	12	
977	69	16	
978	71	14	
979	69	15	
980	71	13	
981	70	15	
982	71	12	
983	69	14	
984	68	15	
985	69	12	
986	68	14	
987	68	13	
988	69	13	
989	70	13	
990	70	14	
991	70	12	
992	72	13	
993	70	16	
994	73	12	
995	71	15	
996	73	13	
997	71	16	
998	72	14	
999	72	17	
1000	73	16	
1001	74	14	
1002	74	16	
1003	74	15	
1004	73	15	
1005	72	15	
1006	72	16	
1007	73	14	
1008	76	15	
1009	76	14	
1010	76	16	
1011	76	13	
1012	76	17	
1013	76	12	
1014	75	17	
1015	75	14	
1016	74	13	
1017	73	17	
1018	74	12	
1019	74	17	
1020	75	12	
1021	75	15	
1022	75	13	
1023	75	16	
1024	54	7	
1025	55	5	
1026	54	6	
1027	55	6	
1028	54	5	
1029	55	7	
1030	54	8	
1031	56	5	
1032	56	7	
1033	56	10	
1034	57	6	
1035	55	9	
1036	57	5	
1037	55	8	
1038	56	6	
1039	54	9	
1040	60	6	
1041	59	9	
1042	60	5	
1043	58	9	
1044	59	7	
1045	58	8	
1046	59	8	
1047	58	7	
1048	56	9	
1049	56	8	
1050	57	9	
1051	57	7	
1052	57	8	
1053	58	5	
1054	58	6	
1055	59	6	
1056	60	8	
1057	59	10	
1058	60	7	
1059	60	10	
1060	61	5	
1061	60	9	
1062	61	6	
1063	61	10	
1064	62	5	
1065	63	7	
1066	62	6	
1067	63	8	
1068	62	7	
1069	61	7	
1070	61	9	
1071	61	8	
1072	65	10	
1073	65	9	
1074	65	11	
1075	65	8	
1076	64	10	
1077	65	7	
1078	64	9	
1079	64	8	
1080	63	6	
1081	62	8	
1082	64	5	
1083	63	9	
1084	64	6	
1085	62	9	
1086	64	7	
1087	63	10	
1088	66	8	
1089	66	5	
1090	66	7	
1091	67	5	
1092	66	6	
1093	67	6	
1094	66	9	
1095	67	7	
1096	68	8	
1097	68	10	
1098	68	7	
1099	67	10	
1100	68	6	
1101	67	9	
1102	67	8	
1103	66	10	
1104	71	6	
1105	72	11	
1106	70	6	
1107	71	10	
1108	70	7	
1109	71	11	
1110	69	6	
1111	70	11	
1112	68	9	
1113	69	7	
1114	69	10	
1115	69	8	
1116	69	9	
1117	70	9	
1118	70	10	
1119	70	8	
1120	71	7	
1121	72	10	
1122	71	8	
1123	72	9	
1124	71	9	
1125	73	11	
1126	72	6	
1127	73	10	
1128	73	8	
1129	73	6	
1130	74	9	
1131	74	8	
1132	73	7	
1133	72	8	
1134	73	9	
1135	72	7	
1136	76	9	
1137	76	8	
1138	76	10	
1139	76	7	
1140	76	11	
1141	76	6	
1142	75	11	
1143	75	8	
1144	74	7	
1145	74	10	
1146	74	6	
1147	74	11	
1148	75	6	
1149	75	9	
1150	75	7	
1151	75	10	
1152	54	1	
1153	55	0	
1154	54	0	
1155	55	1	
1156	54	2	
1157	55	2	
1158	54	3	
1159	56	0	
1160	58	0	
1161	56	4	
1162	57	0	
1163	55	4	
1164	56	2	
1165	55	3	
1166	56	1	
1167	54	4	
1168	60	1	
1169	59	4	
1170	60	0	
1171	58	4	
1172	59	2	
1173	59	3	
1174	59	1	
1175	58	3	
1176	56	3	
1177	57	1	
1178	57	4	
1179	57	2	
1180	57	3	
1181	58	1	
1182	58	2	
1183	59	0	
1184	60	2	
1185	59	5	
1186	61	0	
1187	60	3	
1188	62	0	
1189	60	4	
1190	61	1	
1191	61	4	
1192	62	3	
1193	63	1	
1194	63	3	
1195	63	2	
1196	62	2	
1197	61	2	
1198	61	3	
1199	62	1	
1200	65	4	
1201	65	3	
1202	65	5	
1203	65	2	
1204	65	6	
1205	65	1	
1206	64	4	
1207	65	0	
1208	63	0	
1209	62	4	
1210	64	0	
1211	63	4	
1212	64	1	
1213	63	5	
1214	64	2	
1215	64	3	
1216	66	2	
1217	67	0	
1218	66	1	
1219	67	1	
1220	66	0	
1221	67	2	
1222	66	3	
1223	68	0	
1224	69	1	
1225	68	5	
1226	68	3	
1227	67	4	
1228	68	2	
1229	66	4	
1230	68	1	
1231	67	3	
1232	71	1	
1233	71	4	
1234	71	0	
1235	71	5	
1236	70	0	
1237	70	5	
1238	70	1	
1239	70	4	
1240	68	4	
1241	69	2	
1242	69	5	
1243	69	3	
1244	69	4	
1245	70	2	
1246	70	3	
1247	69	0	
1248	71	2	
1249	71	3	
1250	72	0	
1251	72	5	
1252	73	0	
1253	72	4	
1254	72	1	
1255	72	3	
1256	73	4	
1257	74	2	
1258	74	4	
1259	74	3	
1260	73	3	
1261	72	2	
1262	73	2	
1263	73	1	
1264	76	3	
1265	76	2	
1266	76	4	
1267	76	1	
1268	76	5	
1269	76	0	
1270	75	5	
1271	75	2	
1272	74	1	
1273	73	5	
1274	74	0	
1275	74	5	
1276	75	0	
1277	75	3	
1278	75	1	
1279	75	4	
2048	54	55	
2049	54	57	
2050	54	56	
2051	55	57	
2052	54	54	
2053	55	56	
2054	54	53	
2055	55	55	
2056	57	58	
2057	56	55	
2058	56	56	
2059	56	54	
2060	56	57	
2061	55	53	
2062	56	58	
2063	55	54	
2064	59	59	
2065	60	55	
2066	59	60	
2067	59	57	
2068	58	59	
2069	59	56	
2070	58	58	
2071	59	55	
2072	57	54	
2073	57	57	
2074	58	54	
2075	57	56	
2076	57	55	
2077	58	56	
2078	58	55	
2079	58	57	
2080	59	58	
2081	60	56	
2082	60	60	
2083	61	55	
2084	60	59	
2085	60	57	
2086	60	58	
2087	61	56	
2088	62	55	
2089	62	59	
2090	62	56	
2091	62	58	
2092	62	57	
2093	61	58	
2094	61	57	
2095	61	59	
2096	65	58	
2097	64	59	
2098	65	57	
2099	64	60	
2100	64	58	
2101	64	61	
2102	64	57	
2103	63	59	
2104	61	60	
2105	63	58	
2106	62	60	
2107	63	57	
2108	63	61	
2109	63	56	
2110	63	60	
2111	64	56	
2112	65	60	
2113	65	61	
2114	65	59	
2115	65	62	
2116	66	59	
2117	66	60	
2118	66	58	
2119	66	61	
2120	67	60	
2121	67	59	
2122	67	61	
2123	67	58	
2124	67	62	
2125	67	57	
2126	66	62	
2127	66	57	
2128	70	62	
2129	70	61	
2130	70	63	
2131	69	58	
2132	70	64	
2133	69	59	
2134	69	63	
2135	69	60	
2136	68	58	
2137	68	62	
2138	68	59	
2139	68	61	
2140	68	60	
2141	69	62	
2142	69	61	
2143	68	63	
2144	71	64	
2145	70	60	
2146	72	65	
2147	70	59	
2148	72	64	
2149	71	59	
2150	71	63	
2151	71	60	
2152	73	61	
2153	73	63	
2154	72	61	
2155	73	62	
2156	72	62	
2157	72	63	
2158	71	61	
2159	71	62	
2160	75	63	
2161	75	64	
2162	75	62	
2163	75	65	
2164	75	61	
2165	75	66	
2166	74	61	
2167	74	64	
2168	73	64	
2169	72	60	
2170	73	65	
2171	73	60	
2172	74	66	
2173	74	63	
2174	74	65	
2175	74	62	
2176	54	60	
2177	54	63	
2178	54	61	
2179	55	63	
2180	54	62	
2181	55	62	
2182	54	59	
2183	55	61	
2184	56	62	
2185	56	59	
2186	56	63	
2187	55	58	
2188	56	64	
2189	55	59	
2190	55	60	
2191	54	58	
2192	59	64	
2193	59	62	
2194	59	65	
2195	58	60	
2196	58	64	
2197	58	61	
2198	57	64	
2199	58	62	
2200	56	60	
2201	56	61	
2202	57	59	
2203	57	61	
2204	57	60	
2205	57	63	
2206	57	62	
2207	58	63	
2208	59	63	
2209	59	61	
2210	60	65	
2211	60	61	
2212	61	65	
2213	60	62	
2214	60	64	
2215	61	62	
2216	61	61	
2217	62	66	
2218	62	63	
2219	62	65	
2220	62	64	
2221	61	64	
2222	61	63	
2223	60	63	
2224	64	64	
2225	65	67	
2226	64	63	
2227	64	65	
2228	64	62	
2229	64	66	
2230	63	62	
2231	65	68	
2232	63	67	
2233	62	62	
2234	63	66	
2235	62	61	
2236	63	65	
2237	63	64	
2238	64	67	
2239	63	63	
2240	65	65	
2241	65	66	
2242	66	65	
2243	66	66	
2244	65	64	
2245	66	67	
2246	66	64	
2247	66	68	
2248	68	68	
2249	67	64	
2250	68	69	
2251	67	63	
2252	67	67	
2253	66	63	
2254	67	68	
2255	65	63	
2256	70	69	
2257	70	66	
2258	70	70	
2259	70	65	
2260	69	69	
2261	69	64	
2262	69	68	
2263	68	64	
2264	67	65	
2265	67	66	
2266	68	65	
2267	68	67	
2268	68	66	
2269	69	66	
2270	69	65	
2271	69	67	
2272	70	68	
2273	71	65	
2274	70	67	
2275	71	66	
2276	71	70	
2277	72	66	
2278	71	69	
2279	72	67	
2280	73	68	
2281	73	70	
2282	73	69	
2283	72	70	
2284	72	69	
2285	71	67	
2286	72	68	
2287	71	68	
2288	75	69	
2289	75	70	
2290	75	68	
2291	75	71	
2292	75	67	
2293	75	72	
2294	74	69	
2295	74	70	
2296	72	71	
2297	73	67	
2298	73	71	
2299	73	66	
2300	74	72	
2301	74	67	
2302	74	71	
2303	74	68	
2304	54	67	
2305	54	69	
2306	54	68	
2307	55	69	
2308	54	66	
2309	55	68	
2310	55	66	
2311	55	67	
2312	57	70	
2313	55	64	
2314	56	68	
2315	55	65	
2316	56	69	
2317	54	64	
2318	56	70	
2319	54	65	
2320	59	70	
2321	58	65	
2322	59	71	
2323	58	66	
2324	58	67	
2325	57	65	
2326	58	68	
2327	57	66	
2328	56	67	
2329	57	69	
2330	56	66	
2331	57	68	
2332	56	65	
2333	58	70	
2334	57	67	
2335	58	69	
2336	59	69	
2337	59	67	
2338	59	68	
2339	59	66	
2340	60	71	
2341	60	66	
2342	60	70	
2343	60	67	
2344	61	68	
2345	62	70	
2346	62	69	
2347	61	70	
2348	61	69	
2349	60	69	
2350	61	66	
2351	60	68	
2352	65	69	
2353	64	70	
2354	64	69	
2355	64	71	
2356	64	68	
2357	64	72	
2358	63	68	
2359	63	70	
2360	61	71	
2361	62	68	
2362	62	71	
2363	61	67	
2364	63	72	
2365	62	67	
2366	63	71	
2367	63	69	
2368	65	71	
2369	65	72	
2370	65	70	
2371	65	73	
2372	66	71	
2373	66	72	
2374	66	70	
2375	66	73	
2376	67	72	
2377	67	71	
2378	67	73	
2379	67	70	
2380	67	74	
2381	67	69	
2382	66	74	
2383	66	69	
2384	70	74	
2385	70	73	
2386	70	75	
2387	69	70	
2388	70	76	
2389	69	71	
2390	69	75	
2391	69	72	
2392	68	70	
2393	68	74	
2394	68	71	
2395	68	73	
2396	68	72	
2397	68	75	
2398	69	73	
2399	69	74	
2400	71	76	
2401	70	72	
2402	71	75	
2403	70	71	
2404	72	77	
2405	71	71	
2406	72	76	
2407	71	72	
2408	73	73	
2409	73	75	
2410	72	73	
2411	73	74	
2412	72	74	
2413	71	74	
2414	71	73	
2415	72	75	
2416	75	75	
2417	75	76	
2418	75	74	
2419	75	77	
2420	75	73	
2421	75	78	
2422	74	73	
2423	74	76	
2424	73	76	
2425	72	72	
2426	73	77	
2427	73	72	
2428	74	78	
2429	74	75	
2430	74	77	
2431	74	74	
2432	54	72	
2433	54	74	
2434	54	73	
2435	55	74	
2436	54	71	
2437	55	73	
2438	54	70	
2439	55	72	
2440	57	75	
2441	56	72	
2442	56	73	
2443	56	71	
2444	56	74	
2445	55	70	
2446	56	75	
2447	55	71	
2448	59	75	
2449	59	72	
2450	59	76	
2451	59	73	
2452	59	77	
2453	59	74	
2454	58	76	
2455	58	72	
2456	57	71	
2457	57	74	
2458	58	71	
2459	57	73	
2460	57	72	
2461	58	74	
2462	58	73	
2463	58	75	
2464	60	77	
2465	60	73	
2466	60	76	
2467	60	74	
2468	60	75	
2469	60	72	
2470	61	77	
2471	61	73	
2472	61	72	
2473	62	77	
2474	62	74	
2475	62	76	
2476	62	75	
2477	61	75	
2478	61	74	
2479	61	76	
2480	64	75	
2481	64	76	
2482	64	74	
2483	65	78	
2484	64	73	
2485	64	77	
2486	63	73	
2487	65	79	
2488	63	78	
2489	62	73	
2490	63	77	
2491	62	72	
2492	63	76	
2493	63	75	
2494	64	78	
2495	63	74	
2496	66	77	
2497	65	77	
2498	65	76	
2499	66	78	
2500	65	75	
2501	66	79	
2502	66	76	
2503	66	80	
2504	68	81	
2505	67	76	
2506	67	78	
2507	67	77	
2508	67	79	
2509	66	75	
2510	67	80	
2511	65	74	
2512	70	80	
2513	70	78	
2514	70	81	
2515	69	76	
2516	70	82	
2517	68	76	
2518	69	81	
2519	69	77	
2520	67	75	
2521	68	80	
2522	68	77	
2523	68	79	
2524	68	78	
2525	69	79	
2526	69	78	
2527	69	80	
2528	70	79	
2529	70	77	
2530	71	82	
2531	71	77	
2532	71	81	
2533	71	78	
2534	71	80	
2535	72	78	
2536	73	80	
2537	72	83	
2538	72	81	
2539	72	82	
2540	73	81	
2541	72	80	
2542	72	79	
2543	71	79	
2544	75	81	
2545	75	82	
2546	75	80	
2547	75	83	
2548	75	79	
2549	75	84	
2550	74	79	
2551	74	82	
2552	73	82	
2553	73	79	
2554	73	83	
2555	73	78	
2556	74	84	
2557	74	81	
2558	74	83	
2559	74	80	
2560	54	77	
2561	54	80	
2562	54	78	
2563	55	80	
2564	54	79	
2565	55	79	
2566	54	76	
2567	56	81	
2568	56	79	
2569	56	76	
2570	56	80	
2571	55	75	
2572	55	77	
2573	55	76	
2574	55	78	
2575	54	75	
2576	59	81	
2577	59	79	
2578	59	82	
2579	58	77	
2580	58	81	
2581	58	78	
2582	57	81	
2583	58	79	
2584	56	77	
2585	56	78	
2586	57	76	
2587	57	78	
2588	57	77	
2589	57	80	
2590	57	79	
2591	58	80	
2592	59	80	
2593	59	78	
2594	60	82	
2595	60	78	
2596	60	81	
2597	60	79	
2598	60	80	
2599	61	78	
2600	62	81	
2601	63	84	
2602	61	82	
2603	62	82	
2604	62	80	
2605	61	80	
2606	61	79	
2607	61	81	
2608	65	81	
2609	65	82	
2610	65	80	
2611	64	81	
2612	64	80	
2613	64	82	
2614	64	79	
2615	64	83	
2616	63	83	
2617	62	79	
2618	63	82	
2619	63	80	
2620	63	81	
2621	62	78	
2622	64	84	
2623	63	79	
2624	65	83	
2625	65	85	
2626	65	84	
2627	66	85	
2628	66	83	
2629	66	84	
2630	66	82	
2631	67	86	
2632	69	87	
2633	67	83	
2634	68	87	
2635	67	82	
2636	67	84	
2637	67	81	
2638	67	85	
2639	66	81	
2640	71	88	
2641	70	84	
2642	70	85	
2643	69	82	
2644	70	86	
2645	69	83	
2646	70	87	
2647	69	85	
2648	68	82	
2649	68	86	
2650	68	83	
2651	68	85	
2652	68	84	
2653	69	86	
2654	69	84	
2655	70	88	
2656	71	87	
2657	70	83	
2658	71	86	
2659	71	83	
2660	71	85	
2661	71	84	
2662	72	89	
2663	72	85	
2664	73	85	
2665	73	89	
2666	73	86	
2667	73	88	
2668	73	87	
2669	72	87	
2670	72	86	
2671	72	88	
2672	75	87	
2673	75	88	
2674	75	86	
2675	75	89	
2676	75	85	
2677	76	89	
2678	74	85	
2679	76	90	
2680	74	90	
2681	72	84	
2682	74	89	
2683	73	84	
2684	74	88	
2685	74	87	
2686	75	90	
2687	74	86	
2688	54	83	
2689	55	85	
2690	54	84	
2691	55	84	
2692	54	85	
2693	55	83	
2694	54	82	
2695	56	86	
2696	58	86	
2697	56	82	
2698	57	86	
2699	55	81	
2700	56	84	
2701	54	81	
2702	56	85	
2703	55	82	
2704	60	87	
2705	60	83	
2706	59	85	
2707	59	83	
2708	59	86	
2709	59	84	
2710	59	87	
2711	58	82	
2712	56	83	
2713	57	85	
2714	57	82	
2715	57	84	
2716	57	83	
2717	58	84	
2718	58	83	
2719	58	85	
2720	60	86	
2721	60	84	
2722	60	85	
2723	61	83	
2724	61	87	
2725	61	84	
2726	61	86	
2727	62	83	
2728	62	87	
2729	62	88	
2730	63	87	
2731	63	88	
2732	62	86	
2733	62	85	
2734	62	84	
2735	61	85	
2736	66	87	
2737	66	88	
2738	65	87	
2739	65	88	
2740	66	86	
2741	65	89	
2742	65	86	
2743	65	90	
2744	63	89	
2745	63	86	
2746	64	89	
2747	63	85	
2748	64	88	
2749	64	86	
2750	64	87	
2751	64	85	
2752	66	90	
2753	66	91	
2754	66	89	
2755	67	91	
2756	67	88	
2757	67	90	
2758	67	87	
2759	67	89	
2760	70	94	
2761	69	88	
2762	69	92	
2763	68	90	
2764	68	91	
2765	68	89	
2766	68	92	
2767	68	88	
2768	72	95	
2769	72	90	
2770	71	94	
2771	71	89	
2772	71	93	
2773	71	90	
2774	71	92	
2775	71	91	
2776	69	89	
2777	70	93	
2778	69	90	
2779	69	91	
2780	70	92	
2781	70	91	
2782	70	89	
2783	70	90	
2784	72	94	
2785	72	91	
2786	72	93	
2787	72	92	
2788	73	96	
2789	73	90	
2790	73	95	
2791	73	91	
2792	74	93	
2793	74	97	
2794	74	94	
2795	74	96	
2796	74	95	
2797	73	93	
2798	73	92	
2799	73	94	
2800	76	93	
2801	76	94	
2802	76	92	
2803	76	95	
2804	76	91	
2805	76	96	
2806	75	91	
2807	76	97	
2808	75	97	
2809	74	92	
2810	75	96	
2811	74	91	
2812	75	95	
2813	75	93	
2814	75	94	
2815	75	92	
2816	54	88	
2817	54	90	
2818	54	89	
2819	55	90	
2820	54	87	
2821	55	89	
2822	55	87	
2823	55	88	
2824	57	91	
2825	56	88	
2826	56	89	
2827	56	87	
2828	56	90	
2829	55	86	
2830	56	91	
2831	54	86	
2832	61	93	
2833	59	89	
2834	60	92	
2835	58	88	
2836	60	93	
2837	58	91	
2838	59	90	
2839	58	90	
2840	57	87	
2841	57	90	
2842	58	87	
2843	57	89	
2844	57	88	
2845	59	92	
2846	58	89	
2847	59	91	
2848	61	92	
2849	59	88	
2850	60	91	
2851	60	88	
2852	60	90	
2853	60	89	
2854	62	93	
2855	61	88	
2856	63	92	
2857	63	94	
2858	62	92	
2859	63	93	
2860	62	91	
2861	61	90	
2862	61	89	
2863	61	91	
2864	65	92	
2865	65	93	
2866	65	91	
2867	65	94	
2868	64	90	
2869	65	95	
2870	64	91	
2871	65	96	
2872	64	95	
2873	62	90	
2874	64	94	
2875	63	91	
2876	64	93	
2877	62	89	
2878	64	92	
2879	63	90	
2880	66	94	
2881	66	96	
2882	66	95	
2883	67	97	
2884	66	93	
2885	67	96	
2886	66	92	
2887	67	95	
2888	68	96	
2889	69	93	
2890	68	97	
2891	68	93	
2892	68	98	
2893	67	92	
2894	67	94	
2895	67	93	
2896	70	100	
2897	71	97	
2898	70	99	
2899	71	96	
2900	69	98	
2901	71	95	
2902	69	97	
2903	70	95	
2904	68	94	
2905	69	96	
2906	69	94	
2907	68	95	
2908	69	95	
2909	70	97	
2910	70	96	
2911	70	98	
2912	71	100	
2913	72	96	
2914	71	99	
2915	72	97	
2916	71	98	
2917	72	98	
2918	72	101	
2919	73	97	
2920	74	100	
2921	73	101	
2922	73	99	
2923	74	101	
2924	73	100	
2925	72	99	
2926	73	98	
2927	72	100	
2928	76	100	
2929	76	101	
2930	76	99	
2931	76	102	
2932	76	98	
2933	76	103	
2934	75	100	
2935	75	101	
2936	74	102	
2937	74	99	
2938	74	103	
2939	74	98	
2940	75	103	
2941	75	98	
2942	75	102	
2943	75	99	
2944	54	93	
2945	55	95	
2946	54	94	
2947	55	94	
2948	54	95	
2949	55	93	
2950	54	92	
2951	56	96	
2952	56	94	
2953	56	92	
2954	57	96	
2955	55	91	
2956	56	95	
2957	54	91	
2958	57	97	
2959	55	92	
2960	59	95	
2961	59	94	
2962	59	96	
2963	58	92	
2964	59	97	
2965	58	93	
2966	59	98	
2967	58	94	
2968	56	93	
2969	57	95	
2970	57	92	
2971	57	94	
2972	57	93	
2973	58	96	
2974	58	95	
2975	58	97	
2976	60	98	
2977	59	93	
2978	60	97	
2979	60	94	
2980	60	96	
2981	60	95	
2982	61	98	
2983	61	94	
2984	62	95	
2985	62	99	
2986	62	96	
2987	62	98	
2988	62	97	
2989	61	96	
2990	61	95	
2991	61	97	
2992	65	98	
2993	65	99	
2994	65	97	
2995	65	100	
2996	64	97	
2997	64	98	
2998	64	96	
2999	64	99	
3000	63	100	
3001	62	94	
3002	63	99	
3003	63	97	
3004	63	98	
3005	63	96	
3006	64	100	
3007	63	95	
3008	66	100	
3009	65	101	
3010	66	99	
3011	66	101	
3012	66	98	
3013	66	102	
3014	66	97	
3015	67	102	
3016	69	104	
3017	68	99	
3018	68	103	
3019	67	98	
3020	68	104	
3021	67	99	
3022	67	101	
3023	67	100	
3024	72	107	
3025	69	99	
3026	71	103	
3027	69	100	
3028	71	104	
3029	70	102	
3030	71	105	
3031	69	101	
3032	68	100	
3033	69	103	
3034	68	101	
3035	68	102	
3036	69	102	
3037	70	104	
3038	70	103	
3039	70	105	
3040	72	106	
3041	70	101	
3042	73	107	
3043	71	102	
3044	73	106	
3045	71	101	
3046	72	105	
3047	72	102	
3048	73	103	
3049	74	107	
3050	74	105	
3051	74	106	
3052	73	104	
3053	72	104	
3054	72	103	
3055	73	105	
3056	76	106	
3057	76	107	
3058	76	105	
3059	76	108	
3060	76	104	
3061	76	109	
3062	75	104	
3063	75	107	
3064	74	108	
3065	73	102	
3066	74	109	
3067	74	104	
3068	75	109	
3069	75	106	
3070	75	108	
3071	75	105	
3072	54	98	
3073	55	100	
3074	54	99	
3075	55	99	
3076	54	100	
3077	55	98	
3078	54	97	
3079	56	102	
3080	56	100	
3081	56	97	
3082	57	101	
3083	55	96	
3084	57	102	
3085	55	97	
3086	56	101	
3087	54	96	
3088	60	103	
3089	59	100	
3090	60	104	
3091	58	98	
3092	59	102	
3093	58	99	
3094	59	101	
3095	58	100	
3096	56	98	
3097	56	99	
3098	57	98	
3099	57	100	
3100	57	99	
3101	58	102	
3102	58	101	
3103	59	103	
3104	60	101	
3105	59	99	
3106	60	102	
3107	60	99	
3108	61	104	
3109	60	100	
3110	61	103	
3111	61	99	
3112	62	104	
3113	63	104	
3114	62	103	
3115	63	103	
3116	62	102	
3117	61	102	
3118	61	100	
3119	61	101	
3120	65	103	
3121	65	104	
3122	65	102	
3123	65	105	
3124	64	101	
3125	65	106	
3126	64	102	
3127	64	103	
3128	63	105	
3129	62	101	
3130	64	106	
3131	63	102	
3132	64	105	
3133	62	100	
3134	64	104	
3135	63	101	
3136	66	105	
3137	66	108	
3138	66	106	
3139	67	108	
3140	66	107	
3141	67	107	
3142	66	104	
3143	67	106	
3144	68	107	
3145	68	105	
3146	68	108	
3147	67	103	
3148	68	109	
3149	67	104	
3150	67	105	
3151	66	103	
3152	71	111	
3153	72	108	
3154	70	111	
3155	71	107	
3156	70	110	
3157	71	106	
3158	69	109	
3159	70	106	
3160	68	106	
3161	69	108	
3162	69	105	
3163	69	107	
3164	69	106	
3165	70	108	
3166	70	107	
3167	70	109	
3168	71	110	
3169	72	109	
3170	71	109	
3171	72	110	
3172	71	108	
3173	73	108	
3174	72	113	
3175	73	109	
3176	73	111	
3177	73	113	
3178	74	112	
3179	74	113	
3180	73	112	
3181	72	111	
3182	73	110	
3183	72	112	
3184	76	112	
3185	76	113	
3186	76	111	
3187	76	114	
3188	76	110	
3189	76	115	
3190	75	110	
3191	75	113	
3192	74	114	
3193	74	111	
3194	74	115	
3195	74	110	
3196	75	115	
3197	75	112	
3198	75	114	
3199	75	111	
3200	54	104	
3201	55	105	
3202	54	105	
3203	55	104	
3204	54	103	
3205	55	103	
3206	54	102	
3207	56	107	
3208	58	107	
3209	56	103	
3210	57	107	
3211	55	101	
3212	56	105	
3213	55	102	
3214	56	106	
3215	54	101	
3216	60	108	
3217	59	105	
3218	60	109	
3219	58	103	
3220	59	107	
3221	59	106	
3222	59	108	
3223	58	104	
3224	56	104	
3225	57	106	
3226	57	103	
3227	57	105	
3228	57	104	
3229	58	106	
3230	58	105	
3231	59	109	
3232	60	107	
3233	59	104	
3234	61	109	
3235	60	106	
3236	62	109	
3237	60	105	
3238	61	108	
3239	61	105	
3240	62	106	
3241	63	110	
3242	63	108	
3243	63	109	
3244	62	107	
3245	61	107	
3246	61	106	
3247	62	108	
3248	65	109	
3249	65	110	
3250	65	108	
3251	65	111	
3252	65	107	
3253	65	112	
3254	64	107	
3255	65	113	
3256	63	111	
3257	62	105	
3258	64	111	
3259	63	107	
3260	64	110	
3261	63	106	
3262	64	109	
3263	64	108	
3264	66	111	
3265	67	113	
3266	66	112	
3267	67	112	
3268	66	113	
3269	67	111	
3270	66	110	
3271	68	115	
3272	69	114	
3273	68	110	
3274	68	112	
3275	67	109	
3276	68	113	
3277	66	109	
3278	68	114	
3279	67	110	
3280	71	116	
3281	71	113	
3282	71	117	
3283	71	112	
3284	70	117	
3285	70	112	
3286	70	116	
3287	70	113	
3288	68	111	
3289	69	113	
3290	69	110	
3291	69	112	
3292	69	111	
3293	70	115	
3294	70	114	
3295	69	115	
3296	71	115	
3297	71	114	
3298	72	119	
3299	72	114	
3300	73	119	
3301	72	115	
3302	72	118	
3303	72	116	
3304	73	115	
3305	74	119	
3306	74	117	
3307	74	118	
3308	73	116	
3309	72	117	
3310	73	117	
3311	73	118	
3312	76	118	
3313	76	119	
3314	76	117	
3315	76	120	
3316	76	116	
3317	76	121	
3318	75	116	
3319	75	119	
3320	74	120	
3321	73	114	
3322	74	121	
3323	74	116	
3324	75	121	
3325	75	118	
3326	75	120	
3327	75	117	
