    .9  6.4543185 -1.1316569   .545432E+01
   1.0  5.8125749 -1.0184911   .481257E+01
   1.1  5.2886548  -.9259011   .428865E+01
   1.2  4.8557234  -.8487425   .385572E+01
   1.3  4.4970889  -.7834547   .349709E+01
   1.4  4.1843348  -.7274936   .318433E+01
   1.5  3.9222496  -.6789940   .292225E+01
   1.6  3.6930022  -.6365569   .269300E+01
   1.7  3.4919484  -.5991124   .249195E+01
   1.8  3.3170359  -.5658283   .231704E+01
   1.9  3.1643097  -.5360479   .216431E+01
   2.0  3.0235806  -.5092455   .202358E+01
   2.5  2.5166922  -.4073964   .151669E+01
   3.0  2.1938338  -.3394970   .119383E+01
   3.5  1.9747065  -.2909974   .974707E+00
   4.0  1.8193828  -.2546228   .819383E+00
   4.5  1.7012594  -.2263314   .701259E+00
   5.0  1.6090214  -.2036982   .609021E+00
   5.5  1.5347686  -.1851802   .534769E+00
   6.0  1.4773451  -.1697485   .477345E+00
   6.5  1.4263254  -.1566909   .426325E+00
   7.0  1.3859435  -.1454987   .385944E+00
   7.5  1.3511535  -.1357988   .351153E+00
   8.0  1.3197956  -.1273114   .319796E+00
   8.5  1.2935159  -.1198225   .293516E+00
   9.0  1.2708907  -.1131657   .270891E+00
   9.5  1.2510885  -.1072096   .251089E+00
  10.0  1.2320174  -.1018491   .232017E+00
  10.5  1.2154891  -.0969992   .215489E+00
  11.0  1.2007619  -.0925901   .200762E+00
  11.5  1.1876224  -.0885644   .187622E+00
  12.0  1.1757008  -.0848743   .175701E+00
  12.5  1.1646123  -.0814793   .164612E+00
  13.0  1.1553351  -.0783455   .155335E+00
  13.5  1.1467752  -.0754438   .146775E+00
  14.0  1.1382238  -.0727494   .138224E+00
  14.5  1.1303568  -.0702408   .130357E+00
  15.0  1.1228946  -.0678994   .122895E+00
  15.5  1.1156858  -.0657091   .115686E+00
  16.0  1.1097682  -.0636557   .109768E+00
  16.5  1.1043333  -.0617267   .104333E+00
  17.0  1.0993387  -.0599112   .993387E-01
  17.5  1.0945439  -.0581995   .945439E-01
  18.0  1.0899609  -.0565828   .899609E-01
  18.5  1.0858533  -.0550536   .858533E-01
  19.0  1.0819288  -.0536048   .819288E-01
  19.5  1.0780163  -.0522303   .780163E-01
  20.0  1.0744441  -.0509246   .744441E-01
  22.0  1.0618911  -.0462951   .618911E-01
  24.0  1.0530350  -.0424371   .530350E-01
  26.0  1.0457782  -.0391727   .457782E-01
  28.0  1.0395123  -.0363747   .395123E-01
  30.0  1.0339804  -.0339497   .339804E-01
  32.0  1.0296133  -.0318278   .296133E-01
  34.0  1.0259310  -.0299556   .259310E-01
  36.0  1.0234047  -.0282914   .234047E-01
  38.0  1.0212641  -.0268024   .212641E-01
  40.0  1.0193188  -.0254623   .193188E-01
  42.0  1.0176322  -.0242498   .176322E-01
  44.0  1.0161881  -.0231475   .161881E-01
  46.0  1.0148551  -.0221411   .148551E-01
  48.0  1.0137451  -.0212186   .137451E-01
  50.0  1.0126997  -.0203698   .126997E-01
  52.0  1.0117177  -.0195864   .117177E-01
  54.0  1.0108736  -.0188609   .108736E-01
  56.0  1.0100423  -.0181873   .100423E-01
  58.0  1.0092956  -.0175602   .929558E-02
  60.0  1.0086001  -.0169749   .860012E-02
  62.0  1.0080142  -.0164273   .801420E-02
  64.0  1.0074108  -.0159139   .741076E-02
  66.0  1.0069216  -.0154317   .692165E-02
  68.0  1.0064492  -.0149778   .644922E-02
  70.0  1.0059732  -.0145499   .597322E-02
  72.0  1.0056951  -.0141457   .569510E-02
  74.0  1.0052916  -.0137634   .529158E-02
  76.0  1.0049582  -.0134012   .495815E-02
  78.0  1.0046201  -.0130576   .462008E-02
  80.0  1.0043061  -.0127311   .430608E-02
  82.0  1.0039767  -.0124206   .397670E-02
  84.0  1.0036836  -.0121249   .368357E-02
  86.0  1.0034471  -.0118429   .344706E-02
  88.0  1.0031772  -.0115738   .317717E-02
  90.0  1.0029327  -.0113166   .293267E-02
  92.0  1.0027162  -.0110706   .271618E-02
  94.0  1.0024909  -.0108350   .249088E-02
  96.0  1.0022922  -.0106093   .229216E-02
  98.0  1.0020871  -.0103928   .208712E-02
 100.0  1.0019093  -.0101849   .190926E-02
 102.0  1.0017170  -.0099852   .171697E-02
 104.0  1.0015880  -.0097932   .158799E-02
 106.0  1.0015168  -.0096084   .151682E-02
 108.0  1.0014641  -.0094305   .146413E-02
 110.0  1.0014174  -.0092590   .141740E-02
 112.0  1.0013447  -.0090937   .134468E-02
 114.0  1.0013132  -.0089341   .131321E-02
 116.0  1.0012598  -.0087801   .125980E-02
 118.0  1.0011951  -.0086313   .119507E-02
 120.0  1.0011545  -.0084874   .115454E-02
 122.0  1.0011088  -.0083483   .110877E-02
 124.0  1.0010638  -.0082136   .106382E-02
 126.0  1.0010366  -.0080833   .103664E-02
 128.0  1.0010064  -.0079570   .100636E-02
 130.0  1.0009670  -.0078345   .967026E-03
 132.0  1.0009184  -.0077158   .918388E-03
 134.0  1.0008837  -.0076007   .883698E-03
 136.0  1.0008609  -.0074889   .860929E-03
 138.0  1.0008298  -.0073804   .829816E-03
 140.0  1.0008056  -.0072749   .805616E-03
 142.0  1.0007811  -.0071725   .781059E-03
 144.0  1.0007638  -.0070729   .763774E-03
 146.0  1.0007493  -.0069760   .749350E-03
 148.0  1.0007123  -.0068817   .712276E-03
 150.0  1.0006881  -.0067899   .688076E-03
 152.0  1.0006582  -.0067006   .658154E-03
 154.0  1.0006359  -.0066136   .635862E-03
 156.0  1.0006200  -.0065288   .620008E-03
 158.0  1.0005833  -.0064461   .583291E-03
 160.0  1.0005695  -.0063656   .569463E-03
 162.0  1.0005535  -.0062870   .553489E-03
 164.0  1.0005291  -.0062103   .529051E-03
 166.0  1.0005080  -.0061355   .507951E-03
 168.0  1.0004933  -.0060624   .493288E-03
 170.0  1.0004677  -.0059911   .467658E-03
 172.0  1.0004532  -.0059215   .453234E-03
 174.0  1.0004412  -.0058534   .441194E-03
 176.0  1.0004172  -.0057869   .417233E-03
 178.0  1.0004077  -.0057219   .407696E-03
 180.0  1.0003865  -.0056583   .386477E-03
 182.0  1.0003766  -.0055961   .376582E-03
 184.0  1.0003542  -.0055353   .354171E-03
 186.0  1.0003365  -.0054758   .336528E-03
 188.0  1.0003277  -.0054175   .327706E-03
 190.0  1.0003121  -.0053605   .312090E-03
 192.0  1.0002927  -.0053046   .292659E-03
 194.0  1.0002780  -.0052500   .277996E-03
 196.0  1.0002677  -.0051964   .267744E-03
 198.0  1.0002559  -.0051439   .255942E-03
 200.0  1.0002439  -.0050925   .243902E-03
 205.0  1.0002093  -.0049682   .209332E-03
 210.0  1.0001973  -.0048500   .197291E-03
 215.0  1.0001897  -.0047372   .189662E-03
 220.0  1.0001820  -.0046295   .182033E-03
 225.0  1.0001719  -.0045266   .171900E-03
 230.0  1.0001665  -.0044282   .166535E-03
 235.0  1.0001576  -.0043340   .157595E-03
 240.0  1.0001481  -.0042437   .148058E-03
 245.0  1.0001425  -.0041571   .142455E-03
 250.0  1.0001374  -.0040740   .137448E-03
 255.0  1.0001312  -.0039941   .131249E-03
 260.0  1.0001252  -.0039173   .125170E-03
 265.0  1.0001193  -.0038434   .119328E-03
 270.0  1.0001121  -.0037722   .112057E-03
 275.0  1.0001079  -.0037036   .107884E-03
 280.0  1.0001030  -.0036375   .102997E-03
 285.0  1.0000974  -.0035737   .973940E-04
 290.0  1.0000944  -.0035120   .944138E-04
 295.0  1.0000885  -.0034525   .884533E-04
 300.0  1.0000865  -.0033950   .865459E-04
 305.0  1.0000827  -.0033393   .827312E-04
 310.0  1.0000788  -.0032855   .787973E-04
 315.0  1.0000751  -.0032333   .751019E-04
 320.0  1.0000718  -.0031828   .717640E-04
 325.0  1.0000672  -.0031338   .672340E-04
 330.0  1.0000633  -.0030863   .633001E-04
 335.0  1.0000609  -.0030403   .609159E-04
 340.0  1.0000581  -.0029956   .580549E-04
 345.0  1.0000563  -.0029521   .562668E-04
 350.0  1.0000526  -.0029100   .525713E-04
 355.0  1.0000495  -.0028690   .494719E-04
 360.0  1.0000465  -.0028291   .464916E-04
 365.0  1.0000439  -.0027904   .438690E-04
 370.0  1.0000421  -.0027527   .420809E-04
 375.0  1.0000407  -.0027160   .406504E-04
 380.0  1.0000395  -.0026802   .394583E-04
 385.0  1.0000355  -.0026454   .355244E-04
 390.0  1.0000339  -.0026115   .338554E-04
 395.0  1.0000317  -.0025785   .317097E-04
 400.0  1.0000298  -.0025462   .298023E-04
 405.0  1.0000281  -.0025148   .281334E-04
 410.0  1.0000265  -.0024841   .264645E-04
 415.0  1.0000254  -.0024542   .253916E-04
 420.0  1.0000243  -.0024250   .243187E-04
 425.0  1.0000242  -.0023964   .241995E-04
 430.0  1.0000240  -.0023686   .239611E-04
 435.0  1.0000229  -.0023414   .228882E-04
 440.0  1.0000230  -.0023148   .230074E-04
 445.0  1.0000225  -.0022887   .225306E-04
 450.0  1.0000213  -.0022633   .213385E-04
 455.0  1.0000209  -.0022384   .208616E-04
 460.0  1.0000205  -.0022141   .205040E-04
 465.0  1.0000204  -.0021903   .203848E-04
 470.0  1.0000196  -.0021670   .195503E-04
 475.0  1.0000192  -.0021442   .191927E-04
 480.0  1.0000180  -.0021219   .180006E-04
 485.0  1.0000182  -.0021000   .182390E-04
 490.0  1.0000178  -.0020786   .177622E-04
 495.0  1.0000173  -.0020576   .172853E-04
 500.0  1.0000168  -.0020370   .168085E-04
 510.0  1.0000168  -.0019970   .168085E-04
 520.0  1.0000159  -.0019586   .158548E-04
 530.0  1.0000149  -.0019217   .149012E-04
 540.0  1.0000143  -.0018861   .143051E-04
 550.0  1.0000129  -.0018518   .128746E-04
 560.0  1.0000124  -.0018187   .123978E-04
 570.0  1.0000120  -.0017868   .120401E-04
 580.0  1.0000117  -.0017560   .116825E-04
 590.0  1.0000107  -.0017263   .107288E-04
 600.0  1.0000106  -.0016975   .106096E-04
 610.0  1.0000098  -.0016697   .977516E-05
 620.0  1.0000100  -.0016427   .100136E-04
 630.0  1.0000093  -.0016167   .929832E-05
 640.0  1.0000088  -.0015914   .882149E-05
 650.0  1.0000082  -.0015669   .822544E-05
 660.0  1.0000077  -.0015432   .774860E-05
 670.0  1.0000081  -.0015201   .810623E-05
 680.0  1.0000069  -.0014978   .691414E-05
 690.0  1.0000069  -.0014761   .691414E-05
 700.0  1.0000064  -.0014550   .643730E-05
 710.0  1.0000060  -.0014345   .596046E-05
 720.0  1.0000057  -.0014146   .572205E-05
 730.0  1.0000054  -.0013952   .536442E-05
 740.0  1.0000052  -.0013763   .524521E-05
 750.0  1.0000049  -.0013580   .488758E-05
 760.0  1.0000046  -.0013401   .464916E-05
 770.0  1.0000043  -.0013227   .429153E-05
 780.0  1.0000042  -.0013058   .417233E-05
 790.0  1.0000039  -.0012892   .393391E-05
 800.0  1.0000035  -.0012731   .345707E-05
 810.0  1.0000032  -.0012574   .321865E-05
 820.0  1.0000031  -.0012421   .309944E-05
 830.0  1.0000031  -.0012271   .309944E-05
 840.0  1.0000031  -.0012125   .309944E-05
 850.0  1.0000030  -.0011982   .298023E-05
 860.0  1.0000029  -.0011843   .286102E-05
 870.0  1.0000027  -.0011707   .274181E-05
 880.0  1.0000027  -.0011574   .274181E-05
 890.0  1.0000027  -.0011444   .274181E-05
 900.0  1.0000026  -.0011317   .262260E-05
 910.0  1.0000025  -.0011192   .250340E-05
 920.0  1.0000024  -.0011071   .238419E-05
 930.0  1.0000023  -.0010952   .226498E-05
 940.0  1.0000023  -.0010835   .226498E-05
 950.0  1.0000021  -.0010721   .214577E-05
 960.0  1.0000024  -.0010609   .238419E-05
 970.0  1.0000021  -.0010500   .214577E-05
 980.0  1.0000020  -.0010393   .202656E-05
 990.0  1.0000021  -.0010288   .214577E-05
1000.0  1.0000020  -.0010185   .202656E-05
1100.0  1.0000015  -.0009259   .154972E-05
1200.0  1.0000012  -.0008487   .119209E-05
1300.0  1.0000010  -.0007835   .953674E-06
1400.0  1.0000007  -.0007275   .715256E-06
1500.0  1.0000004  -.0006790   .357628E-06
1600.0  1.0000004  -.0006366   .357628E-06
1700.0  1.0000001  -.0005991   .119209E-06
1800.0  1.0000002  -.0005658   .238419E-06
1900.0  1.0000001  -.0005360   .119209E-06
2000.0  1.0000001  -.0005092   .119209E-06
2100.0  1.0000001  -.0004850   .119209E-06
2200.0  1.0000001  -.0004630   .119209E-06
2300.0  1.0000001  -.0004428   .119209E-06
2400.0  1.0000001  -.0004244   .119209E-06
2500.0  1.0000001  -.0004074   .119209E-06
2600.0  1.0000001  -.0003917   .119209E-06
2700.0  1.0000001  -.0003772   .119209E-06
2800.0  1.0000000  -.0003637   .000000E+00
2900.0   .9999999  -.0003512  -.596046E-07
3000.0   .9999999  -.0003395  -.596046E-07
3100.0  1.0000000  -.0003285   .000000E+00
3200.0   .9999999  -.0003183  -.596046E-07
3300.0   .9999999  -.0003086  -.596046E-07
3400.0   .9999999  -.0002996  -.596046E-07
3500.0   .9999999  -.0002910  -.596046E-07
3600.0   .9999999  -.0002829  -.596046E-07
3700.0   .9999999  -.0002753  -.596046E-07
3800.0   .9999999  -.0002680  -.119209E-06
3900.0   .9999999  -.0002612  -.119209E-06
4000.0   .9999999  -.0002546  -.596046E-07
4100.0   .9999999  -.0002484  -.119209E-06
4200.0   .9999999  -.0002425  -.596046E-07
4300.0   .9999999  -.0002369  -.119209E-06
4400.0   .9999999  -.0002315  -.596046E-07
4500.0   .9999999  -.0002263  -.119209E-06
4600.0   .9999998  -.0002214  -.178814E-06
4700.0   .9999999  -.0002167  -.119209E-06
4800.0   .9999999  -.0002122  -.119209E-06
4900.0   .9999999  -.0002079  -.119209E-06
5000.0   .9999998  -.0002037  -.178814E-06

