    .9   .0063130  1.1316569   .157403E+03
   1.0   .0115747  1.0184911   .853954E+02
   1.1   .0188533   .9259011   .520411E+02
   1.2   .0281345   .8487425   .345436E+02
   1.3   .0392456   .7834547   .244806E+02
   1.4   .0519349   .7274936   .182549E+02
   1.5   .0660424   .6789940   .141418E+02
   1.6   .0811689   .6365569   .113200E+02
   1.7   .0971591   .5991124   .929240E+01
   1.8   .1136944   .5658283   .779551E+01
   1.9   .1306690   .5360479   .665292E+01
   2.0   .1478539   .5092455   .576343E+01
   2.5   .2330981   .4073964   .329004E+01
   3.0   .3113701   .3394970   .221161E+01
   3.5   .3801591   .2909974   .163048E+01
   4.0   .4393573   .2546228   .127605E+01
   4.5   .4915164   .2263314   .103452E+01
   5.0   .5353042   .2036982   .868097E+00
   5.5   .5740296   .1851802   .742070E+00
   6.0   .6072628   .1697485   .646734E+00
   6.5   .6378642   .1566909   .567732E+00
   7.0   .6639003   .1454987   .506250E+00
   7.5   .6869788   .1357988   .455649E+00
   8.0   .7088727   .1273114   .410690E+00
   8.5   .7274076   .1198225   .374745E+00
   9.0   .7436267   .1131657   .344761E+00
   9.5   .7598088   .1072096   .316121E+00
  10.0   .7746869   .1018491   .290844E+00
  10.5   .7874268   .0969992   .269959E+00
  11.0   .7988001   .0925901   .251878E+00
  11.5   .8092005   .0885644   .235788E+00
  12.0   .8194256   .0848743   .220367E+00
  12.5   .8294682   .0814793   .205592E+00
  13.0   .8384545   .0783455   .192671E+00
  13.5   .8469776   .0754438   .180669E+00
  14.0   .8540127   .0727494   .170943E+00
  14.5   .8605629   .0702408   .162030E+00
  15.0   .8666332   .0678994   .153891E+00
  15.5   .8725513   .0657091   .146064E+00
  16.0   .8781717   .0636557   .138729E+00
  16.5   .8837509   .0617267   .131541E+00
  17.0   .8890647   .0599112   .124778E+00
  17.5   .8942459   .0581995   .118261E+00
  18.0   .8989971   .0565828   .112351E+00
  18.5   .9035859   .0550536   .106702E+00
  19.0   .9078414   .0536048   .101514E+00
  19.5   .9118536   .0522303   .966673E-01
  20.0   .9150773   .0509246   .928038E-01
  22.0   .9269003   .0462951   .788647E-01
  24.0   .9365804   .0424371   .677140E-01
  26.0   .9452801   .0391727   .578876E-01
  28.0   .9527106   .0363747   .496367E-01
  30.0   .9589760   .0339497   .427790E-01
  32.0   .9642946   .0318278   .370275E-01
  34.0   .9683364   .0299556   .326990E-01
  36.0   .9711917   .0282914   .296628E-01
  38.0   .9738733   .0268024   .268276E-01
  40.0   .9763298   .0254623   .242441E-01
  42.0   .9782197   .0242498   .222652E-01
  44.0   .9800153   .0231475   .203923E-01
  46.0   .9816728   .0221411   .186694E-01
  48.0   .9830788   .0212186   .172124E-01
  50.0   .9844235   .0203698   .158230E-01
  52.0   .9856611   .0195864   .145475E-01
  54.0   .9867492   .0188609   .134288E-01
  56.0   .9877783   .0181873   .123730E-01
  58.0   .9887238   .0175602   .114048E-01
  60.0   .9895846   .0169749   .105251E-01
  62.0   .9903420   .0164273   .975215E-02
  64.0   .9911097   .0159139   .897002E-02
  66.0   .9917399   .0154317   .832891E-02
  68.0   .9923000   .0149778   .775981E-02
  70.0   .9928060   .0145499   .724614E-02
  72.0   .9932017   .0141457   .684476E-02
  74.0   .9937070   .0137634   .633287E-02
  76.0   .9941159   .0134012   .591898E-02
  78.0   .9945346   .0130576   .549543E-02
  80.0   .9949244   .0127311   .510156E-02
  82.0   .9953235   .0124206   .469851E-02
  84.0   .9956638   .0121249   .435507E-02
  86.0   .9959561   .0118429   .406039E-02
  88.0   .9962859   .0115738   .372803E-02
  90.0   .9965832   .0113166   .342858E-02
  92.0   .9968508   .0110706   .315905E-02
  94.0   .9971215   .0108350   .288689E-02
  96.0   .9973672   .0106093   .263977E-02
  98.0   .9976222   .0103928   .238347E-02
 100.0   .9978375   .0101849   .216722E-02
 102.0   .9980246   .0099852   .197935E-02
 104.0   .9980916   .0097932   .191200E-02
 106.0   .9981691   .0096084   .183427E-02
 108.0   .9982430   .0094305   .176001E-02
 110.0   .9983021   .0092590   .170076E-02
 112.0   .9983857   .0090937   .161684E-02
 114.0   .9984317   .0089341   .157082E-02
 116.0   .9984978   .0087801   .150442E-02
 118.0   .9985697   .0086313   .143230E-02
 120.0   .9986253   .0084874   .137651E-02
 122.0   .9986784   .0083483   .132334E-02
 124.0   .9987277   .0082136   .127399E-02
 126.0   .9987628   .0080833   .123870E-02
 128.0   .9988033   .0079570   .119817E-02
 130.0   .9988481   .0078345   .115323E-02
 132.0   .9989055   .0077158   .109565E-02
 134.0   .9989418   .0076007   .105929E-02
 136.0   .9989730   .0074889   .102806E-02
 138.0   .9990101   .0073804   .990868E-03
 140.0   .9990423   .0072749   .958562E-03
 142.0   .9990644   .0071725   .936508E-03
 144.0   .9990886   .0070729   .912189E-03
 146.0   .9991081   .0069760   .892758E-03
 148.0   .9991519   .0068817   .848889E-03
 150.0   .9991810   .0067899   .819683E-03
 152.0   .9992168   .0067006   .783801E-03
 154.0   .9992423   .0066136   .758290E-03
 156.0   .9992635   .0065288   .737071E-03
 158.0   .9993011   .0064461   .699401E-03
 160.0   .9993251   .0063656   .675321E-03
 162.0   .9993458   .0062870   .654697E-03
 164.0   .9993724   .0062103   .627995E-03
 166.0   .9993988   .0061355   .601649E-03
 168.0   .9994157   .0060624   .584602E-03
 170.0   .9994467   .0059911   .553608E-03
 172.0   .9994632   .0059215   .537038E-03
 174.0   .9994810   .0058534   .519276E-03
 176.0   .9995077   .0057869   .492573E-03
 178.0   .9995224   .0057219   .477791E-03
 180.0   .9995446   .0056583   .455618E-03
 182.0   .9995577   .0055961   .442505E-03
 184.0   .9995841   .0055353   .416040E-03
 186.0   .9996038   .0054758   .396371E-03
 188.0   .9996158   .0054175   .384331E-03
 190.0   .9996353   .0053605   .364780E-03
 192.0   .9996582   .0053046   .341892E-03
 194.0   .9996772   .0052500   .322819E-03
 196.0   .9996895   .0051964   .310540E-03
 198.0   .9997021   .0051439   .298023E-03
 200.0   .9997171   .0050925   .283003E-03
 205.0   .9997528   .0049682   .247240E-03
 210.0   .9997624   .0048500   .237703E-03
 215.0   .9997737   .0047372   .226259E-03
 220.0   .9997835   .0046295   .216603E-03
 225.0   .9997943   .0045266   .205755E-03
 230.0   .9997995   .0044282   .200510E-03
 235.0   .9998118   .0043340   .188231E-03
 240.0   .9998235   .0042437   .176549E-03
 245.0   .9998304   .0041571   .169635E-03
 250.0   .9998358   .0040740   .164151E-03
 255.0   .9998432   .0039941   .156760E-03
 260.0   .9998519   .0039173   .148177E-03
 265.0   .9998593   .0038434   .140667E-03
 270.0   .9998663   .0037722   .133753E-03
 275.0   .9998708   .0037036   .129223E-03
 280.0   .9998767   .0036375   .123382E-03
 285.0   .9998833   .0035737   .116706E-03
 290.0   .9998879   .0035120   .112176E-03
 295.0   .9998952   .0034525   .104785E-03
 300.0   .9998970   .0033950   .102997E-03
 305.0   .9999025   .0033393   .975132E-04
 310.0   .9999055   .0032855   .945330E-04
 315.0   .9999098   .0032333   .902414E-04
 320.0   .9999147   .0031828   .853539E-04
 325.0   .9999203   .0031338   .797510E-04
 330.0   .9999239   .0030863   .761747E-04
 335.0   .9999280   .0030403   .720024E-04
 340.0   .9999304   .0029956   .696182E-04
 345.0   .9999339   .0029521   .661612E-04
 350.0   .9999380   .0029100   .621080E-04
 355.0   .9999406   .0028690   .594854E-04
 360.0   .9999446   .0028291   .554323E-04
 365.0   .9999480   .0027904   .519753E-04
 370.0   .9999501   .0027527   .499487E-04
 375.0   .9999517   .0027160   .483990E-04
 380.0   .9999536   .0026802   .463724E-04
 385.0   .9999579   .0026454   .420809E-04
 390.0   .9999600   .0026115   .400543E-04
 395.0   .9999626   .0025785   .374317E-04
 400.0   .9999645   .0025462   .355244E-04
 405.0   .9999669   .0025148   .331402E-04
 410.0   .9999686   .0024841   .313520E-04
 415.0   .9999700   .0024542   .300407E-04
 420.0   .9999706   .0024250   .294447E-04
 425.0   .9999712   .0023964   .288486E-04
 430.0   .9999717   .0023686   .283718E-04
 435.0   .9999723   .0023414   .277758E-04
 440.0   .9999722   .0023148   .277758E-04
 445.0   .9999729   .0022887   .270605E-04
 450.0   .9999744   .0022633   .256300E-04
 455.0   .9999748   .0022384   .251532E-04
 460.0   .9999754   .0022141   .245571E-04
 465.0   .9999754   .0021903   .246763E-04
 470.0   .9999765   .0021670   .234842E-04
 475.0   .9999766   .0021442   .234842E-04
 480.0   .9999785   .0021219   .215769E-04
 485.0   .9999781   .0021000   .219345E-04
 490.0   .9999790   .0020786   .211000E-04
 495.0   .9999793   .0020576   .207424E-04
 500.0   .9999798   .0020370   .202656E-04
 510.0   .9999802   .0019970   .199080E-04
 520.0   .9999809   .0019586   .191927E-04
 530.0   .9999823   .0019217   .177622E-04
 540.0   .9999831   .0018861   .169277E-04
 550.0   .9999845   .0018518   .154972E-04
 560.0   .9999853   .0018187   .147820E-04
 570.0   .9999857   .0017868   .143051E-04
 580.0   .9999860   .0017560   .140667E-04
 590.0   .9999868   .0017263   .132322E-04
 600.0   .9999872   .0016975   .128746E-04
 610.0   .9999883   .0016697   .116825E-04
 620.0   .9999881   .0016427   .119209E-04
 630.0   .9999888   .0016167   .112057E-04
 640.0   .9999896   .0015914   .104904E-04
 650.0   .9999902   .0015669   .977516E-05
 660.0   .9999907   .0015432   .929832E-05
 670.0   .9999904   .0015201   .965595E-05
 680.0   .9999915   .0014978   .846386E-05
 690.0   .9999920   .0014761   .798702E-05
 700.0   .9999923   .0014550   .774860E-05
 710.0   .9999927   .0014345   .739098E-05
 720.0   .9999931   .0014146   .691414E-05
 730.0   .9999936   .0013952   .643730E-05
 740.0   .9999938   .0013763   .619888E-05
 750.0   .9999941   .0013580   .596046E-05
 760.0   .9999945   .0013401   .560284E-05
 770.0   .9999947   .0013227   .536442E-05
 780.0   .9999951   .0013058   .488758E-05
 790.0   .9999955   .0012892   .452995E-05
 800.0   .9999959   .0012731   .417233E-05
 810.0   .9999961   .0012574   .393391E-05
 820.0   .9999963   .0012421   .369549E-05
 830.0   .9999962   .0012271   .381470E-05
 840.0   .9999964   .0012125   .357628E-05
 850.0   .9999964   .0011982   .357628E-05
 860.0   .9999965   .0011843   .345707E-05
 870.0   .9999969   .0011707   .309944E-05
 880.0   .9999967   .0011574   .333786E-05
 890.0   .9999967   .0011444   .333786E-05
 900.0   .9999970   .0011317   .309944E-05
 910.0   .9999971   .0011192   .298023E-05
 920.0   .9999971   .0011071   .298023E-05
 930.0   .9999973   .0010952   .274181E-05
 940.0   .9999973   .0010835   .274181E-05
 950.0   .9999973   .0010721   .274181E-05
 960.0   .9999973   .0010609   .274181E-05
 970.0   .9999973   .0010500   .274181E-05
 980.0   .9999975   .0010393   .250340E-05
 990.0   .9999974   .0010288   .262260E-05
1000.0   .9999976   .0010185   .250340E-05
1100.0   .9999983   .0009259   .178814E-05
1200.0   .9999986   .0008487   .143051E-05
1300.0   .9999987   .0007835   .131130E-05
1400.0   .9999991   .0007275   .953674E-06
1500.0   .9999995   .0006790   .476837E-06
1600.0   .9999996   .0006366   .357628E-06
1700.0   .9999998   .0005991   .238419E-06
1800.0   .9999998   .0005658   .238419E-06
1900.0   .9999998   .0005360   .238419E-06
2000.0   .9999999   .0005092   .119209E-06
2100.0   .9999999   .0004850   .119209E-06
2200.0   .9999999   .0004630   .119209E-06
2300.0   .9999999   .0004428   .119209E-06
2400.0   .9999999   .0004244   .119209E-06
2500.0   .9999999   .0004074   .119209E-06
2600.0  1.0000001   .0003917  -.119209E-06
2700.0  1.0000001   .0003772  -.119209E-06
2800.0  1.0000000   .0003637   .000000E+00
2900.0  1.0000001   .0003512  -.119209E-06
3000.0  1.0000001   .0003395  -.119209E-06
3100.0  1.0000001   .0003285  -.119209E-06
3200.0  1.0000001   .0003183  -.119209E-06
3300.0  1.0000001   .0003086  -.119209E-06
3400.0  1.0000001   .0002996  -.119209E-06
3500.0  1.0000001   .0002910  -.119209E-06
3600.0  1.0000001   .0002829  -.119209E-06
3700.0  1.0000001   .0002753  -.119209E-06
3800.0  1.0000001   .0002680  -.119209E-06
3900.0  1.0000001   .0002612  -.119209E-06
4000.0  1.0000001   .0002546  -.119209E-06
4100.0  1.0000001   .0002484  -.119209E-06
4200.0  1.0000001   .0002425  -.119209E-06
4300.0  1.0000001   .0002369  -.119209E-06
4400.0  1.0000001   .0002315  -.119209E-06
4500.0  1.0000001   .0002263  -.119209E-06
4600.0  1.0000002   .0002214  -.238419E-06
4700.0  1.0000002   .0002167  -.238419E-06
4800.0  1.0000002   .0002122  -.238419E-06
4900.0  1.0000002   .0002079  -.238419E-06
5000.0  1.0000002   .0002037  -.238419E-06

