    .9   .0060975  1.1316569   .163001E+03
   1.0   .0111788  1.0184911   .884551E+02
   1.1   .0182146   .9259011   .539009E+02
   1.2   .0271888   .8487425   .357798E+02
   1.3   .0379417   .7834547   .253562E+02
   1.4   .0501905   .7274936   .189241E+02
   1.5   .0638609   .6789940   .146590E+02
   1.6   .0784611   .6365569   .117452E+02
   1.7   .0939403   .5991124   .964505E+01
   1.8   .1099214   .5658283   .809741E+01
   1.9   .1263186   .5360479   .691649E+01
   2.0   .1429452   .5092455   .599569E+01
   2.5   .2253040   .4073964   .343845E+01
   3.0   .3009387   .3394970   .232294E+01
   3.5   .3674083   .2909974   .172177E+01
   4.0   .4244424   .2546228   .135603E+01
   4.5   .4754710   .2263314   .110318E+01
   5.0   .5175253   .2036982   .932273E+00
   5.5   .5548880   .1851802   .802166E+00
   6.0   .5868785   .1697485   .703930E+00
   6.5   .6169816   .1566909   .620794E+00
   7.0   .6422204   .1454987   .557098E+00
   7.5   .6643190   .1357988   .505301E+00
   8.0   .6861519   .1273114   .457403E+00
   8.5   .7040346   .1198225   .420385E+00
   9.0   .7191743   .1131657   .390484E+00
   9.5   .7353854   .1072096   .359831E+00
  10.0   .7503045   .1018491   .332792E+00
  10.5   .7627404   .0969992   .311062E+00
  11.0   .7735223   .0925901   .292788E+00
  11.5   .7832639   .0885644   .276709E+00
  12.0   .7934523   .0848743   .260315E+00
  12.5   .8038023   .0814793   .244087E+00
  13.0   .8129351   .0783455   .230111E+00
  13.5   .8217791   .0754438   .216872E+00
  14.0   .8283806   .0727494   .207175E+00
  14.5   .8347579   .0702408   .197952E+00
  15.0   .8405156   .0678994   .189746E+00
  15.5   .8461693   .0657091   .181797E+00
  16.0   .8517809   .0636557   .174011E+00
  16.5   .8575310   .0617267   .166139E+00
  17.0   .8631085   .0599112   .158603E+00
  17.5   .8686572   .0581995   .151202E+00
  18.0   .8735951   .0565828   .144695E+00
  18.5   .8784311   .0550536   .138393E+00
  19.0   .8831030   .0536048   .132371E+00
  19.5   .8873619   .0522303   .126936E+00
  20.0   .8905450   .0509246   .122908E+00
  22.0   .9025573   .0462951   .107963E+00
  24.0   .9127291   .0424371   .956153E-01
  26.0   .9224838   .0391727   .840299E-01
  28.0   .9314731   .0363747   .735683E-01
  30.0   .9390371   .0339497   .649205E-01
  32.0   .9458718   .0318278   .572257E-01
  34.0   .9511933   .0299556   .513110E-01
  36.0   .9551747   .0282914   .469289E-01
  38.0   .9588091   .0268024   .429605E-01
  40.0   .9621713   .0254623   .393159E-01
  42.0   .9648201   .0242498   .364625E-01
  44.0   .9673747   .0231475   .337256E-01
  46.0   .9697371   .0221411   .312073E-01
  48.0   .9719130   .0212186   .288986E-01
  50.0   .9739296   .0203698   .267683E-01
  52.0   .9758993   .0195864   .246959E-01
  54.0   .9775972   .0188609   .229162E-01
  56.0   .9792675   .0181873   .211715E-01
  58.0   .9808868   .0175602   .194857E-01
  60.0   .9822571   .0169749   .180634E-01
  62.0   .9835104   .0164273   .167661E-01
  64.0   .9847863   .0159139   .154488E-01
  66.0   .9858712   .0154317   .143313E-01
  68.0   .9868710   .0149778   .133036E-01
  70.0   .9878102   .0145499   .123402E-01
  72.0   .9885468   .0141457   .115858E-01
  74.0   .9893779   .0137634   .107362E-01
  76.0   .9900717   .0134012   .100279E-01
  78.0   .9907851   .0130576   .930059E-02
  80.0   .9914435   .0127311   .863028E-02
  82.0   .9920654   .0124206   .799811E-02
  84.0   .9926487   .0121249   .740576E-02
  86.0   .9931473   .0118429   .689995E-02
  88.0   .9937031   .0115738   .633681E-02
  90.0   .9942240   .0113166   .580955E-02
  92.0   .9946641   .0110706   .536454E-02
  94.0   .9951380   .0108350   .488567E-02
  96.0   .9955537   .0106093   .446618E-02
  98.0   .9959787   .0103928   .403750E-02
 100.0   .9963579   .0101849   .365543E-02
 102.0   .9966748   .0099852   .333631E-02
 104.0   .9967992   .0097932   .321102E-02
 106.0   .9969231   .0096084   .308633E-02
 108.0   .9970543   .0094305   .295448E-02
 110.0   .9971628   .0092590   .284529E-02
 112.0   .9972927   .0090937   .271463E-02
 114.0   .9973769   .0089341   .263000E-02
 116.0   .9974842   .0087801   .252211E-02
 118.0   .9976109   .0086313   .239480E-02
 120.0   .9977056   .0084874   .229967E-02
 122.0   .9977912   .0083483   .221372E-02
 124.0   .9978733   .0082136   .213122E-02
 126.0   .9979473   .0080833   .205684E-02
 128.0   .9980144   .0079570   .198960E-02
 130.0   .9980912   .0078345   .191247E-02
 132.0   .9981882   .0077158   .181508E-02
 134.0   .9982519   .0076007   .175118E-02
 136.0   .9983007   .0074889   .170219E-02
 138.0   .9983626   .0073804   .164008E-02
 140.0   .9984147   .0072749   .158787E-02
 142.0   .9984581   .0071725   .154424E-02
 144.0   .9984977   .0070729   .150454E-02
 146.0   .9985406   .0069760   .146151E-02
 148.0   .9986019   .0068817   .140011E-02
 150.0   .9986553   .0067899   .134647E-02
 152.0   .9987146   .0067006   .128698E-02
 154.0   .9987512   .0066136   .125039E-02
 156.0   .9987949   .0065288   .120652E-02
 158.0   .9988409   .0064461   .116050E-02
 160.0   .9988797   .0063656   .112152E-02
 162.0   .9989176   .0062870   .108361E-02
 164.0   .9989607   .0062103   .104046E-02
 166.0   .9990063   .0061355   .994682E-03
 168.0   .9990345   .0060624   .966430E-03
 170.0   .9990782   .0059911   .922680E-03
 172.0   .9991146   .0059215   .886202E-03
 174.0   .9991392   .0058534   .861526E-03
 176.0   .9991779   .0057869   .822783E-03
 178.0   .9992109   .0057219   .789762E-03
 180.0   .9992450   .0056583   .755548E-03
 182.0   .9992660   .0055961   .734568E-03
 184.0   .9993109   .0055353   .689507E-03
 186.0   .9993433   .0054758   .657201E-03
 188.0   .9993660   .0054175   .634432E-03
 190.0   .9993993   .0053605   .601053E-03
 192.0   .9994393   .0053046   .560999E-03
 194.0   .9994638   .0052500   .536442E-03
 196.0   .9994870   .0051964   .513196E-03
 198.0   .9995090   .0051439   .491261E-03
 200.0   .9995384   .0050925   .461817E-03
 205.0   .9995947   .0049682   .405431E-03
 210.0   .9996070   .0048500   .393152E-03
 215.0   .9996300   .0047372   .370145E-03
 220.0   .9996438   .0046295   .356317E-03
 225.0   .9996583   .0045266   .341773E-03
 230.0   .9996737   .0044282   .326395E-03
 235.0   .9996909   .0043340   .309229E-03
 240.0   .9997087   .0042437   .291348E-03
 245.0   .9997205   .0041571   .279665E-03
 250.0   .9997297   .0040740   .270367E-03
 255.0   .9997422   .0039941   .257969E-03
 260.0   .9997551   .0039173   .244975E-03
 265.0   .9997664   .0038434   .233650E-03
 270.0   .9997790   .0037722   .221014E-03
 275.0   .9997875   .0037036   .212550E-03
 280.0   .9997953   .0036375   .204802E-03
 285.0   .9998055   .0035737   .194550E-03
 290.0   .9998139   .0035120   .186205E-03
 295.0   .9998246   .0034525   .175476E-03
 300.0   .9998294   .0033950   .170588E-03
 305.0   .9998364   .0033393   .163674E-03
 310.0   .9998443   .0032855   .155807E-03
 315.0   .9998520   .0032333   .148058E-03
 320.0   .9998583   .0031828   .141740E-03
 325.0   .9998665   .0031338   .133514E-03
 330.0   .9998715   .0030863   .128508E-03
 335.0   .9998782   .0030403   .121832E-03
 340.0   .9998845   .0029956   .115514E-03
 345.0   .9998897   .0029521   .110269E-03
 350.0   .9998953   .0029100   .104666E-03
 355.0   .9998999   .0028690   .100136E-03
 360.0   .9999064   .0028291   .935793E-04
 365.0   .9999119   .0027904   .880957E-04
 370.0   .9999167   .0027527   .833273E-04
 375.0   .9999189   .0027160   .810623E-04
 380.0   .9999225   .0026802   .774860E-04
 385.0   .9999301   .0026454   .699759E-04
 390.0   .9999330   .0026115   .669956E-04
 395.0   .9999366   .0025785   .634193E-04
 400.0   .9999410   .0025462   .590086E-04
 405.0   .9999453   .0025148   .547171E-04
 410.0   .9999476   .0024841   .524521E-04
 415.0   .9999491   .0024542   .509024E-04
 420.0   .9999508   .0024250   .492334E-04
 425.0   .9999517   .0023964   .483990E-04
 430.0   .9999524   .0023686   .476837E-04
 435.0   .9999530   .0023414   .470877E-04
 440.0   .9999537   .0023148   .462532E-04
 445.0   .9999543   .0022887   .457764E-04
 450.0   .9999570   .0022633   .430346E-04
 455.0   .9999576   .0022384   .424385E-04
 460.0   .9999585   .0022141   .416040E-04
 465.0   .9999596   .0021903   .404119E-04
 470.0   .9999604   .0021670   .395775E-04
 475.0   .9999611   .0021442   .388622E-04
 480.0   .9999631   .0021219   .369549E-04
 485.0   .9999628   .0021000   .371933E-04
 490.0   .9999642   .0020786   .358820E-04
 495.0   .9999653   .0020576   .346899E-04
 500.0   .9999664   .0020370   .336170E-04
 510.0   .9999661   .0019970   .338554E-04
 520.0   .9999685   .0019586   .314713E-04
 530.0   .9999700   .0019217   .300407E-04
 540.0   .9999716   .0018861   .283718E-04
 550.0   .9999740   .0018518   .259876E-04
 560.0   .9999748   .0018187   .251532E-04
 570.0   .9999761   .0017868   .239611E-04
 580.0   .9999766   .0017560   .234842E-04
 590.0   .9999780   .0017263   .220537E-04
 600.0   .9999784   .0016975   .216961E-04
 610.0   .9999799   .0016697   .201464E-04
 620.0   .9999800   .0016427   .200272E-04
 630.0   .9999815   .0016167   .184774E-04
 640.0   .9999823   .0015914   .177622E-04
 650.0   .9999835   .0015669   .164509E-04
 660.0   .9999842   .0015432   .158548E-04
 670.0   .9999843   .0015201   .157356E-04
 680.0   .9999859   .0014978   .141859E-04
 690.0   .9999864   .0014761   .135899E-04
 700.0   .9999869   .0014550   .131130E-04
 710.0   .9999879   .0014345   .121593E-04
 720.0   .9999883   .0014146   .116825E-04
 730.0   .9999894   .0013952   .106096E-04
 740.0   .9999896   .0013763   .104904E-04
 750.0   .9999901   .0013580   .989437E-05
 760.0   .9999906   .0013401   .941753E-05
 770.0   .9999911   .0013227   .894070E-05
 780.0   .9999918   .0013058   .822544E-05
 790.0   .9999921   .0012892   .786781E-05
 800.0   .9999931   .0012731   .691414E-05
 810.0   .9999934   .0012574   .655651E-05
 820.0   .9999938   .0012421   .619888E-05
 830.0   .9999937   .0012271   .631809E-05
 840.0   .9999941   .0012125   .596046E-05
 850.0   .9999939   .0011982   .607967E-05
 860.0   .9999940   .0011843   .607967E-05
 870.0   .9999943   .0011707   .572205E-05
 880.0   .9999945   .0011574   .548363E-05
 890.0   .9999946   .0011444   .536442E-05
 900.0   .9999947   .0011317   .536442E-05
 910.0   .9999949   .0011192   .512600E-05
 920.0   .9999950   .0011071   .500679E-05
 930.0   .9999953   .0010952   .476837E-05
 940.0   .9999953   .0010835   .476837E-05
 950.0   .9999954   .0010721   .464916E-05
 960.0   .9999955   .0010609   .452995E-05
 970.0   .9999956   .0010500   .441074E-05
 980.0   .9999956   .0010393   .441074E-05
 990.0   .9999958   .0010288   .429153E-05
1000.0   .9999959   .0010185   .417233E-05
1100.0   .9999970   .0009259   .309944E-05
1200.0   .9999975   .0008487   .250340E-05
1300.0   .9999980   .0007835   .202656E-05
1400.0   .9999986   .0007275   .143051E-05
1500.0   .9999990   .0006790   .953674E-06
1600.0   .9999993   .0006366   .715256E-06
1700.0   .9999996   .0005991   .357628E-06
1800.0   .9999996   .0005658   .357628E-06
1900.0   .9999997   .0005360   .357628E-06
2000.0   .9999998   .0005092   .238419E-06
2100.0   .9999998   .0004850   .238419E-06
2200.0   .9999999   .0004630   .119209E-06
2300.0   .9999999   .0004428   .119209E-06
2400.0   .9999999   .0004244   .119209E-06
2500.0   .9999999   .0004074   .119209E-06
2600.0   .9999999   .0003917   .119209E-06
2700.0  1.0000001   .0003772  -.119209E-06
2800.0  1.0000001   .0003637  -.119209E-06
2900.0  1.0000001   .0003512  -.119209E-06
3000.0  1.0000001   .0003395  -.119209E-06
3100.0  1.0000001   .0003285  -.119209E-06
3200.0  1.0000001   .0003183  -.119209E-06
3300.0  1.0000001   .0003086  -.119209E-06
3400.0  1.0000002   .0002996  -.238419E-06
3500.0  1.0000002   .0002910  -.238419E-06
3600.0  1.0000002   .0002829  -.238419E-06
3700.0  1.0000002   .0002753  -.238419E-06
3800.0  1.0000001   .0002680  -.119209E-06
3900.0  1.0000001   .0002612  -.119209E-06
4000.0  1.0000002   .0002546  -.238419E-06
4100.0  1.0000002   .0002484  -.238419E-06
4200.0  1.0000002   .0002425  -.238419E-06
4300.0  1.0000002   .0002369  -.238419E-06
4400.0  1.0000002   .0002315  -.238419E-06
4500.0  1.0000004   .0002263  -.357628E-06
4600.0  1.0000002   .0002214  -.238419E-06
4700.0  1.0000004   .0002167  -.357628E-06
4800.0  1.0000004   .0002122  -.357628E-06
4900.0  1.0000004   .0002079  -.357628E-06
5000.0  1.0000004   .0002037  -.357628E-06

