    .9   .0067537  1.1316569   .147068E+03
   1.0   .0123843  1.0184911   .797476E+02
   1.1   .0201659   .9259011   .485887E+02
   1.2   .0300893   .8487425   .322344E+02
   1.3   .0419592   .7834547   .228327E+02
   1.4   .0555360   .7274936   .170064E+02
   1.5   .0705855   .6789940   .131672E+02
   1.6   .0867821   .6365569   .105231E+02
   1.7   .1038550   .5991124   .862881E+01
   1.8   .1215305   .5658283   .722839E+01
   1.9   .1396780   .5360479   .615933E+01
   2.0   .1580359   .5092455   .532767E+01
   2.5   .2491313   .4073964   .301395E+01
   3.0   .3327055   .3394970   .200566E+01
   3.5   .4060919   .2909974   .146250E+01
   4.0   .4692835   .2546228   .113091E+01
   4.5   .5243368   .2263314   .907171E+00
   5.0   .5709816   .2036982   .751370E+00
   5.5   .6120479   .1851802   .633859E+00
   6.0   .6472433   .1697485   .545014E+00
   6.5   .6791511   .1566909   .472427E+00
   7.0   .7063426   .1454987   .415743E+00
   7.5   .7306766   .1357988   .368595E+00
   8.0   .7529892   .1273114   .328040E+00
   8.5   .7721375   .1198225   .295106E+00
   9.0   .7891693   .1131657   .267155E+00
   9.5   .8052934   .1072096   .241783E+00
  10.0   .8201752   .1018491   .219252E+00
  10.5   .8328846   .0969992   .200647E+00
  11.0   .8444773   .0925901   .184164E+00
  11.5   .8548658   .0885644   .169774E+00
  12.0   .8646740   .0848743   .156505E+00
  12.5   .8741670   .0814793   .143946E+00
  13.0   .8825339   .0783455   .133101E+00
  13.5   .8903347   .0754438   .123173E+00
  14.0   .8970867   .0727494   .114719E+00
  14.5   .9031218   .0702408   .107270E+00
  15.0   .9087371   .0678994   .100428E+00
  15.5   .9140965   .0657091   .939764E-01
  16.0   .9190583   .0636557   .880703E-01
  16.5   .9237586   .0617267   .825340E-01
  17.0   .9280851   .0599112   .774873E-01
  17.5   .9321408   .0581995   .727993E-01
  18.0   .9356250   .0565828   .688044E-01
  18.5   .9388253   .0550536   .651609E-01
  19.0   .9421036   .0536048   .614544E-01
  19.5   .9451731   .0522303   .580072E-01
  20.0   .9476929   .0509246   .551941E-01
  22.0   .9566157   .0462951   .453519E-01
  24.0   .9634065   .0424371   .379834E-01
  26.0   .9691088   .0391727   .318758E-01
  28.0   .9737995   .0363747   .269054E-01
  30.0   .9775681   .0339497   .229466E-01
  32.0   .9806080   .0318278   .197755E-01
  34.0   .9826998   .0299556   .176048E-01
  36.0   .9839928   .0282914   .162677E-01
  38.0   .9854125   .0268024   .148034E-01
  40.0   .9868076   .0254623   .133687E-01
  42.0   .9879228   .0242498   .122248E-01
  44.0   .9889304   .0231475   .111935E-01
  46.0   .9898432   .0221411   .102609E-01
  48.0   .9906301   .0212186   .945842E-02
  50.0   .9913520   .0203698   .872338E-02
  52.0   .9920149   .0195864   .804937E-02
  54.0   .9926060   .0188609   .744915E-02
  56.0   .9931808   .0181873   .686598E-02
  58.0   .9937136   .0175602   .632620E-02
  60.0   .9941665   .0169749   .586772E-02
  62.0   .9945675   .0164273   .546217E-02
  64.0   .9950043   .0159139   .502074E-02
  66.0   .9953313   .0154317   .469053E-02
  68.0   .9956342   .0149778   .438499E-02
  70.0   .9959038   .0145499   .411308E-02
  72.0   .9961194   .0141457   .389576E-02
  74.0   .9963977   .0137634   .361526E-02
  76.0   .9966263   .0134012   .338507E-02
  78.0   .9968626   .0130576   .314724E-02
  80.0   .9970933   .0127311   .291514E-02
  82.0   .9973255   .0124206   .268161E-02
  84.0   .9975280   .0121249   .247812E-02
  86.0   .9977030   .0118429   .230229E-02
  88.0   .9978803   .0115738   .212419E-02
  90.0   .9980567   .0113166   .194705E-02
  92.0   .9982135   .0110706   .178969E-02
  94.0   .9983608   .0108350   .164199E-02
  96.0   .9985049   .0106093   .149727E-02
  98.0   .9986439   .0103928   .135791E-02
 100.0   .9987550   .0101849   .124657E-02
 102.0   .9988692   .0099852   .113201E-02
 104.0   .9988996   .0097932   .110161E-02
 106.0   .9989462   .0096084   .105488E-02
 108.0   .9989898   .0094305   .101125E-02
 110.0   .9990280   .0092590   .972867E-03
 112.0   .9990742   .0090937   .926614E-03
 114.0   .9991003   .0089341   .900507E-03
 116.0   .9991413   .0087801   .859499E-03
 118.0   .9991815   .0086313   .819206E-03
 120.0   .9992096   .0084874   .790954E-03
 122.0   .9992446   .0083483   .755906E-03
 124.0   .9992744   .0082136   .726104E-03
 126.0   .9992935   .0080833   .707030E-03
 128.0   .9993181   .0079570   .682354E-03
 130.0   .9993420   .0078345   .658512E-03
 132.0   .9993747   .0077158   .625730E-03
 134.0   .9993976   .0076007   .602841E-03
 136.0   .9994142   .0074889   .586152E-03
 138.0   .9994342   .0073804   .566125E-03
 140.0   .9994522   .0072749   .548124E-03
 142.0   .9994673   .0071725   .532985E-03
 144.0   .9994799   .0070729   .520349E-03
 146.0   .9994881   .0069760   .512242E-03
 148.0   .9995155   .0068817   .484705E-03
 150.0   .9995338   .0067899   .466466E-03
 152.0   .9995576   .0067006   .442624E-03
 154.0   .9995689   .0066136   .431299E-03
 156.0   .9995764   .0065288   .423789E-03
 158.0   .9996019   .0064461   .398278E-03
 160.0   .9996154   .0063656   .384808E-03
 162.0   .9996300   .0062870   .370145E-03
 164.0   .9996430   .0062103   .357151E-03
 166.0   .9996578   .0061355   .342250E-03
 168.0   .9996713   .0060624   .328779E-03
 170.0   .9996847   .0059911   .315428E-03
 172.0   .9996954   .0059215   .304699E-03
 174.0   .9997057   .0058534   .294447E-03
 176.0   .9997251   .0057869   .275016E-03
 178.0   .9997309   .0057219   .269175E-03
 180.0   .9997423   .0056583   .257850E-03
 182.0   .9997522   .0055961   .247955E-03
 184.0   .9997664   .0055353   .233650E-03
 186.0   .9997788   .0054758   .221252E-03
 188.0   .9997821   .0054175   .217915E-03
 190.0   .9997929   .0053605   .207067E-03
 192.0   .9998055   .0053046   .194550E-03
 194.0   .9998168   .0052500   .183225E-03
 196.0   .9998248   .0051964   .175238E-03
 198.0   .9998303   .0051439   .169754E-03
 200.0   .9998404   .0050925   .159621E-03
 205.0   .9998602   .0049682   .139832E-03
 210.0   .9998665   .0048500   .133514E-03
 215.0   .9998711   .0047372   .128984E-03
 220.0   .9998764   .0046295   .123620E-03
 225.0   .9998825   .0045266   .117540E-03
 230.0   .9998868   .0044282   .113249E-03
 235.0   .9998934   .0043340   .106573E-03
 240.0   .9999007   .0042437   .993013E-04
 245.0   .9999042   .0041571   .958443E-04
 250.0   .9999074   .0040740   .926256E-04
 255.0   .9999105   .0039941   .895262E-04
 260.0   .9999162   .0039173   .838041E-04
 265.0   .9999201   .0038434   .799894E-04
 270.0   .9999255   .0037722   .745058E-04
 275.0   .9999274   .0037036   .725985E-04
 280.0   .9999298   .0036375   .702143E-04
 285.0   .9999349   .0035737   .650883E-04
 290.0   .9999369   .0035120   .630617E-04
 295.0   .9999401   .0034525   .599623E-04
 300.0   .9999413   .0033950   .587702E-04
 305.0   .9999448   .0033393   .551939E-04
 310.0   .9999471   .0032855   .529289E-04
 315.0   .9999498   .0032333   .503063E-04
 320.0   .9999518   .0031828   .481606E-04
 325.0   .9999555   .0031338   .444651E-04
 330.0   .9999586   .0030863   .414848E-04
 335.0   .9999597   .0030403   .402927E-04
 340.0   .9999617   .0029956   .383854E-04
 345.0   .9999629   .0029521   .371933E-04
 350.0   .9999650   .0029100   .350475E-04
 355.0   .9999674   .0028690   .326633E-04
 360.0   .9999690   .0028291   .309944E-04
 365.0   .9999711   .0027904   .289679E-04
 370.0   .9999721   .0027527   .278950E-04
 375.0   .9999729   .0027160   .270605E-04
 380.0   .9999740   .0026802   .261068E-04
 385.0   .9999768   .0026454   .232458E-04
 390.0   .9999775   .0026115   .225306E-04
 395.0   .9999789   .0025785   .211000E-04
 400.0   .9999800   .0025462   .200272E-04
 405.0   .9999813   .0025148   .187159E-04
 410.0   .9999821   .0024841   .178814E-04
 415.0   .9999832   .0024542   .168085E-04
 420.0   .9999838   .0024250   .162125E-04
 425.0   .9999834   .0023964   .166893E-04
 430.0   .9999838   .0023686   .162125E-04
 435.0   .9999846   .0023414   .153780E-04
 440.0   .9999843   .0023148   .157356E-04
 445.0   .9999846   .0022887   .153780E-04
 450.0   .9999859   .0022633   .140667E-04
 455.0   .9999859   .0022384   .141859E-04
 460.0   .9999866   .0022141   .134706E-04
 465.0   .9999866   .0021903   .134706E-04
 470.0   .9999871   .0021670   .129938E-04
 475.0   .9999872   .0021442   .127554E-04
 480.0   .9999880   .0021219   .120401E-04
 485.0   .9999876   .0021000   .123978E-04
 490.0   .9999881   .0020786   .119209E-04
 495.0   .9999883   .0020576   .116825E-04
 500.0   .9999885   .0020370   .115633E-04
 510.0   .9999886   .0019970   .114441E-04
 520.0   .9999893   .0019586   .107288E-04
 530.0   .9999901   .0019217   .989437E-05
 540.0   .9999903   .0018861   .977516E-05
 550.0   .9999911   .0018518   .894070E-05
 560.0   .9999917   .0018187   .834465E-05
 570.0   .9999921   .0017868   .786781E-05
 580.0   .9999922   .0017560   .786781E-05
 590.0   .9999927   .0017263   .727177E-05
 600.0   .9999928   .0016975   .727177E-05
 610.0   .9999936   .0016697   .643730E-05
 620.0   .9999934   .0016427   .655651E-05
 630.0   .9999940   .0016167   .607967E-05
 640.0   .9999944   .0015914   .560284E-05
 650.0   .9999946   .0015669   .536442E-05
 660.0   .9999951   .0015432   .500679E-05
 670.0   .9999946   .0015201   .548363E-05
 680.0   .9999955   .0014978   .452995E-05
 690.0   .9999954   .0014761   .464916E-05
 700.0   .9999957   .0014550   .429153E-05
 710.0   .9999960   .0014345   .405312E-05
 720.0   .9999962   .0014146   .381470E-05
 730.0   .9999965   .0013952   .345707E-05
 740.0   .9999964   .0013763   .357628E-05
 750.0   .9999967   .0013580   .333786E-05
 760.0   .9999970   .0013401   .309944E-05
 770.0   .9999971   .0013227   .286102E-05
 780.0   .9999973   .0013058   .274181E-05
 790.0   .9999976   .0012892   .250340E-05
 800.0   .9999977   .0012731   .238419E-05
 810.0   .9999979   .0012574   .214577E-05
 820.0   .9999980   .0012421   .202656E-05
 830.0   .9999979   .0012271   .214577E-05
 840.0   .9999979   .0012125   .214577E-05
 850.0   .9999982   .0011982   .190735E-05
 860.0   .9999982   .0011843   .190735E-05
 870.0   .9999983   .0011707   .178814E-05
 880.0   .9999982   .0011574   .178814E-05
 890.0   .9999983   .0011444   .178814E-05
 900.0   .9999983   .0011317   .178814E-05
 910.0   .9999983   .0011192   .166893E-05
 920.0   .9999983   .0011071   .166893E-05
 930.0   .9999985   .0010952   .154972E-05
 940.0   .9999985   .0010835   .154972E-05
 950.0   .9999986   .0010721   .143051E-05
 960.0   .9999985   .0010609   .154972E-05
 970.0   .9999986   .0010500   .143051E-05
 980.0   .9999986   .0010393   .143051E-05
 990.0   .9999985   .0010288   .154972E-05
1000.0   .9999987   .0010185   .131130E-05
1100.0   .9999990   .0009259   .107288E-05
1200.0   .9999992   .0008487   .834465E-06
1300.0   .9999994   .0007835   .596046E-06
1400.0   .9999995   .0007275   .476837E-06
1500.0   .9999998   .0006790   .238419E-06
1600.0   .9999998   .0006366   .238419E-06
1700.0   .9999999   .0005991   .119209E-06
1800.0   .9999999   .0005658   .119209E-06
1900.0   .9999999   .0005360   .119209E-06
2000.0   .9999999   .0005092   .119209E-06
2100.0   .9999999   .0004850   .119209E-06
2200.0   .9999999   .0004630   .119209E-06
2300.0   .9999999   .0004428   .119209E-06
2400.0  1.0000000   .0004244   .000000E+00
2500.0  1.0000000   .0004074   .000000E+00
2600.0  1.0000001   .0003917  -.119209E-06
2700.0  1.0000000   .0003772   .000000E+00
2800.0  1.0000000   .0003637   .000000E+00
2900.0  1.0000000   .0003512   .000000E+00
3000.0  1.0000000   .0003395   .000000E+00
3100.0  1.0000000   .0003285   .000000E+00
3200.0  1.0000000   .0003183   .000000E+00
3300.0  1.0000001   .0003086  -.119209E-06
3400.0  1.0000001   .0002996  -.119209E-06
3500.0  1.0000000   .0002910   .000000E+00
3600.0  1.0000001   .0002829  -.119209E-06
3700.0  1.0000001   .0002753  -.119209E-06
3800.0  1.0000000   .0002680   .000000E+00
3900.0  1.0000000   .0002612   .000000E+00
4000.0  1.0000001   .0002546  -.119209E-06
4100.0  1.0000001   .0002484  -.119209E-06
4200.0  1.0000001   .0002425  -.119209E-06
4300.0  1.0000001   .0002369  -.119209E-06
4400.0  1.0000001   .0002315  -.119209E-06
4500.0  1.0000001   .0002263  -.119209E-06
4600.0  1.0000001   .0002214  -.119209E-06
4700.0  1.0000001   .0002167  -.119209E-06
4800.0  1.0000001   .0002122  -.119209E-06
4900.0  1.0000001   .0002079  -.119209E-06
5000.0  1.0000001   .0002037  -.119209E-06

