# Optical properties of quartz Spectrasil2000
# Number of elements: 
880
# PhotonEnergy [eV]   AbsorptionLength [cm]   RefractionIndex
            10.3317               0.0184357           1.80954
            10.2463               0.0184323           1.80234
            10.1623               0.0186466           1.79534
            10.0797               0.0182135           1.78852
            9.99839               0.0182141           1.78189
             9.9184                0.018432           1.77542
            9.83968               0.0182196           1.76913
             9.7622               0.0182816             1.763
            9.68594               0.0186789           1.75703
            9.61085               0.0188724           1.75121
            9.53692               0.0190949           1.74554
            9.46412               0.0205427           1.74001
            9.39242                0.019708           1.73462
             9.3218                0.019876           1.72937
            9.25224               0.0191745           1.72425
             9.1837               0.0197308           1.71925
            9.11618               0.0208513           1.71437
            9.04964               0.0203454           1.70961
            8.98406               0.0191289           1.70497
            8.91942               0.0192759           1.70044
            8.85571               0.0195815           1.69602
            8.79291                0.019913            1.6917
            8.73099               0.0194481           1.68748
            8.66993               0.0192815           1.68337
            8.60972               0.0188919           1.67935
            8.55034               0.0192285           1.67542
            8.49178               0.0187354           1.67158
            8.43401                0.018829           1.66783
            8.37703               0.0187298           1.66416
            8.32081               0.0190375           1.66058
            8.26533               0.0185381           1.65708
             8.2106               0.0189303           1.65366
            8.15658               0.0193915           1.65031
            8.10327               0.0194338           1.64704
            8.05065               0.0206966           1.64384
            7.99871               0.0241944           1.64071
            7.94744               0.0294007           1.63765
            7.89682               0.0371046           1.63465
            7.84684               0.0469131           1.63172
            7.79748               0.0589519           1.62885
            7.74875               0.0734036           1.62605
            7.70062               0.0912859            1.6233
            7.65309                0.114884           1.62061
            7.60613                0.147386           1.61798
            7.55976                0.200589            1.6154
            7.51394                0.280283           1.61288
            7.46867                0.406217            1.6104
            7.42395                0.607825           1.60798
            7.37976                 0.90473           1.60561
            7.33609                 1.40588           1.60329
            7.29294                 2.51662           1.60101
            7.25029                 4.31129           1.59878
            7.20814                 5.90063            1.5966
            7.16647                 8.15213           1.59446
            7.12529                  11.435           1.59236
            7.08457                 16.0269            1.5903
            7.04432                 22.1757           1.58829
            7.00452                 30.8679           1.58631
            6.96517                 42.4659           1.58438
            6.92626                  56.442           1.58248
            6.88778                 76.5459           1.58061
            6.84972                 96.5308           1.57879
            6.81209                 119.153             1.577
            6.77486                 139.914           1.57524
            6.73804                 165.035           1.57351
            6.70162                 188.606           1.57182
            6.66559                 213.698           1.57017
            6.62995                 238.497           1.56854
            6.59468                 262.084           1.56694
            6.55979                 275.783           1.56537
            6.52526                 307.814           1.56384
             6.4911                 320.244           1.56233
            6.45729                 353.782           1.56085
            6.42383                 366.054           1.55939
            6.39072                 428.416           1.55797
            6.35795                  439.93           1.55656
            6.32551                 511.447           1.55519
             6.2934                 512.133           1.55384
            6.26162                 513.434           1.55251
            6.23015                 514.628           1.55121
              6.199                 529.478           1.54993
            6.16816                 545.291           1.54867
            6.13762                 562.153           1.54744
            6.10739                 580.477           1.54623
            6.07745                 600.051           1.54504
             6.0478                 617.682           1.54387
            6.01845                 641.046           1.54272
            5.98937                  653.73           1.54159
            5.96058                 682.603           1.54048
            5.93206                  704.71           1.53939
            5.90381                 722.293           1.53833
            5.87583                 747.919           1.53739
            5.84811                 769.593           1.53647
            5.82066                 788.519           1.53556
            5.79346                 818.019           1.53465
            5.76651                  848.42           1.53375
            5.73981                 881.682           1.53287
            5.71336                 904.427           1.53199
            5.68716                 926.548           1.53111
            5.66119                 939.395           1.53025
            5.63545                 962.885           1.52939
            5.60995                 1001.34           1.52854
            5.58468                 1028.72            1.5277
            5.55964                 1055.39           1.52687
            5.53482                 1078.99           1.52604
            5.51022                 1111.15           1.52522
            5.48584                 1136.48           1.52441
            5.46167                 1167.21           1.52361
            5.43772                  1202.8           1.52281
            5.41397                 1233.16           1.52202
            5.39043                 1264.16           1.52123
             5.3671                  1279.2           1.52046
            5.34397                 1321.94           1.51969
            5.32103                  1357.9           1.51892
            5.29829                 1358.23           1.51817
            5.27574                 1403.36           1.51741
            5.25339                 1450.24           1.51667
            5.23122                 1476.55           1.51593
            5.20924                 1486.17            1.5152
            5.18745                 1520.19           1.51447
            5.16583                 1594.34           1.51376
             5.1444                 1615.88           1.51304
            5.12314                 1640.42           1.51233
            5.10206                 1709.54           1.51163
            5.08115                 1756.03           1.51094
            5.06041                 1785.48           1.51025
            5.03984                 1850.26           1.50973
            5.01943                 1908.47           1.50921
            4.99919                 1923.66           1.50869
            4.97912                 1923.29           1.50818
             4.9592                  1951.1           1.50767
            4.93944                 1992.34           1.50717
            4.91984                  2055.2           1.50667
             4.9004                 2097.77           1.50618
             4.8811                 2097.74           1.50569
            4.86196                 2134.06            1.5052
            4.84297                 2217.99           1.50472
            4.82412                 2278.74           1.50424
            4.80543                    2334           1.50376
            4.78687                 2386.65           1.50329
            4.76846                 2408.94           1.50282
            4.75019                 2442.49           1.50235
            4.73206                 2577.68           1.50189
            4.71407                 2627.66           1.50143
            4.69621                 2603.23           1.50098
            4.67849                 2728.11           1.50053
             4.6609                 2910.71           1.50008
            4.64345                 2941.63           1.49963
            4.62612                 2870.88           1.49919
            4.60892                 2914.21           1.49876
            4.59185                  3007.9           1.49832
            4.57491                 3104.18           1.49789
            4.55809                 3248.27           1.49746
            4.54139                 3400.96           1.49704
            4.52482                 3493.46           1.49661
            4.50836                  3411.4            1.4962
            4.49203                 3613.91           1.49578
            4.47581                 3876.48           1.49537
            4.45971                 3671.33           1.49496
            4.44373                 3602.88           1.49455
            4.42786                 3675.45           1.49415
             4.4121                 3779.49           1.49382
            4.39645                 3874.69           1.49349
            4.38092                 3992.98           1.49317
            4.36549                 4267.72           1.49285
            4.35018                 4471.17           1.49253
            4.33497                  4587.1           1.49221
            4.31986                 4402.24            1.4919
            4.30486                 4203.12           1.49158
            4.28997                 4383.56           1.49127
            4.27517                 4666.08           1.49096
            4.26048                 4871.71           1.49066
            4.24589                 4869.67           1.49035
             4.2314                 5236.82           1.49005
            4.21701                 5151.36           1.48975
            4.20271                  5124.2           1.48945
            4.18851                 5177.64           1.48916
            4.17441                 4891.24           1.48886
             4.1604                 4821.81           1.48857
            4.14649                 4927.56           1.48828
            4.13267                 5187.96           1.48799
            4.11894                 5128.48           1.48771
             4.1053                 4957.41           1.48742
            4.09175                 5046.62           1.48714
            4.07829                 5211.72           1.48686
            4.06492                 5543.46           1.48658
            4.05163                 5818.49            1.4863
            4.03844                 5789.42           1.48603
            4.02532                 5747.69           1.48575
             4.0123                 5594.66           1.48548
            3.99935                 5797.65           1.48521
             3.9865                 5824.66           1.48494
            3.97372                 6258.03           1.48468
            3.96102                 6149.43           1.48441
            3.94841                 6118.12           1.48415
            3.93587                 5868.57           1.48389
            3.92342                 6168.32           1.48367
            3.91104                 6681.45           1.48345
            3.89874                 4918.77           1.48323
            3.88652                 6541.39           1.48301
            3.87437                 6568.61           1.48279
            3.86231                 6785.85           1.48258
            3.85031                 7304.02           1.48237
            3.83839                 6544.72           1.48215
            3.82654                 5987.61           1.48194
            3.81477                  5868.5           1.48173
            3.80307                 6652.65           1.48152
            3.79144                 7620.21           1.48132
            3.77988                  7465.4           1.48111
            3.76839                 7343.29           1.48091
            3.75697                 6938.29            1.4807
            3.74562                 6605.36            1.4805
            3.73434                 7129.07            1.4803
            3.72312                 7518.95            1.4801
            3.71198                 7976.21            1.4799
             3.7009                 8112.69           1.47971
            3.68988                 6815.36           1.47951
            3.67893                 7802.04           1.47931
            3.66805                 7232.72           1.47912
            3.65723                 7442.32           1.47893
            3.64647                 7097.15           1.47874
            3.63578                 8731.97           1.47855
            3.62515                 8527.88           1.47836
            3.61458                 8582.41           1.47817
            3.60407                 7676.33           1.47798
            3.59362                 7994.28            1.4778
            3.58324                 7586.28           1.47761
            3.57291                 7569.08           1.47743
            3.56264                 7598.74           1.47724
            3.55244                 7992.58           1.47706
            3.54229                 7473.83           1.47688
            3.53219                 8199.58           1.47672
            3.52216                  8334.9           1.47657
            3.51218                 8608.07           1.47641
            3.50226                 7160.54           1.47626
            3.49239                 8059.54            1.4761
            3.48258                 8789.07           1.47595
            3.47283                 8982.26            1.4758
            3.46313                 7968.34           1.47564
            3.45348                 8441.16           1.47549
            3.44389                 8845.76           1.47534
            3.43435                  9802.3           1.47519
            3.42486                 9144.58           1.47505
            3.41543                 10994.1            1.4749
            3.40604                 10168.6           1.47475
            3.39671                 11697.1           1.47461
            3.38743                 11690.4           1.47446
             3.3782                 12880.7           1.47432
            3.36902                 11113.4           1.47417
            3.35989                 13499.1           1.47403
            3.35081                   11883           1.47389
            3.34178                 15236.9           1.47375
             3.3328                 14939.7           1.47361
            3.32386                 19566.8           1.47347
            3.31497                 15518.7           1.47333
            3.30613                 15601.3           1.47319
            3.29734                 23646.7           1.47305
            3.28859                 13345.5           1.47292
            3.27989                 12999.2           1.47278
            3.27124                 9857.02           1.47264
            3.26263                 10259.3           1.47251
            3.25407                 11559.7           1.47238
            3.24555                 9025.44           1.47224
            3.23708                 10101.9           1.47211
            3.22865                 11265.8           1.47198
            3.22026                 10754.4           1.47185
            3.21192                   11085           1.47173
            3.20362                 10488.9           1.47162
            3.19536                 10715.1            1.4715
            3.18715                 14356.1           1.47138
            3.17897                 12271.8           1.47127
            3.17084                 9566.08           1.47116
            3.16276                 11731.5           1.47104
            3.15471                 9225.32           1.47093
             3.1467                 10901.9           1.47082
            3.13873                 9235.51           1.47071
            3.13081                   10448           1.47059
            3.12292                 9673.65           1.47048
            3.11508                 9966.17           1.47037
            3.10727                 10548.6           1.47026
             3.0995                 10195.6           1.47016
            3.09177                 11472.1           1.47005
            3.08408                 11229.7           1.46994
            3.07643                 13581.1           1.46983
            3.06881                 12890.3           1.46973
            3.06123                 10626.4           1.46962
            3.05369                 10013.2           1.46951
            3.04619                 10609.6           1.46941
            3.03873                   12705            1.4693
             3.0313                 12075.4            1.4692
             3.0239                 11856.7            1.4691
            3.01655                 14787.8           1.46899
            3.00922                 10463.9           1.46889
            3.00194                 13338.8           1.46879
            2.99469                   11543           1.46869
            2.98747                 11843.6           1.46859
            2.98029                   12964           1.46848
            2.97314                   10674           1.46838
            2.96603                 10685.8           1.46828
            2.95895                  9915.4           1.46819
             2.9519                 11385.7           1.46809
            2.94489                 11299.8             1.468
            2.93791                 11366.8           1.46791
            2.93097                 9654.91           1.46782
            2.92406                  9336.2           1.46773
            2.91718                 12219.4           1.46764
            2.91033                 11584.1           1.46756
            2.90351                 10583.9           1.46747
            2.89673                 10839.7           1.46738
            2.88998                 11209.4            1.4673
            2.88326                 10639.5           1.46721
            2.87657                 11182.2           1.46713
            2.86991                 10560.2           1.46704
            2.86328                 11625.7           1.46696
            2.85668                 8793.37           1.46687
            2.85011                 11397.6           1.46679
            2.84358                 11590.7            1.4667
            2.83707                 10386.4           1.46662
            2.83059                 9402.49           1.46654
            2.82415                 9084.49           1.46646
            2.81773                 9656.51           1.46637
            2.81134                 11918.4           1.46629
            2.80498                 9828.85           1.46621
            2.79865                 8087.54           1.46613
            2.79234                 9232.67           1.46605
            2.78607                 8673.88           1.46597
            2.77982                 8776.55           1.46589
             2.7736                 8754.93           1.46581
            2.76741                 9258.11           1.46573
            2.76125                 8213.58           1.46565
            2.75511                 8744.62           1.46557
              2.749                 8293.76            1.4655
            2.74292                 9542.06           1.46542
            2.73687                  8572.2           1.46534
            2.73084                 7602.15           1.46526
            2.72484                 8104.51           1.46519
            2.71886                 7955.46           1.46512
            2.71291                 7990.88           1.46505
            2.70699                 7488.85           1.46498
            2.70109                 7177.32           1.46491
            2.69522                 7745.01           1.46484
            2.68937                 8341.04           1.46477
            2.68355                 7847.76            1.4647
            2.67775                 7346.41           1.46463
            2.67198                 7782.03           1.46456
            2.66624                 7055.96            1.4645
            2.66052                 6934.87           1.46443
            2.65482                 6766.29           1.46436
            2.64915                 7168.11            1.4643
             2.6435                 7336.66           1.46423
            2.63787                  6967.7           1.46416
            2.63227                  7790.4            1.4641
            2.62669                 6637.03           1.46403
            2.62114                 6769.26           1.46396
            2.61561                 6934.71            1.4639
            2.61011                 7093.41           1.46383
            2.60462                 7304.25           1.46377
            2.59916                 7078.14           1.46371
            2.59372                 7010.76           1.46364
            2.58831                 6959.87           1.46358
            2.58292                 6865.87           1.46351
            2.57755                 6381.85           1.46345
             2.5722                 6060.05           1.46339
            2.56687                 6008.92           1.46332
            2.56157                 5600.66           1.46326
            2.55629                 4823.14            1.4632
            2.55103                 5035.75           1.46314
            2.54579                 4896.89           1.46308
            2.54057                 5081.86           1.46301
            2.53538                 4967.84           1.46295
             2.5302                 5018.23           1.46289
            2.52505                 4870.09           1.46284
            2.51992                 4522.65           1.46278
            2.51481                 4533.44           1.46272
            2.50972                 4712.94           1.46267
            2.50465                 4850.35           1.46261
             2.4996                 5138.56           1.46255
            2.49457                 5457.33            1.4625
            2.48956                 5264.15           1.46244
            2.48457                 4842.79           1.46239
             2.4796                 4860.22           1.46233
            2.47465                 4860.02           1.46228
            2.46972                 4767.89           1.46223
            2.46481                 4902.71           1.46217
            2.45992                 4692.47           1.46212
            2.45505                 4509.28           1.46206
             2.4502                  4888.5           1.46201
            2.44536                 5076.67           1.46196
            2.44055                 4938.44            1.4619
            2.43576                 4945.97           1.46185
            2.43098                 5334.08            1.4618
            2.42622                 6018.45           1.46175
            2.42148                  5486.7           1.46169
            2.41676                 5150.21           1.46164
            2.41206                 5230.66           1.46159
            2.40738                 5584.07           1.46154
            2.40271                 6043.85           1.46149
            2.39807                 6100.82           1.46144
            2.39344                  6160.3           1.46138
            2.38882                  5874.7           1.46133
            2.38423                 6322.74           1.46128
            2.37965                 6112.55           1.46123
             2.3751                 6349.78           1.46118
            2.37055                  6174.3           1.46113
            2.36603                 6178.66           1.46108
            2.36152                 6251.36           1.46103
            2.35703                 6074.57           1.46099
            2.35256                 5976.79           1.46094
            2.34811                 6171.57           1.46089
            2.34367                 6339.55           1.46085
            2.33925                 6558.62            1.4608
            2.33484                 6792.22           1.46075
            2.33045                 6416.52           1.46071
            2.32608                 5831.67           1.46066
            2.32172                 5759.84           1.46062
            2.31738                 5925.86           1.46057
            2.31306                 6014.47           1.46053
            2.30875                 5887.32           1.46048
            2.30446                 5955.23           1.46044
            2.30019                 5874.43           1.46039
            2.29593                 5938.15           1.46035
            2.29168                 5627.61           1.46031
            2.28745                  5589.6           1.46026
            2.28324                 5654.86           1.46022
            2.27904                 5424.38           1.46017
            2.27486                 5441.83           1.46013
             2.2707                 5647.23           1.46009
            2.26654                 5572.24           1.46004
            2.26241                 5248.18              1.46
            2.25829                  5399.1           1.45996
            2.25418                 5359.82           1.45991
            2.25009                 5245.71           1.45987
            2.24601                 5462.92           1.45983
            2.24195                 5545.73           1.45979
            2.23791                    5350           1.45975
            2.23387                 5183.42            1.4597
            2.22986                 5185.85           1.45966
            2.22585                 5100.88           1.45962
            2.22186                 5101.39           1.45958
            2.21789                 5110.65           1.45954
            2.21393                 4875.82            1.4595
            2.20998                 4887.94           1.45946
            2.20605                 5121.36           1.45942
            2.20213                 4862.73           1.45938
            2.19823                 4566.95           1.45934
            2.19434                 4539.88            1.4593
            2.19046                 4323.95           1.45926
             2.1866                  4246.9           1.45922
            2.18275                 4517.97           1.45919
            2.17891                 4617.67           1.45915
            2.17509                 4726.37           1.45911
            2.17128                 4850.82           1.45907
            2.16748                 4740.43           1.45903
             2.1637                 4857.92             1.459
            2.15993                 4918.94           1.45896
            2.15617                    4599           1.45892
            2.15243                 4308.44           1.45889
             2.1487                 4514.46           1.45885
            2.14498                 4647.73           1.45881
            2.14128                 4666.59           1.45877
            2.13759                 4863.94           1.45874
            2.13391                 4929.74            1.4587
            2.13024                 4676.07           1.45866
            2.12659                 4357.74           1.45863
            2.12295                  4516.4           1.45859
            2.11932                 4605.61           1.45856
             2.1157                 4466.63           1.45852
             2.1121                 4487.77           1.45848
             2.1085                 4281.24           1.45845
            2.10492                 4180.91           1.45841
            2.10136                 4314.81           1.45838
             2.0978                 4265.91           1.45834
            2.09426                 4214.77           1.45831
            2.09073                 4226.52           1.45827
            2.08721                 4223.66           1.45824
             2.0837                 4344.64            1.4582
             2.0802                 4557.19           1.45817
            2.07672                    4522           1.45814
            2.07324                 4371.55            1.4581
            2.06978                 4391.72           1.45807
            2.06633                 4380.62           1.45804
             2.0629                 4266.35             1.458
            2.05947                 4361.76           1.45797
            2.05605                 4279.44           1.45794
            2.05265                 4528.91           1.45791
            2.04926                 4564.34           1.45787
            2.04587                 4457.37           1.45784
             2.0425                 4370.95           1.45781
            2.03914                 4346.81           1.45778
             2.0358                 4311.57           1.45775
            2.03246                 4486.32           1.45771
            2.02913                 4350.13           1.45768
            2.02582                 4195.16           1.45765
            2.02251                 4489.24           1.45762
            2.01922                 4449.01           1.45759
            2.01593                 4630.48           1.45756
            2.01266                 4555.15           1.45752
             2.0094                    4567           1.45749
            2.00615                 4791.15           1.45746
            2.00291                 4782.69           1.45743
            1.99968                 4685.33            1.4574
            1.99646                 4686.26           1.45737
            1.99325                 4546.09           1.45734
            1.99005                 4655.05           1.45731
            1.98686                 4715.69           1.45728
            1.98368                 4889.51           1.45725
            1.98051                  5175.5           1.45722
            1.97735                 4791.19           1.45719
             1.9742                 5048.62           1.45716
            1.97107                 4775.55           1.45713
            1.96794                 4918.41            1.4571
            1.96482                 5350.39           1.45707
            1.96171                 5271.79           1.45704
            1.95861                 5106.41           1.45701
            1.95552                 5253.11           1.45698
            1.95244                 5416.49           1.45695
            1.94937                  5801.2           1.45692
            1.94631                 5623.17            1.4569
            1.94326                 5522.64           1.45687
            1.94022                 5283.72           1.45684
            1.93719                 5128.82           1.45681
            1.93417                 5371.91           1.45678
            1.93115                 5517.05           1.45676
            1.92815                 5346.84           1.45673
            1.92516                 5292.18            1.4567
            1.92217                 5732.59           1.45667
             1.9192                 6025.58           1.45664
            1.91623                 6058.46           1.45662
            1.91327                  5706.5           1.45659
            1.91032                 5735.58           1.45656
            1.90738                 6085.94           1.45654
            1.90445                  5827.5           1.45651
            1.90153                 5844.96           1.45648
            1.89862                 5875.57           1.45645
            1.89572                 5679.77           1.45643
            1.89282                 5776.72            1.4564
            1.88994                 5976.07           1.45637
            1.88706                 6059.61           1.45635
            1.88419                 5770.87           1.45632
            1.88134                 5793.12           1.45629
            1.87848                 5903.16           1.45627
            1.87564                 6413.27           1.45624
            1.87281                 6257.32           1.45621
            1.86998                 5752.02           1.45619
            1.86717                 5914.52           1.45616
            1.86436                  6770.2           1.45614
            1.86156                 6090.01           1.45611
            1.85877                 6328.03           1.45609
            1.85599                 6819.33           1.45606
            1.85321                 6565.68           1.45603
            1.85045                 6406.16           1.45601
            1.84769                 6722.72           1.45598
            1.84494                 6303.98           1.45596
             1.8422                 6463.05           1.45593
            1.83947                 6378.99           1.45591
            1.83674                 6387.81           1.45589
            1.83402                  6397.4           1.45586
            1.83131                 6307.78           1.45584
            1.82861                  6572.9           1.45581
            1.82592                 6742.36           1.45579
            1.82324                 6764.41           1.45576
            1.82056                 6374.42           1.45574
            1.81789                 6485.72           1.45571
            1.81523                 6239.68           1.45569
            1.81257                 6516.36           1.45567
            1.80993                 6914.27           1.45564
            1.80729                 6332.51           1.45562
            1.80466                  6118.1           1.45559
            1.80203                  6633.9           1.45557
            1.79942                 6190.62           1.45555
            1.79681                 6754.96           1.45552
            1.79421                 6528.98            1.4555
            1.79162                  6678.6           1.45548
            1.78903                 6586.22           1.45545
            1.78646                 7516.12           1.45543
            1.78388                 7105.52           1.45541
            1.78132                 6576.86           1.45538
            1.77877                 7105.91           1.45536
            1.77622                 7534.53           1.45534
            1.77368                 6921.32           1.45531
            1.77114                  6680.9           1.45529
            1.76862                 7527.43           1.45527
             1.7661                 7658.27           1.45524
            1.76358                 6550.73           1.45522
            1.76108                 7329.74            1.4552
            1.75858                 7159.82           1.45518
            1.75609                 7791.78           1.45516
            1.75361                 6665.74           1.45513
            1.75113                 6577.01           1.45511
            1.74866                  6842.3           1.45509
             1.7462                 8204.14           1.45507
            1.74374                  7555.4           1.45504
            1.74129                 7266.13           1.45502
            1.73885                 7052.72             1.455
            1.73641                 8024.52           1.45498
            1.73399                 6897.01           1.45496
            1.73156                 6717.85           1.45494
            1.72915                 5852.34           1.45491
            1.72674                 5582.66           1.45489
            1.72434                 4452.22           1.45487
            1.72194                    4164           1.45485
            1.71956                 3846.83           1.45483
            1.71717                 3681.34           1.45481
             1.7148                  3498.6           1.45479
            1.71243                 3266.66           1.45476
            1.71007                 3338.81           1.45474
            1.70771                 3170.67           1.45472
            1.70536                 3224.11            1.4547
            1.70302                 3404.79           1.45468
            1.70069                 3321.36           1.45466
            1.69836                  3824.7           1.45464
            1.69603                 3972.64           1.45462
            1.69372                 4104.84            1.4546
            1.69141                 4278.88           1.45458
             1.6891                 4305.09           1.45456
             1.6868                 4618.24           1.45453
            1.68451                  4977.7           1.45451
            1.68223                 5287.77           1.45449
            1.67995                 5051.55           1.45447
            1.67767                 5263.34           1.45445
            1.67541                 5113.36           1.45443
            1.67314                 5448.14           1.45441
            1.67089                 6193.83           1.45439
            1.66864                 6745.95           1.45437
             1.6664                 6668.48           1.45435
            1.66416                 6090.11           1.45433
            1.66193                 6652.67           1.45431
            1.65971                 6029.66           1.45429
            1.65749                 7142.57           1.45427
            1.65527                 7089.84           1.45425
            1.65307                  7929.1           1.45423
            1.65087                  8220.7           1.45422
            1.64867                 8417.99            1.4542
            1.64648                 8196.47           1.45418
             1.6443                 8265.87           1.45416
            1.64212                 6985.31           1.45414
            1.63995                  7348.7           1.45412
            1.63778                 9090.44            1.4541
            1.63562                  8495.1           1.45408
            1.63347                 10025.4           1.45406
            1.63132                 8968.87           1.45404
            1.62917                 8247.21           1.45402
            1.62703                 8703.71             1.454
             1.6249                 8503.37           1.45398
            1.62277                 8196.07           1.45397
            1.62065                 8499.98           1.45395
            1.61854                  8362.2           1.45393
            1.61643                 10006.5           1.45391
            1.61432                 8673.85           1.45389
            1.61222                 8684.64           1.45387
            1.61013                 8692.28           1.45385
            1.60804                 9108.47           1.45383
            1.60596                   10886           1.45382
            1.60388                 9588.38            1.4538
            1.60181                 8908.22           1.45378
            1.59974                 9613.99           1.45376
            1.59768                 9947.08           1.45374
            1.59562                 10347.7           1.45372
            1.59357                 11920.9           1.45371
            1.59153                 13477.6           1.45369
            1.58949                 9453.94           1.45367
            1.58745                 9061.75           1.45365
            1.58542                 11487.2           1.45363
             1.5834                   10059           1.45361
            1.58138                 8825.23            1.4536
            1.57936                 9309.77           1.45358
            1.57735                 10766.3           1.45356
            1.57535                 8553.17           1.45354
            1.57335                 9147.07           1.45353
            1.57136                 9887.74           1.45351
            1.56937                 8886.83           1.45349
            1.56738                 9077.99           1.45347
             1.5654                 9483.31           1.45345
            1.56343                 10440.1           1.45344
            1.56146                 9680.78           1.45342
             1.5595                 10115.6            1.4534
            1.55754                 11669.9           1.45338
            1.55558                 10109.5           1.45337
            1.55363                 9835.36           1.45335
            1.55169                 10662.7           1.45333
            1.54975                 9989.43           1.45331
            1.54782                 8565.09            1.4533
            1.54589                 8910.62           1.45328
            1.54396                 9154.92           1.45326
            1.54204                 8709.73           1.45325
            1.54012                 8814.39           1.45323
            1.53821                 10609.9           1.45321
            1.53631                 10540.2           1.45319
            1.53441                   11609           1.45318
            1.53251                 10581.9           1.45316
            1.53062                 11879.4           1.45314
            1.52873                 11446.6           1.45313
            1.52685                 11661.7           1.45311
            1.52497                 10679.7           1.45309
             1.5231                   10753           1.45308
            1.52123                   12540           1.45306
            1.51936                 11339.5           1.45304
             1.5175                 11149.1           1.45303
            1.51565                 13766.6           1.45301
             1.5138                 14083.7           1.45299
            1.51195                 12057.5           1.45298
            1.51011                 9940.26           1.45296
            1.50827                 13538.5           1.45294
            1.50644                 13777.4           1.45293
            1.50461                 13045.7           1.45291
            1.50279                   16695           1.45289
            1.50097                 14027.5           1.45288
            1.49915                 14509.7           1.45286
            1.49734                 15573.7           1.45285
            1.49554                 18332.7           1.45283
            1.49373                 16113.4           1.45281
            1.49194                 17355.2            1.4528
            1.49014                 22495.4           1.45278
            1.48836                 17337.1           1.45276
            1.48657                 16546.3           1.45275
            1.48479                 19030.4           1.45273
            1.48301                   16987           1.45272
            1.48124                 13242.3            1.4527
            1.47947                 14086.8           1.45268
            1.47771                 14707.3           1.45267
            1.47595                 13591.2           1.45265
             1.4742                 13847.8           1.45264
            1.47245                 18862.8           1.45262
             1.4707                 18643.6           1.45261
            1.46896                 22270.5           1.45259
            1.46722                 18774.5           1.45257
            1.46548                 23287.1           1.45256
            1.46375                 21680.1           1.45254
            1.46203                 22465.1           1.45253
            1.46031                 19084.6           1.45251
            1.45859                 19319.9            1.4525
            1.45687                 25968.8           1.45248
            1.45516                 21299.3           1.45246
            1.45346                 20637.2           1.45245
            1.45176                 31844.8           1.45243
            1.45006                 33594.5           1.45242
            1.44836                 23981.6            1.4524
            1.44667                 16845.3           1.45239
            1.44499                 30650.1           1.45237
            1.44331                 31902.9           1.45236
            1.44163                 28235.8           1.45234
            1.43995                 40956.2           1.45233
            1.43828                 12763.5           1.45231
            1.43662                 17036.4            1.4523
            1.43495                 13504.1           1.45228
            1.43329                 13530.3           1.45227
            1.43164                 13548.8           1.45225
            1.42999                 14587.8           1.45223
            1.42834                 19753.6           1.45222
             1.4267                   15859           1.45221
            1.42506                 14080.8           1.45219
            1.42342                 15929.2           1.45218
            1.42179                 16864.9           1.45216
            1.42016                 18049.6           1.45215
            1.41854                 23447.4           1.45213
            1.41691                 30339.7           1.45212
             1.4153                 15494.6            1.4521
            1.41368                 14468.3           1.45209
            1.41207                 21826.3           1.45207
            1.41047                 17189.1           1.45206
            1.40886                 13874.6           1.45204
            1.40726                   15111           1.45203
            1.40567                   19363           1.45201
            1.40408                 13213.8             1.452
            1.40249                   14687           1.45198
             1.4009                   16695           1.45197
            1.39932                 14027.5           1.45195
            1.39775                 14509.7           1.45194
            1.39617                 15573.7           1.45192
             1.3946                 18332.7           1.45191
            1.39303                 16113.4           1.45189
            1.39147                 17355.2           1.45188
            1.38991                 22495.4           1.45187
            1.38835                 17337.1           1.45185
             1.3868                 16546.3           1.45184
            1.38525                 19030.4           1.45182
            1.38371                   16987           1.45181
            1.38216                 13242.3           1.45179
            1.38062                 14086.8           1.45178
            1.37909                 14707.3           1.45176
            1.37756                 13591.2           1.45175
            1.37603                 13847.8           1.45174
             1.3745                 18862.8           1.45172
            1.37298                 18643.6           1.45171
            1.37146                 22270.5           1.45169
            1.36994                 18774.5           1.45168
            1.36843                 23287.1           1.45167
            1.36692                 21680.1           1.45165
            1.36542                 22465.1           1.45164
            1.36392                 19084.6           1.45162
            1.36242                 19319.9           1.45161
            1.36092                 25968.8            1.4516
            1.35943                 21299.3           1.45158
            1.35794                 20637.2           1.45157
            1.35646                 31844.8           1.45155
            1.35497                 33594.5           1.45154
            1.35349                 23981.6           1.45153
            1.35202                 16845.3           1.45151
            1.35054                 30650.1            1.4515
            1.34908                 31902.9           1.45148
            1.34761                 28235.8           1.45147
            1.34615                 14356.7           1.45146
            1.34469                 8609.41           1.45144
            1.34323                 6346.16           1.45143
            1.34177                 5238.78           1.45141
            1.34032                 4075.02            1.4514
            1.33888                 3234.15           1.45139
            1.33743                 2469.52           1.45137
            1.33599                  2049.9           1.45136
            1.33455                 1772.21           1.45134
            1.33312                  1555.4           1.45133
            1.33169                 1311.39           1.45132
            1.33026                 1120.52            1.4513
            1.32883                 941.607           1.45129
            1.32741                 808.477           1.45128
            1.32599                 705.315           1.45126
            1.32457                  621.13           1.45125
            1.32316                 553.494           1.45124
            1.32175                 491.579           1.45122
            1.32034                 443.293           1.45121
            1.31894                 402.916            1.4512
            1.31753                 374.608           1.45118
            1.31614                 354.774           1.45117
            1.31474                 338.753           1.45116
            1.31335                 328.772           1.45114
            1.31196                 323.879           1.45113
            1.31057                 320.247           1.45112
            1.30919                 320.817            1.4511
            1.30781                 326.177           1.45109
            1.30643                 338.073           1.45108
            1.30505                 349.772           1.45106
            1.30368                 364.707           1.45105
            1.30231                 380.157           1.45104
            1.30094                 400.311           1.45102
            1.29958                 421.134           1.45101
            1.29822                 444.765             1.451
            1.29686                 472.131           1.45098
            1.29551                 503.829           1.45097
            1.29415                 535.834           1.45096
            1.29281                 572.549           1.45094
            1.29146                 608.727           1.45093
            1.29011                 637.656           1.45092
            1.28877                 684.809            1.4509
            1.28744                 724.415           1.45089
             1.2861                 778.062           1.45088
            1.28477                 817.429           1.45086
            1.28344                 852.745           1.45085
            1.28211                 894.071           1.45084
            1.28079                 958.358           1.45082
            1.27946                 996.898           1.45081
            1.27814                 1044.86            1.4508
            1.27683                 1089.01           1.45079
            1.27551                 1170.79           1.45077
             1.2742                 1189.45           1.45076
             1.2729                 1232.36           1.45075
            1.27159                 1314.28           1.45073
            1.27029                 1384.31           1.45072
            1.26899                 1424.72           1.45071
            1.26769                 1498.78            1.4507
            1.26639                 1588.92           1.45068
             1.2651                 1640.42           1.45067
            1.26381                 1711.03           1.45066
            1.26253                 1721.89           1.45064
            1.26124                 1846.23           1.45063
            1.25996                 1936.23           1.45062
            1.25868                 2019.61           1.45061
             1.2574                 2011.96           1.45059
            1.25613                 2037.05           1.45058
            1.25486                 2145.82           1.45057
            1.25359                 2248.48           1.45055
            1.25232                 2472.61           1.45054
            1.25106                 2479.35           1.45053
             1.2498                 2314.62           1.45051
            1.24854                 2507.31            1.4505
            1.24728                 2737.22           1.45049
            1.24603                 2699.84           1.45048
            1.24478                  2574.7           1.45046
            1.24353                 2820.29           1.45045
            1.24228                 3187.97           1.45044
            1.24104                 3421.18           1.45043
