Mod - Col - Row - Dead/hot

0 2 3 2
0 13 5 2
0 14 3 2
0 20 18 2
0 23 10 2
1 4 13 2
1 39 19 2
1 40 1 2
1 40 2 2
1 40 3 2
1 40 5 2
1 40 6 2
1 41 0 2
1 41 1 2
1 41 2 2
1 41 3 2
1 41 4 2
1 41 6 2
1 41 13 2
1 45 21 2
2 0 16 2
2 4 16 2
2 5 9 2
2 18 16 2
2 18 17 2
2 18 20 2
2 18 21 2
2 19 16 2
2 19 18 2
2 19 19 2
2 19 20 2
2 19 21 2
2 20 19 2
2 32 20 2
2 42 21 2
2 46 17 2
3 15 2 2
3 22 7 2
3 27 21 2
3 28 1 2

0 3 13 1
0 31 0 1
0 38 2 1
1 0 11 1
1 4 7 1
1 5 20 1
1 9 16 1
1 9 20 1
1 14 15 1
1 15 7 1
1 23 16 1
1 24 22 1
1 30 2 1
1 36 15 1
1 37 5 1
1 44 23 1
1 45 5 1
1 47 18 1
2 33 22 1
3 4 21 1
3 9 2 1
3 15 23 1
3 29 18 1
3 34 13 1


0 2 4 1
0 2 5 1
0 2 6 1
0 2 7 1
0 3 4 1
0 3 5 1
0 3 6 1
0 3 7 1
0 26 12 1
0 26 13 1
0 26 14 1
0 26 15 1
0 27 12 1
0 27 13 1
0 27 14 1
0 27 15 1


0 4 7 2
0 20 7 2
1 4 13 2
1 7 16 2
1 19 16 2
1 19 19 2
1 31 16 2
1 40 20 2
1 43 16 2
2 14 15 2
2 18 16 2
2 18 17 2
2 18 20 2
2 18 21 2
2 18 23 2
2 19 16 2
2 19 17 2
2 19 18 2
2 19 19 2
2 19 20 2
2 19 22 2
3 4 7 2
3 5 4 2
3 5 5 2
3 5 6 2
3 5 7 2
3 18 15 2
3 19 15 2
3 31 15 2
3 31 16 2
3 43 15 2

1 1 21 2
