Mod - Col - Row - Dead/hot

0 3 13 3
0 20 7 2
0 38 2 3
0 44 1 3
0 7 4 3
1 23 16 3
1 32 23 2
1 37 5 2
1 40 2 3
1 4 13 3
1 40 1 2
1 40 2 2
1 40 5 2
1 41 0 2
1 41 1 2
1 41 2 2
1 41 4 2
1 4 7 1
1 9 20 1
1 14 15 1
2 14 15 2
2 18 16 2
2 18 17 2
2 18 18 2
2 18 20 2
2 18 21 2
2 18 23 2
2 19 16 2
2 19 17 2
2 19 19 2
2 19 20 2
2 19 21 2
2 19 22 2
3 4 7 2
2 0 16 1
2 0 17 1
2 0 18 1
2 0 19 1
2 0 20 1
2 0 21 1
2 0 22 1
2 0 23 1
2 1 16 1
2 1 17 1
2 1 18 1
2 1 19 1
2 1 20 1
2 1 21 1
2 1 22 1
2 1 23 1
2 2 16 1
2 2 17 1
2 2 18 1
2 2 19 1
2 2 20 1
2 2 21 1
2 2 22 1
2 2 23 1
2 3 16 1
2 3 17 1
2 3 18 1
2 3 19 1
2 3 20 1
2 3 21 1
2 3 22 1
2 3 23 1
2 4 16 1
2 4 17 1
2 4 18 1
2 4 19 1
2 4 20 1
2 4 21 1
2 4 22 1
2 4 23 1
2 5 16 1
2 5 17 1
2 5 18 1
2 5 19 1
2 5 20 1
2 5 21 1
2 5 22 1
2 5 23 1
2 6 16 1
2 6 17 1
2 6 18 1
2 6 19 1
2 6 20 1
2 6 21 1
2 6 22 1
2 6 23 1
2 7 16 1
2 7 17 1
2 7 18 1
2 7 19 1
2 7 20 1
2 7 21 1
2 7 22 1
2 7 23 1
2 8 16 1
2 8 17 1
2 8 18 1
2 8 19 1
2 8 20 1
2 8 21 1
2 8 22 1
2 8 23 1
2 9 16 1
2 9 17 1
2 9 18 1
2 9 19 1
2 9 20 1
2 9 21 1
2 9 22 1
2 9 23 1
2 10 16 1
2 10 17 1
2 10 18 1
2 10 19 1
2 10 20 1
2 10 21 1
2 10 22 1
2 10 23 1
2 11 16 1
2 11 17 1
2 11 18 1
2 11 19 1
2 11 20 1
2 11 21 1
2 11 22 1
2 11 23 1
2 12 16 1
2 12 17 1
2 12 18 1
2 12 19 1
2 12 20 1
2 12 21 1
2 12 22 1
2 12 23 1
2 13 16 1
2 13 17 1
2 13 18 1
2 13 19 1
2 13 20 1
2 13 21 1
2 13 22 1
2 13 23 1
2 14 16 1
2 14 17 1
2 14 18 1
2 14 19 1
2 14 20 1
2 14 21 1
2 14 22 1
2 14 23 1
2 15 16 1
2 15 17 1
2 15 18 1
2 15 19 1
2 15 20 1
2 15 21 1
2 15 22 1
2 15 23 1
2 16 16 1
2 16 17 1
2 16 18 1
2 16 19 1
2 16 20 1
2 16 21 1
2 16 22 1
2 16 23 1
2 17 16 1
2 17 17 1
2 17 18 1
2 17 19 1
2 17 20 1
2 17 21 1
2 17 22 1
2 17 23 1
2 18 16 1
2 18 17 1
2 18 18 1
2 18 19 1
2 18 20 1
2 18 21 1
2 18 22 1
2 18 23 1
2 19 16 1
2 19 17 1
2 19 18 1
2 19 19 1
2 19 20 1
2 19 21 1
2 19 22 1
2 19 23 1
2 20 16 1
2 20 17 1
2 20 18 1
2 20 19 1
2 20 20 1
2 20 21 1
2 20 22 1
2 20 23 1
2 21 16 1
2 21 17 1
2 21 18 1
2 21 19 1
2 21 20 1
2 21 21 1
2 21 22 1
2 21 23 1
2 22 16 1
2 22 17 1
2 22 18 1
2 22 19 1
2 22 20 1
2 22 21 1
2 22 22 1
2 22 23 1
2 23 16 1
2 23 17 1
2 23 18 1
2 23 19 1
2 23 20 1
2 23 21 1
2 23 22 1
2 23 23 1
2 24 8 1
2 24 9 1
2 24 10 1
2 24 11 1
2 24 12 1
2 24 13 1
2 24 14 1
2 24 15 1
2 24 16 1
2 24 17 1
2 24 18 1
2 24 19 1
2 24 20 1
2 24 21 1
2 24 22 1
2 24 23 1
2 25 8 1
2 25 9 1
2 25 10 1
2 25 11 1
2 25 12 1
2 25 13 1
2 25 14 1
2 25 15 1
2 25 16 1
2 25 17 1
2 25 18 1
2 25 19 1
2 25 20 1
2 25 21 1
2 25 22 1
2 25 23 1
2 26 8 1
2 26 9 1
2 26 10 1
2 26 11 1
2 26 12 1
2 26 13 1
2 26 14 1
2 26 15 1
2 26 16 1
2 26 17 1
2 26 18 1
2 26 19 1
2 26 20 1
2 26 21 1
2 26 22 1
2 26 23 1
2 27 8 1
2 27 9 1
2 27 10 1
2 27 11 1
2 27 12 1
2 27 13 1
2 27 14 1
2 27 15 1
2 27 16 1
2 27 17 1
2 27 18 1
2 27 19 1
2 27 20 1
2 27 21 1
2 27 22 1
2 27 23 1
2 28 8 1
2 28 9 1
2 28 10 1
2 28 11 1
2 28 12 1
2 28 13 1
2 28 14 1
2 28 15 1
2 28 16 1
2 28 17 1
2 28 18 1
2 28 19 1
2 28 20 1
2 28 21 1
2 28 22 1
2 28 23 1
2 29 8 1
2 29 9 1
2 29 10 1
2 29 11 1
2 29 12 1
2 29 13 1
2 29 14 1
2 29 15 1
2 29 16 1
2 29 17 1
2 29 18 1
2 29 19 1
2 29 20 1
2 29 21 1
2 29 22 1
2 29 23 1
2 30 8 1
2 30 9 1
2 30 10 1
2 30 11 1
2 30 12 1
2 30 13 1
2 30 14 1
2 30 15 1
2 30 16 1
2 30 17 1
2 30 18 1
2 30 19 1
2 30 20 1
2 30 21 1
2 30 22 1
2 30 23 1
2 31 8 1
2 31 9 1
2 31 10 1
2 31 11 1
2 31 12 1
2 31 13 1
2 31 14 1
2 31 15 1
2 31 16 1
2 31 17 1
2 31 18 1
2 31 19 1
2 31 20 1
2 31 21 1
2 31 22 1
2 31 23 1
2 32 8 1
2 32 9 1
2 32 10 1
2 32 11 1
2 32 12 1
2 32 13 1
2 32 14 1
2 32 15 1
2 32 16 1
2 32 17 1
2 32 18 1
2 32 19 1
2 32 20 1
2 32 21 1
2 32 22 1
2 32 23 1
2 33 8 1
2 33 9 1
2 33 10 1
2 33 11 1
2 33 12 1
2 33 13 1
2 33 14 1
2 33 15 1
2 33 16 1
2 33 17 1
2 33 18 1
2 33 19 1
2 33 20 1
2 33 21 1
2 33 22 1
2 33 23 1
2 34 8 1
2 34 9 1
2 34 10 1
2 34 11 1
2 34 12 1
2 34 13 1
2 34 14 1
2 34 15 1
2 34 16 1
2 34 17 1
2 34 18 1
2 34 19 1
2 34 20 1
2 34 21 1
2 34 22 1
2 34 23 1
2 35 8 1
2 35 9 1
2 35 10 1
2 35 11 1
2 35 12 1
2 35 13 1
2 35 14 1
2 35 15 1
2 35 16 1
2 35 17 1
2 35 18 1
2 35 19 1
2 35 20 1
2 35 21 1
2 35 22 1
2 35 23 1
2 36 8 1
2 36 9 1
2 36 10 1
2 36 11 1
2 36 12 1
2 36 13 1
2 36 14 1
2 36 15 1
2 36 16 1
2 36 17 1
2 36 18 1
2 36 19 1
2 36 20 1
2 36 21 1
2 36 22 1
2 36 23 1
2 37 8 1
2 37 9 1
2 37 10 1
2 37 11 1
2 37 12 1
2 37 13 1
2 37 14 1
2 37 15 1
2 37 16 1
2 37 17 1
2 37 18 1
2 37 19 1
2 37 20 1
2 37 21 1
2 37 22 1
2 37 23 1
2 38 8 1
2 38 9 1
2 38 10 1
2 38 11 1
2 38 12 1
2 38 13 1
2 38 14 1
2 38 15 1
2 38 16 1
2 38 17 1
2 38 18 1
2 38 19 1
2 38 20 1
2 38 21 1
2 38 22 1
2 38 23 1
2 39 8 1
2 39 9 1
2 39 10 1
2 39 11 1
2 39 12 1
2 39 13 1
2 39 14 1
2 39 15 1
2 39 16 1
2 39 17 1
2 39 18 1
2 39 19 1
2 39 20 1
2 39 21 1
2 39 22 1
2 39 23 1
2 40 8 1
2 40 9 1
2 40 10 1
2 40 11 1
2 40 12 1
2 40 13 1
2 40 14 1
2 40 15 1
2 40 16 1
2 40 17 1
2 40 18 1
2 40 19 1
2 40 20 1
2 40 21 1
2 40 22 1
2 40 23 1
2 41 8 1
2 41 9 1
2 41 10 1
2 41 11 1
2 41 12 1
2 41 13 1
2 41 14 1
2 41 15 1
2 41 16 1
2 41 17 1
2 41 18 1
2 41 19 1
2 41 20 1
2 41 21 1
2 41 22 1
2 41 23 1
2 42 8 1
2 42 9 1
2 42 10 1
2 42 11 1
2 42 12 1
2 42 13 1
2 42 14 1
2 42 15 1
2 42 16 1
2 42 17 1
2 42 18 1
2 42 19 1
2 42 20 1
2 42 21 1
2 42 22 1
2 42 23 1
2 43 8 1
2 43 9 1
2 43 10 1
2 43 11 1
2 43 12 1
2 43 13 1
2 43 14 1
2 43 15 1
2 43 16 1
2 43 17 1
2 43 18 1
2 43 19 1
2 43 20 1
2 43 21 1
2 43 22 1
2 43 23 1
2 44 8 1
2 44 9 1
2 44 10 1
2 44 11 1
2 44 12 1
2 44 13 1
2 44 14 1
2 44 15 1
2 44 16 1
2 44 17 1
2 44 18 1
2 44 19 1
2 44 20 1
2 44 21 1
2 44 22 1
2 44 23 1
2 45 8 1
2 45 9 1
2 45 10 1
2 45 11 1
2 45 12 1
2 45 13 1
2 45 14 1
2 45 15 1
2 45 16 1
2 45 17 1
2 45 18 1
2 45 19 1
2 45 20 1
2 45 21 1
2 45 22 1
2 45 23 1
2 46 8 1
2 46 9 1
2 46 10 1
2 46 11 1
2 46 12 1
2 46 13 1
2 46 14 1
2 46 15 1
2 46 16 1
2 46 17 1
2 46 18 1
2 46 19 1
2 46 20 1
2 46 21 1
2 46 22 1
2 46 23 1
2 47 8 1
2 47 9 1
2 47 10 1
2 47 11 1
2 47 12 1
2 47 13 1
2 47 14 1
2 47 15 1
2 47 16 1
2 47 17 1
2 47 18 1
2 47 19 1
2 47 20 1
2 47 21 1
2 47 22 1
2 47 23 1

