Mod - Col - Row - Dead/hot

0 3 13 3
0 20 7 2
0 38 2 2
0 44 1 3
0 7 4 3
1 23 16 2
1 32 23 2
1 37 5 2
1 40 2 3
1 4 13 3
1 40 1 2
1 40 2 3
1 40 5 2
1 41 0 3
1 41 1 2
1 41 2 2
1 41 4 2
1 4 7 1
1 9 20 1
1 14 15 1
2 14 15 2
2 18 16 2
2 18 17 2
2 18 18 2
2 18 20 2
2 18 21 2
2 18 23 2
2 19 16 2
2 19 17 2
2 19 19 2
2 19 20 2
2 19 21 2
2 19 22 2
3 4 7 2
3 0 16 1
3 0 17 1
3 0 18 1
3 0 19 1
3 0 20 1
3 0 21 1
3 0 22 1
3 0 23 1
3 1 16 1
3 1 17 1
3 1 18 1
3 1 19 1
3 1 20 1
3 1 21 1
3 1 22 1
3 1 23 1
3 2 16 1
3 2 17 1
3 2 18 1
3 2 19 1
3 2 20 1
3 2 21 1
3 2 22 1
3 2 23 1
3 3 16 1
3 3 17 1
3 3 18 1
3 3 19 1
3 3 20 1
3 3 21 1
3 3 22 1
3 3 23 1
3 4 16 1
3 4 17 1
3 4 18 1
3 4 19 1
3 4 20 1
3 4 21 1
3 4 22 1
3 4 23 1
3 5 16 1
3 5 17 1
3 5 18 1
3 5 19 1
3 5 20 1
3 5 21 1
3 5 22 1
3 5 23 1
3 6 16 1
3 6 17 1
3 6 18 1
3 6 19 1
3 6 20 1
3 6 21 1
3 6 22 1
3 6 23 1
3 7 16 1
3 7 17 1
3 7 18 1
3 7 19 1
3 7 20 1
3 7 21 1
3 7 22 1
3 7 23 1
3 8 16 1
3 8 17 1
3 8 18 1
3 8 19 1
3 8 20 1
3 8 21 1
3 8 22 1
3 8 23 1
3 9 16 1
3 9 17 1
3 9 18 1
3 9 19 1
3 9 20 1
3 9 21 1
3 9 22 1
3 9 23 1
3 10 16 1
3 10 17 1
3 10 18 1
3 10 19 1
3 10 20 1
3 10 21 1
3 10 22 1
3 10 23 1
3 11 16 1
3 11 17 1
3 11 18 1
3 11 19 1
3 11 20 1
3 11 21 1
3 11 22 1
3 11 23 1
3 12 16 1
3 12 17 1
3 12 18 1
3 12 19 1
3 12 20 1
3 12 21 1
3 12 22 1
3 12 23 1
3 13 16 1
3 13 17 1
3 13 18 1
3 13 19 1
3 13 20 1
3 13 21 1
3 13 22 1
3 13 23 1
3 14 16 1
3 14 17 1
3 14 18 1
3 14 19 1
3 14 20 1
3 14 21 1
3 14 22 1
3 14 23 1
3 15 16 1
3 15 17 1
3 15 18 1
3 15 19 1
3 15 20 1
3 15 21 1
3 15 22 1
3 15 23 1
3 16 16 1
3 16 17 1
3 16 18 1
3 16 19 1
3 16 20 1
3 16 21 1
3 16 22 1
3 16 23 1
3 17 16 1
3 17 17 1
3 17 18 1
3 17 19 1
3 17 20 1
3 17 21 1
3 17 22 1
3 17 23 1
3 18 16 1
3 18 17 1
3 18 18 1
3 18 19 1
3 18 20 1
3 18 21 1
3 18 22 1
3 18 23 1
3 19 16 1
3 19 17 1
3 19 18 1
3 19 19 1
3 19 20 1
3 19 21 1
3 19 22 1
3 19 23 1
3 20 16 1
3 20 17 1
3 20 18 1
3 20 19 1
3 20 20 1
3 20 21 1
3 20 22 1
3 20 23 1
3 21 16 1
3 21 17 1
3 21 18 1
3 21 19 1
3 21 20 1
3 21 21 1
3 21 22 1
3 21 23 1
3 22 16 1
3 22 17 1
3 22 18 1
3 22 19 1
3 22 20 1
3 22 21 1
3 22 22 1
3 22 23 1
3 23 16 1
3 23 17 1
3 23 18 1
3 23 19 1
3 23 20 1
3 23 21 1
3 23 22 1
3 23 23 1
3 24 8 1
3 24 9 1
3 24 10 1
3 24 11 1
3 24 12 1
3 24 13 1
3 24 14 1
3 24 15 1
3 24 16 1
3 24 17 1
3 24 18 1
3 24 19 1
3 24 20 1
3 24 21 1
3 24 22 1
3 24 23 1
3 25 8 1
3 25 9 1
3 25 10 1
3 25 11 1
3 25 12 1
3 25 13 1
3 25 14 1
3 25 15 1
3 25 16 1
3 25 17 1
3 25 18 1
3 25 19 1
3 25 20 1
3 25 21 1
3 25 22 1
3 25 23 1
3 26 8 1
3 26 9 1
3 26 10 1
3 26 11 1
3 26 12 1
3 26 13 1
3 26 14 1
3 26 15 1
3 26 16 1
3 26 17 1
3 26 18 1
3 26 19 1
3 26 20 1
3 26 21 1
3 26 22 1
3 26 23 1
3 27 8 1
3 27 9 1
3 27 10 1
3 27 11 1
3 27 12 1
3 27 13 1
3 27 14 1
3 27 15 1
3 27 16 1
3 27 17 1
3 27 18 1
3 27 19 1
3 27 20 1
3 27 21 1
3 27 22 1
3 27 23 1
3 28 8 1
3 28 9 1
3 28 10 1
3 28 11 1
3 28 12 1
3 28 13 1
3 28 14 1
3 28 15 1
3 28 16 1
3 28 17 1
3 28 18 1
3 28 19 1
3 28 20 1
3 28 21 1
3 28 22 1
3 28 23 1
3 29 8 1
3 29 9 1
3 29 10 1
3 29 11 1
3 29 12 1
3 29 13 1
3 29 14 1
3 29 15 1
3 29 16 1
3 29 17 1
3 29 18 1
3 29 19 1
3 29 20 1
3 29 21 1
3 29 22 1
3 29 23 1
3 30 8 1
3 30 9 1
3 30 10 1
3 30 11 1
3 30 12 1
3 30 13 1
3 30 14 1
3 30 15 1
3 30 16 1
3 30 17 1
3 30 18 1
3 30 19 1
3 30 20 1
3 30 21 1
3 30 22 1
3 30 23 1
3 31 8 1
3 31 9 1
3 31 10 1
3 31 11 1
3 31 12 1
3 31 13 1
3 31 14 1
3 31 15 1
3 31 16 1
3 31 17 1
3 31 18 1
3 31 19 1
3 31 20 1
3 31 21 1
3 31 22 1
3 31 23 1
3 32 8 1
3 32 9 1
3 32 10 1
3 32 11 1
3 32 12 1
3 32 13 1
3 32 14 1
3 32 15 1
3 32 16 1
3 32 17 1
3 32 18 1
3 32 19 1
3 32 20 1
3 32 21 1
3 32 22 1
3 32 23 1
3 33 8 1
3 33 9 1
3 33 10 1
3 33 11 1
3 33 12 1
3 33 13 1
3 33 14 1
3 33 15 1
3 33 16 1
3 33 17 1
3 33 18 1
3 33 19 1
3 33 20 1
3 33 21 1
3 33 22 1
3 33 23 1
3 34 8 1
3 34 9 1
3 34 10 1
3 34 11 1
3 34 12 1
3 34 13 1
3 34 14 1
3 34 15 1
3 34 16 1
3 34 17 1
3 34 18 1
3 34 19 1
3 34 20 1
3 34 21 1
3 34 22 1
3 34 23 1
3 35 8 1
3 35 9 1
3 35 10 1
3 35 11 1
3 35 12 1
3 35 13 1
3 35 14 1
3 35 15 1
3 35 16 1
3 35 17 1
3 35 18 1
3 35 19 1
3 35 20 1
3 35 21 1
3 35 22 1
3 35 23 1
3 36 8 1
3 36 9 1
3 36 10 1
3 36 11 1
3 36 12 1
3 36 13 1
3 36 14 1
3 36 15 1
3 36 16 1
3 36 17 1
3 36 18 1
3 36 19 1
3 36 20 1
3 36 21 1
3 36 22 1
3 36 23 1
3 37 8 1
3 37 9 1
3 37 10 1
3 37 11 1
3 37 12 1
3 37 13 1
3 37 14 1
3 37 15 1
3 37 16 1
3 37 17 1
3 37 18 1
3 37 19 1
3 37 20 1
3 37 21 1
3 37 22 1
3 37 23 1
3 38 8 1
3 38 9 1
3 38 10 1
3 38 11 1
3 38 12 1
3 38 13 1
3 38 14 1
3 38 15 1
3 38 16 1
3 38 17 1
3 38 18 1
3 38 19 1
3 38 20 1
3 38 21 1
3 38 22 1
3 38 23 1
3 39 8 1
3 39 9 1
3 39 10 1
3 39 11 1
3 39 12 1
3 39 13 1
3 39 14 1
3 39 15 1
3 39 16 1
3 39 17 1
3 39 18 1
3 39 19 1
3 39 20 1
3 39 21 1
3 39 22 1
3 39 23 1
3 40 8 1
3 40 9 1
3 40 10 1
3 40 11 1
3 40 12 1
3 40 13 1
3 40 14 1
3 40 15 1
3 40 16 1
3 40 17 1
3 40 18 1
3 40 19 1
3 40 20 1
3 40 21 1
3 40 22 1
3 40 23 1
3 41 8 1
3 41 9 1
3 41 10 1
3 41 11 1
3 41 12 1
3 41 13 1
3 41 14 1
3 41 15 1
3 41 16 1
3 41 17 1
3 41 18 1
3 41 19 1
3 41 20 1
3 41 21 1
3 41 22 1
3 41 23 1
3 42 8 1
3 42 9 1
3 42 10 1
3 42 11 1
3 42 12 1
3 42 13 1
3 42 14 1
3 42 15 1
3 42 16 1
3 42 17 1
3 42 18 1
3 42 19 1
3 42 20 1
3 42 21 1
3 42 22 1
3 42 23 1
3 43 8 1
3 43 9 1
3 43 10 1
3 43 11 1
3 43 12 1
3 43 13 1
3 43 14 1
3 43 15 1
3 43 16 1
3 43 17 1
3 43 18 1
3 43 19 1
3 43 20 1
3 43 21 1
3 43 22 1
3 43 23 1
3 44 8 1
3 44 9 1
3 44 10 1
3 44 11 1
3 44 12 1
3 44 13 1
3 44 14 1
3 44 15 1
3 44 16 1
3 44 17 1
3 44 18 1
3 44 19 1
3 44 20 1
3 44 21 1
3 44 22 1
3 44 23 1
3 45 8 1
3 45 9 1
3 45 10 1
3 45 11 1
3 45 12 1
3 45 13 1
3 45 14 1
3 45 15 1
3 45 16 1
3 45 17 1
3 45 18 1
3 45 19 1
3 45 20 1
3 45 21 1
3 45 22 1
3 45 23 1
3 46 8 1
3 46 9 1
3 46 10 1
3 46 11 1
3 46 12 1
3 46 13 1
3 46 14 1
3 46 15 1
3 46 16 1
3 46 17 1
3 46 18 1
3 46 19 1
3 46 20 1
3 46 21 1
3 46 22 1
3 46 23 1
3 47 8 1
3 47 9 1
3 47 10 1
3 47 11 1
3 47 12 1
3 47 13 1
3 47 14 1
3 47 15 1
3 47 16 1
3 47 17 1
3 47 18 1
3 47 19 1
3 47 20 1
3 47 21 1
3 47 22 1
3 47 23 1

