      -0.19785e-01 -0.12204e-01 -0.46167e-02  0.36256e-02  0.12787e-01 
       0.22710e-01  0.33242e-01  0.44322e-01  0.55706e-01  0.67424e-01 
       0.79419e-01  0.91624e-01  0.10399e+00  0.11649e+00  0.12909e+00 
       0.14175e+00  0.15446e+00  0.16720e+00  0.17995e+00  0.19270e+00 
       0.20543e+00  0.21814e+00  0.23084e+00  0.24353e+00  0.25623e+00 
       0.26892e+00  0.28162e+00  0.29431e+00  0.30701e+00  0.31970e+00 
      -0.19629e-01 -0.12105e-01 -0.45751e-02  0.35872e-02  0.12634e-01 
       0.22409e-01  0.32766e-01  0.43641e-01  0.54802e-01  0.66275e-01 
       0.78005e-01  0.89929e-01  0.10200e+00  0.11419e+00  0.12646e+00 
       0.13879e+00  0.15115e+00  0.16354e+00  0.17593e+00  0.18830e+00 
       0.20066e+00  0.21298e+00  0.22529e+00  0.23760e+00  0.24991e+00 
       0.26221e+00  0.27452e+00  0.28683e+00  0.29914e+00  0.31145e+00 
      -0.19472e-01 -0.12005e-01 -0.45335e-02  0.35489e-02  0.12482e-01 
       0.22111e-01  0.32293e-01  0.42966e-01  0.53907e-01  0.65140e-01 
       0.76610e-01  0.88256e-01  0.10004e+00  0.11192e+00  0.12387e+00 
       0.13587e+00  0.14790e+00  0.15994e+00  0.17197e+00  0.18399e+00 
       0.19597e+00  0.20792e+00  0.21985e+00  0.23178e+00  0.24371e+00 
       0.25564e+00  0.26758e+00  0.27951e+00  0.29144e+00  0.30337e+00 
      -0.19314e-01 -0.11906e-01 -0.44917e-02  0.35108e-02  0.12330e-01 
       0.21815e-01  0.31825e-01  0.42297e-01  0.53021e-01  0.64017e-01 
       0.75231e-01  0.86606e-01  0.98100e-01  0.10968e+00  0.12133e+00 
       0.13300e+00  0.14470e+00  0.15640e+00  0.16809e+00  0.17975e+00 
       0.19137e+00  0.20296e+00  0.21452e+00  0.22608e+00  0.23764e+00 
       0.24920e+00  0.26077e+00  0.27233e+00  0.28389e+00  0.29545e+00 
      -0.19156e-01 -0.11806e-01 -0.44498e-02  0.34728e-02  0.12179e-01 
       0.21521e-01  0.31360e-01  0.41636e-01  0.52146e-01  0.62908e-01 
       0.73871e-01  0.84978e-01  0.96192e-01  0.10748e+00  0.11882e+00 
       0.13018e+00  0.14156e+00  0.15292e+00  0.16427e+00  0.17559e+00 
       0.18686e+00  0.19809e+00  0.20929e+00  0.22050e+00  0.23170e+00 
       0.24290e+00  0.25411e+00  0.26531e+00  0.27651e+00  0.28772e+00 
      -0.18998e-01 -0.11705e-01 -0.44079e-02  0.34349e-02  0.12029e-01 
       0.21228e-01  0.30900e-01  0.40980e-01  0.51280e-01  0.61812e-01 
       0.72528e-01  0.83373e-01  0.94310e-01  0.10531e+00  0.11635e+00 
       0.12741e+00  0.13846e+00  0.14951e+00  0.16052e+00  0.17150e+00 
       0.18243e+00  0.19332e+00  0.20417e+00  0.21503e+00  0.22588e+00 
       0.23674e+00  0.24759e+00  0.25845e+00  0.26930e+00  0.28016e+00 
      -0.18839e-01 -0.11605e-01 -0.43658e-02  0.33973e-02  0.11879e-01 
       0.20938e-01  0.30443e-01  0.40331e-01  0.50423e-01  0.60730e-01 
       0.71202e-01  0.81790e-01  0.92457e-01  0.10318e+00  0.11392e+00 
       0.12468e+00  0.13543e+00  0.14615e+00  0.15685e+00  0.16750e+00 
       0.17809e+00  0.18864e+00  0.19915e+00  0.20966e+00  0.22017e+00 
       0.23069e+00  0.24120e+00  0.25171e+00  0.26223e+00  0.27274e+00 
      -0.18679e-01 -0.11503e-01 -0.43236e-02  0.33598e-02  0.11731e-01 
       0.20650e-01  0.29990e-01  0.39689e-01  0.49576e-01  0.59660e-01 
       0.69893e-01  0.80228e-01  0.90630e-01  0.10107e+00  0.11153e+00 
       0.12199e+00  0.13244e+00  0.14286e+00  0.15323e+00  0.16356e+00 
       0.17383e+00  0.18405e+00  0.19423e+00  0.20441e+00  0.21459e+00 
       0.22477e+00  0.23495e+00  0.24513e+00  0.25531e+00  0.26549e+00 
      -0.18519e-01 -0.11402e-01 -0.42813e-02  0.33225e-02  0.11583e-01 
       0.20364e-01  0.29542e-01  0.39053e-01  0.48739e-01  0.58604e-01 
       0.68602e-01  0.78688e-01  0.88830e-01  0.99001e-01  0.10918e+00 
       0.11935e+00  0.12950e+00  0.13962e+00  0.14969e+00  0.15971e+00 
       0.16965e+00  0.17955e+00  0.18940e+00  0.19926e+00  0.20912e+00 
       0.21898e+00  0.22883e+00  0.23869e+00  0.24855e+00  0.25840e+00 
      -0.18358e-01 -0.11300e-01 -0.42388e-02  0.32854e-02  0.11437e-01 
       0.20080e-01  0.29097e-01  0.38424e-01  0.47910e-01  0.57560e-01 
       0.67327e-01  0.77169e-01  0.87056e-01  0.96962e-01  0.10687e+00 
       0.11676e+00  0.12662e+00  0.13644e+00  0.14621e+00  0.15592e+00 
       0.16555e+00  0.17513e+00  0.18468e+00  0.19422e+00  0.20376e+00 
       0.21330e+00  0.22284e+00  0.23239e+00  0.24193e+00  0.25147e+00 

      -0.18196e-01 -0.11198e-01 -0.41963e-02  0.32485e-02  0.11291e-01 
       0.19799e-01  0.28656e-01  0.37801e-01  0.47091e-01  0.56529e-01 
       0.66069e-01  0.75672e-01  0.85308e-01  0.94954e-01  0.10459e+00 
       0.11421e+00  0.12378e+00  0.13331e+00  0.14279e+00  0.15220e+00 
       0.16153e+00  0.17081e+00  0.18004e+00  0.18928e+00  0.19851e+00 
       0.20774e+00  0.21698e+00  0.22621e+00  0.23544e+00  0.24468e+00 
      -0.18033e-01 -0.11095e-01 -0.41536e-02  0.32119e-02  0.11146e-01 
       0.19519e-01  0.28219e-01  0.37184e-01  0.46282e-01  0.55510e-01 
       0.64828e-01  0.74196e-01  0.83586e-01  0.92977e-01  0.10235e+00 
       0.11170e+00  0.12100e+00  0.13025e+00  0.13944e+00  0.14856e+00 
       0.15759e+00  0.16657e+00  0.17551e+00  0.18444e+00  0.19338e+00 
       0.20231e+00  0.21125e+00  0.22018e+00  0.22911e+00  0.23805e+00 
      -0.17871e-01 -0.10993e-01 -0.41108e-02  0.31755e-02  0.11001e-01 
       0.19242e-01  0.27786e-01  0.36574e-01  0.45482e-01  0.54505e-01 
       0.63603e-01  0.72741e-01  0.81890e-01  0.91032e-01  0.10015e+00 
       0.10923e+00  0.11826e+00  0.12723e+00  0.13614e+00  0.14498e+00 
       0.15373e+00  0.16242e+00  0.17106e+00  0.17971e+00  0.18835e+00 
       0.19699e+00  0.20563e+00  0.21428e+00  0.22292e+00  0.23156e+00 
      -0.17707e-01 -0.10889e-01 -0.40678e-02  0.31393e-02  0.10858e-01 
       0.18966e-01  0.27357e-01  0.35970e-01  0.44690e-01  0.53512e-01 
       0.62395e-01  0.71306e-01  0.80220e-01  0.89116e-01  0.97982e-01 
       0.10680e+00  0.11557e+00  0.12428e+00  0.13291e+00  0.14147e+00 
       0.14994e+00  0.15835e+00  0.16671e+00  0.17507e+00  0.18342e+00 
       0.19178e+00  0.20014e+00  0.20850e+00  0.21686e+00  0.22522e+00 
      -0.17543e-01 -0.10785e-01 -0.40247e-02  0.31034e-02  0.10716e-01 
       0.18693e-01  0.26932e-01  0.35373e-01  0.43909e-01  0.52531e-01 
       0.61203e-01  0.69892e-01  0.78574e-01  0.87231e-01  0.95850e-01 
       0.10442e+00  0.11293e+00  0.12137e+00  0.12974e+00  0.13803e+00 
       0.14623e+00  0.15436e+00  0.16244e+00  0.17052e+00  0.17861e+00 
       0.18669e+00  0.19477e+00  0.20285e+00  0.21094e+00  0.21902e+00 
      -0.17379e-01 -0.10682e-01 -0.39814e-02  0.30679e-02  0.10575e-01 
       0.18422e-01  0.26511e-01  0.34782e-01  0.43136e-01  0.51563e-01 
       0.60027e-01  0.68498e-01  0.76953e-01  0.85376e-01  0.93754e-01 
       0.10208e+00  0.11034e+00  0.11852e+00  0.12663e+00  0.13466e+00 
       0.14259e+00  0.15045e+00  0.15826e+00  0.16608e+00  0.17389e+00 
       0.18170e+00  0.18952e+00  0.19733e+00  0.20514e+00  0.21296e+00 
      -0.17213e-01 -0.10577e-01 -0.39379e-02  0.30326e-02  0.10434e-01 
       0.18154e-01  0.26094e-01  0.34197e-01  0.42372e-01  0.50607e-01 
       0.58867e-01  0.67124e-01  0.75358e-01  0.83551e-01  0.91692e-01 
       0.99774e-01  0.10779e+00  0.11572e+00  0.12358e+00  0.13135e+00 
       0.13902e+00  0.14662e+00  0.15417e+00  0.16172e+00  0.16927e+00 
       0.17683e+00  0.18438e+00  0.19193e+00  0.19948e+00  0.20703e+00 
      -0.17048e-01 -0.10473e-01 -0.38942e-02  0.29977e-02  0.10295e-01 
       0.17887e-01  0.25681e-01  0.33619e-01  0.41618e-01  0.49664e-01 
       0.57723e-01  0.65770e-01  0.73786e-01  0.81754e-01  0.89665e-01 
       0.97511e-01  0.10528e+00  0.11297e+00  0.12058e+00  0.12810e+00 
       0.13552e+00  0.14287e+00  0.15016e+00  0.15746e+00  0.16476e+00 
       0.17205e+00  0.17935e+00  0.18665e+00  0.19394e+00  0.20124e+00 
      -0.16881e-01 -0.10367e-01 -0.38503e-02  0.29632e-02  0.10157e-01 
       0.17623e-01  0.25272e-01  0.33047e-01  0.40872e-01  0.48732e-01 
       0.56595e-01  0.64437e-01  0.72239e-01  0.79987e-01  0.87671e-01 
       0.95287e-01  0.10282e+00  0.11028e+00  0.11765e+00  0.12492e+00 
       0.13209e+00  0.13919e+00  0.14624e+00  0.15329e+00  0.16034e+00 
       0.16739e+00  0.17443e+00  0.18148e+00  0.18853e+00  0.19558e+00 
      -0.16715e-01 -0.10262e-01 -0.38062e-02  0.29291e-02  0.10020e-01 
       0.17361e-01  0.24867e-01  0.32482e-01  0.40136e-01  0.47813e-01 
       0.55483e-01  0.63123e-01  0.70716e-01  0.78248e-01  0.85712e-01 
       0.93103e-01  0.10041e+00  0.10763e+00  0.11476e+00  0.12180e+00 
       0.12873e+00  0.13559e+00  0.14240e+00  0.14921e+00  0.15601e+00 
       0.16282e+00  0.16963e+00  0.17643e+00  0.18324e+00  0.19005e+00 

      -0.16548e-01 -0.10156e-01 -0.37618e-02  0.28954e-02  0.98837e-02 
       0.17102e-01  0.24466e-01  0.31922e-01  0.39409e-01  0.46906e-01 
       0.54387e-01  0.61828e-01  0.69216e-01  0.76537e-01  0.83785e-01 
       0.90956e-01  0.98041e-01  0.10503e+00  0.11194e+00  0.11875e+00 
       0.12544e+00  0.13207e+00  0.13864e+00  0.14521e+00  0.15178e+00 
       0.15836e+00  0.16493e+00  0.17150e+00  0.17807e+00  0.18464e+00 
      -0.16380e-01 -0.10050e-01 -0.37172e-02  0.28621e-02  0.97489e-02 
       0.16845e-01  0.24070e-01  0.31370e-01  0.38691e-01  0.46012e-01 
       0.53305e-01  0.60553e-01  0.67740e-01  0.74855e-01  0.81892e-01 
       0.88848e-01  0.95714e-01  0.10249e+00  0.10917e+00  0.11575e+00 
       0.12222e+00  0.12862e+00  0.13496e+00  0.14130e+00  0.14765e+00 
       0.15399e+00  0.16033e+00  0.16668e+00  0.17302e+00  0.17936e+00 
      -0.16212e-01 -0.99432e-02 -0.36722e-02  0.28294e-02  0.96153e-02 
       0.16590e-01  0.23677e-01  0.30824e-01  0.37981e-01  0.45129e-01 
       0.52240e-01  0.59297e-01  0.66287e-01  0.73201e-01  0.80031e-01 
       0.86777e-01  0.93430e-01  0.99986e-01  0.10645e+00  0.11281e+00 
       0.11906e+00  0.12524e+00  0.13136e+00  0.13748e+00  0.14360e+00 
       0.14972e+00  0.15584e+00  0.16196e+00  0.16809e+00  0.17421e+00 
      -0.16043e-01 -0.98359e-02 -0.36269e-02  0.27973e-02  0.94831e-02 
       0.16338e-01  0.23289e-01  0.30284e-01  0.37281e-01  0.44258e-01 
       0.51190e-01  0.58060e-01  0.64858e-01  0.71574e-01  0.78202e-01 
       0.84743e-01  0.91188e-01  0.97534e-01  0.10378e+00  0.10993e+00 
       0.11597e+00  0.12193e+00  0.12783e+00  0.13374e+00  0.13964e+00 
       0.14555e+00  0.15145e+00  0.15736e+00  0.16326e+00  0.16917e+00 
      -0.15874e-01 -0.97285e-02 -0.35812e-02  0.27657e-02  0.93521e-02 
       0.16089e-01  0.22906e-01  0.29751e-01  0.36590e-01  0.43400e-01 
       0.50155e-01  0.56842e-01  0.63452e-01  0.69974e-01  0.76405e-01 
       0.82746e-01  0.88988e-01  0.95129e-01  0.10117e+00  0.10711e+00 
       0.11294e+00  0.11869e+00  0.12438e+00  0.13008e+00  0.13577e+00 
       0.14147e+00  0.14716e+00  0.15286e+00  0.15855e+00  0.16425e+00 
      -0.15704e-01 -0.96204e-02 -0.35352e-02  0.27348e-02  0.92226e-02 
       0.15842e-01  0.22526e-01  0.29224e-01  0.35908e-01  0.42553e-01 
       0.49136e-01  0.55644e-01  0.62069e-01  0.68402e-01  0.74640e-01 
       0.80785e-01  0.86829e-01  0.92770e-01  0.98611e-01  0.10435e+00 
       0.10997e+00  0.11552e+00  0.12101e+00  0.12650e+00  0.13199e+00 
       0.13748e+00  0.14297e+00  0.14846e+00  0.15396e+00  0.15945e+00 
      -0.15534e-01 -0.95121e-02 -0.34886e-02  0.27047e-02  0.90945e-02 
       0.15598e-01  0.22151e-01  0.28704e-01  0.35236e-01  0.41718e-01 
       0.48131e-01  0.54464e-01  0.60708e-01  0.66856e-01  0.72906e-01 
       0.78860e-01  0.84711e-01  0.90457e-01  0.96101e-01  0.10164e+00 
       0.10707e+00  0.11241e+00  0.11771e+00  0.12300e+00  0.12829e+00 
       0.13359e+00  0.13888e+00  0.14417e+00  0.14946e+00  0.15476e+00 
      -0.15362e-01 -0.94028e-02 -0.34416e-02  0.26753e-02  0.89680e-02 
       0.15357e-01  0.21780e-01  0.28191e-01  0.34572e-01  0.40896e-01 
       0.47143e-01  0.53303e-01  0.59370e-01  0.65338e-01  0.71204e-01 
       0.76971e-01  0.82633e-01  0.88189e-01  0.93643e-01  0.98992e-01 
       0.10422e+00  0.10938e+00  0.11448e+00  0.11958e+00  0.12468e+00 
       0.12978e+00  0.13488e+00  0.13998e+00  0.14508e+00  0.15018e+00 
      -0.15191e-01 -0.92931e-02 -0.33940e-02  0.26467e-02  0.88431e-02 
       0.15119e-01  0.21414e-01  0.27685e-01  0.33918e-01  0.40085e-01 
       0.46169e-01  0.52161e-01  0.58055e-01  0.63846e-01  0.69532e-01 
       0.75117e-01  0.80596e-01  0.85966e-01  0.91234e-01  0.96396e-01 
       0.10144e+00  0.10641e+00  0.11132e+00  0.11623e+00  0.12115e+00 
       0.12606e+00  0.13097e+00  0.13588e+00  0.14080e+00  0.14571e+00 
      -0.15019e-01 -0.91829e-02 -0.33458e-02  0.26191e-02  0.87199e-02 
       0.14883e-01  0.21053e-01  0.27185e-01  0.33273e-01  0.39287e-01 
       0.45210e-01  0.51037e-01  0.56762e-01  0.62380e-01  0.67890e-01 
       0.73298e-01  0.78598e-01  0.83788e-01  0.88874e-01  0.93855e-01 
       0.98717e-01  0.10350e+00  0.10823e+00  0.11297e+00  0.11770e+00 
       0.12243e+00  0.12716e+00  0.13189e+00  0.13662e+00  0.14135e+00 

      -0.14846e-01 -0.90722e-02 -0.32969e-02  0.25925e-02  0.85986e-02 
       0.14651e-01  0.20697e-01  0.26692e-01  0.32637e-01  0.38501e-01 
       0.44267e-01  0.49932e-01  0.55491e-01  0.60940e-01  0.66279e-01 
       0.71514e-01  0.76638e-01  0.81653e-01  0.86563e-01  0.91367e-01 
       0.96052e-01  0.10066e+00  0.10522e+00  0.10977e+00  0.11432e+00 
       0.11888e+00  0.12343e+00  0.12799e+00  0.13254e+00  0.13710e+00 
      -0.14673e-01 -0.89606e-02 -0.32473e-02  0.25670e-02  0.84791e-02 
       0.14422e-01  0.20345e-01  0.26206e-01  0.32010e-01  0.37726e-01 
       0.43339e-01  0.48845e-01  0.54242e-01  0.59526e-01  0.64698e-01 
       0.69764e-01  0.74718e-01  0.79562e-01  0.84300e-01  0.88932e-01 
       0.93445e-01  0.97883e-01  0.10227e+00  0.10665e+00  0.11103e+00 
       0.11542e+00  0.11980e+00  0.12418e+00  0.12856e+00  0.13295e+00 
      -0.14499e-01 -0.88486e-02 -0.31967e-02  0.25428e-02  0.83617e-02 
       0.14196e-01  0.19998e-01  0.25728e-01  0.31393e-01  0.36964e-01 
       0.42426e-01  0.47778e-01  0.53016e-01  0.58138e-01  0.63147e-01 
       0.68048e-01  0.72836e-01  0.77513e-01  0.82084e-01  0.86549e-01 
       0.90896e-01  0.95167e-01  0.99384e-01  0.10360e+00  0.10782e+00 
       0.11203e+00  0.11625e+00  0.12047e+00  0.12468e+00  0.12890e+00 
      -0.14325e-01 -0.87354e-02 -0.31453e-02  0.25198e-02  0.82465e-02 
       0.13973e-01  0.19657e-01  0.25256e-01  0.30786e-01  0.36215e-01 
       0.41529e-01  0.46728e-01  0.51811e-01  0.56776e-01  0.61625e-01 
       0.66366e-01  0.70992e-01  0.75507e-01  0.79916e-01  0.84218e-01 
       0.88403e-01  0.92512e-01  0.96568e-01  0.10062e+00  0.10468e+00 
       0.10873e+00  0.11279e+00  0.11684e+00  0.12090e+00  0.12495e+00 
      -0.14149e-01 -0.86212e-02 -0.30928e-02  0.24984e-02  0.81337e-02 
       0.13755e-01  0.19320e-01  0.24792e-01  0.30189e-01  0.35477e-01 
       0.40647e-01  0.45697e-01  0.50629e-01  0.55440e-01  0.60133e-01 
       0.64717e-01  0.69186e-01  0.73543e-01  0.77794e-01  0.81938e-01 
       0.85965e-01  0.89918e-01  0.93817e-01  0.97715e-01  0.10161e+00 
       0.10551e+00  0.10941e+00  0.11331e+00  0.11721e+00  0.12111e+00 
      -0.13972e-01 -0.85061e-02 -0.30391e-02  0.24785e-02  0.80232e-02 
       0.13540e-01  0.18990e-01  0.24336e-01  0.29601e-01  0.34752e-01 
       0.39780e-01  0.44685e-01  0.49468e-01  0.54129e-01  0.58671e-01 
       0.63102e-01  0.67417e-01  0.71620e-01  0.75718e-01  0.79709e-01 
       0.83583e-01  0.87383e-01  0.91130e-01  0.94876e-01  0.98622e-01 
       0.10237e+00  0.10611e+00  0.10986e+00  0.11361e+00  0.11735e+00 
      -0.13796e-01 -0.83902e-02 -0.29841e-02  0.24605e-02  0.79155e-02 
       0.13328e-01  0.18664e-01  0.23887e-01  0.29023e-01  0.34040e-01 
       0.38929e-01  0.43691e-01  0.48330e-01  0.52844e-01  0.57237e-01 
       0.61519e-01  0.65686e-01  0.69739e-01  0.73687e-01  0.77529e-01 
       0.81255e-01  0.84908e-01  0.88507e-01  0.92106e-01  0.95705e-01 
       0.99304e-01  0.10290e+00  0.10650e+00  0.11010e+00  0.11370e+00 
      -0.13617e-01 -0.82726e-02 -0.29277e-02  0.24443e-02  0.78106e-02 
       0.13122e-01  0.18345e-01  0.23446e-01  0.28455e-01  0.33341e-01 
       0.38093e-01  0.42716e-01  0.47213e-01  0.51584e-01  0.55833e-01 
       0.59970e-01  0.63991e-01  0.67899e-01  0.71702e-01  0.75399e-01 
       0.78981e-01  0.82490e-01  0.85946e-01  0.89402e-01  0.92858e-01 
       0.96315e-01  0.99771e-01  0.10323e+00  0.10668e+00  0.11014e+00 
      -0.13438e-01 -0.81540e-02 -0.28696e-02  0.24304e-02  0.77088e-02 
       0.12919e-01  0.18032e-01  0.23013e-01  0.27898e-01  0.32654e-01 
       0.37273e-01  0.41760e-01  0.46118e-01  0.50349e-01  0.54458e-01 
       0.58453e-01  0.62333e-01  0.66100e-01  0.69761e-01  0.73318e-01 
       0.76760e-01  0.80131e-01  0.83448e-01  0.86766e-01  0.90083e-01 
       0.93401e-01  0.96719e-01  0.10004e+00  0.10335e+00  0.10667e+00 
      -0.13258e-01 -0.80338e-02 -0.28097e-02  0.24187e-02  0.76102e-02 
       0.12721e-01  0.17725e-01  0.22588e-01  0.27351e-01  0.31980e-01 
       0.36469e-01  0.40822e-01  0.45046e-01  0.49140e-01  0.53111e-01 
       0.56969e-01  0.60711e-01  0.64340e-01  0.67865e-01  0.71285e-01 
       0.74592e-01  0.77827e-01  0.81011e-01  0.84194e-01  0.87378e-01 
       0.90561e-01  0.93745e-01  0.96928e-01  0.10011e+00  0.10329e+00 

      -0.13075e-01 -0.79117e-02 -0.27478e-02  0.24097e-02  0.75152e-02 
       0.12528e-01  0.17424e-01  0.22172e-01  0.26816e-01  0.31320e-01 
       0.35681e-01  0.39904e-01  0.43995e-01  0.47957e-01  0.51794e-01 
       0.55518e-01  0.59126e-01  0.62622e-01  0.66013e-01  0.69301e-01 
       0.72476e-01  0.75581e-01  0.78634e-01  0.81688e-01  0.84741e-01 
       0.87795e-01  0.90848e-01  0.93901e-01  0.96955e-01  0.10001e+00 
      -0.12892e-01 -0.77878e-02 -0.26837e-02  0.24035e-02  0.74239e-02 
       0.12340e-01  0.17130e-01  0.21765e-01  0.26291e-01  0.30673e-01 
       0.34909e-01  0.39005e-01  0.42967e-01  0.46799e-01  0.50506e-01 
       0.54099e-01  0.57577e-01  0.60942e-01  0.64204e-01  0.67364e-01 
       0.70412e-01  0.73390e-01  0.76318e-01  0.79246e-01  0.82173e-01 
       0.85101e-01  0.88028e-01  0.90956e-01  0.93884e-01  0.96811e-01 
      -0.12707e-01 -0.76620e-02 -0.26170e-02  0.24004e-02  0.73369e-02 
       0.12157e-01  0.16844e-01  0.21366e-01  0.25777e-01  0.30040e-01 
       0.34153e-01  0.38125e-01  0.41962e-01  0.45666e-01  0.49246e-01 
       0.52713e-01  0.56063e-01  0.59303e-01  0.62439e-01  0.65474e-01 
       0.68399e-01  0.71255e-01  0.74060e-01  0.76866e-01  0.79672e-01 
       0.82477e-01  0.85283e-01  0.88089e-01  0.90894e-01  0.93700e-01 
      -0.12520e-01 -0.75335e-02 -0.25475e-02  0.24008e-02  0.72542e-02 
       0.11981e-01  0.16564e-01  0.20978e-01  0.25275e-01  0.29422e-01 
       0.33415e-01  0.37264e-01  0.40978e-01  0.44560e-01  0.48016e-01 
       0.51359e-01  0.54586e-01  0.57703e-01  0.60718e-01  0.63632e-01 
       0.66437e-01  0.69174e-01  0.71861e-01  0.74549e-01  0.77236e-01 
       0.79924e-01  0.82612e-01  0.85299e-01  0.87987e-01  0.90674e-01 
      -0.12330e-01 -0.74025e-02 -0.24750e-02  0.24050e-02  0.71764e-02 
       0.11810e-01  0.16293e-01  0.20599e-01  0.24785e-01  0.28817e-01 
       0.32693e-01  0.36424e-01  0.40018e-01  0.43479e-01  0.46815e-01 
       0.50037e-01  0.53145e-01  0.56143e-01  0.59039e-01  0.61836e-01 
       0.64525e-01  0.67147e-01  0.69721e-01  0.72294e-01  0.74867e-01 
       0.77441e-01  0.80014e-01  0.82588e-01  0.85161e-01  0.87734e-01 
      -0.12139e-01 -0.72687e-02 -0.23989e-02  0.24133e-02  0.71038e-02 
       0.11646e-01  0.16030e-01  0.20230e-01  0.24308e-01  0.28227e-01 
       0.31988e-01  0.35604e-01  0.39080e-01  0.42424e-01  0.45643e-01 
       0.48748e-01  0.51739e-01  0.54622e-01  0.57403e-01  0.60087e-01 
       0.62664e-01  0.65175e-01  0.67638e-01  0.70101e-01  0.72564e-01 
       0.75027e-01  0.77490e-01  0.79953e-01  0.82416e-01  0.84879e-01 
      -0.11944e-01 -0.71315e-02 -0.23190e-02  0.24263e-02  0.70369e-02 
       0.11489e-01  0.15776e-01  0.19872e-01  0.23843e-01  0.27653e-01 
       0.31302e-01  0.34804e-01  0.38166e-01  0.41396e-01  0.44500e-01 
       0.47492e-01  0.50370e-01  0.53140e-01  0.55811e-01  0.58384e-01 
       0.60852e-01  0.63256e-01  0.65612e-01  0.67968e-01  0.70324e-01 
       0.72680e-01  0.75036e-01  0.77392e-01  0.79748e-01  0.82105e-01 
      -0.11747e-01 -0.69905e-02 -0.22348e-02  0.24444e-02  0.69762e-02 
       0.11340e-01  0.15530e-01  0.19525e-01  0.23391e-01  0.27094e-01 
       0.30633e-01  0.34024e-01  0.37276e-01  0.40394e-01  0.43387e-01 
       0.46268e-01  0.49037e-01  0.51698e-01  0.54260e-01  0.56727e-01 
       0.59090e-01  0.61389e-01  0.63642e-01  0.65895e-01  0.68148e-01 
       0.70401e-01  0.72654e-01  0.74906e-01  0.77159e-01  0.79412e-01 
      -0.11546e-01 -0.68454e-02 -0.21458e-02  0.24680e-02  0.69221e-02 
       0.11199e-01  0.15295e-01  0.19190e-01  0.22954e-01  0.26551e-01 
       0.29983e-01  0.33266e-01  0.36410e-01  0.39419e-01  0.42304e-01 
       0.45078e-01  0.47740e-01  0.50295e-01  0.52753e-01  0.55116e-01 
       0.57378e-01  0.59576e-01  0.61729e-01  0.63882e-01  0.66035e-01 
       0.68188e-01  0.70341e-01  0.72494e-01  0.74647e-01  0.76799e-01 
      -0.11341e-01 -0.66957e-02 -0.20514e-02  0.24979e-02  0.68754e-02 
       0.11066e-01  0.15070e-01  0.18867e-01  0.22530e-01  0.26024e-01 
       0.29352e-01  0.32530e-01  0.35567e-01  0.38471e-01  0.41251e-01 
       0.43921e-01  0.46479e-01  0.48931e-01  0.51288e-01  0.53552e-01 
       0.55715e-01  0.57816e-01  0.59872e-01  0.61928e-01  0.63984e-01 
       0.66041e-01  0.68097e-01  0.70153e-01  0.72209e-01  0.74266e-01 

      -0.11131e-01 -0.65405e-02 -0.19512e-02  0.25345e-02  0.68366e-02 
       0.10943e-01  0.14856e-01  0.18557e-01  0.22122e-01  0.25515e-01 
       0.28741e-01  0.31816e-01  0.34750e-01  0.37551e-01  0.40229e-01 
       0.42797e-01  0.45254e-01  0.47608e-01  0.49866e-01  0.52033e-01 
       0.54101e-01  0.56108e-01  0.58071e-01  0.60034e-01  0.61998e-01 
       0.63961e-01  0.65924e-01  0.67887e-01  0.69851e-01  0.71814e-01 
      -0.10916e-01 -0.63795e-02 -0.18443e-02  0.25786e-02  0.68064e-02 
       0.10830e-01  0.14653e-01  0.18261e-01  0.21729e-01  0.25024e-01 
       0.28150e-01  0.31124e-01  0.33958e-01  0.36659e-01  0.39237e-01 
       0.41707e-01  0.44067e-01  0.46324e-01  0.48487e-01  0.50560e-01 
       0.52536e-01  0.54453e-01  0.56326e-01  0.58199e-01  0.60072e-01 
       0.61945e-01  0.63818e-01  0.65692e-01  0.67565e-01  0.69438e-01 
      -0.10695e-01 -0.62122e-02 -0.17301e-02  0.26310e-02  0.67856e-02 
       0.10727e-01  0.14463e-01  0.17978e-01  0.21353e-01  0.24551e-01 
       0.27580e-01  0.30456e-01  0.33192e-01  0.35796e-01  0.38277e-01 
       0.40651e-01  0.42916e-01  0.45080e-01  0.47151e-01  0.49134e-01 
       0.51021e-01  0.52849e-01  0.54635e-01  0.56421e-01  0.58207e-01 
       0.59993e-01  0.61779e-01  0.63565e-01  0.65351e-01  0.67137e-01 
      -0.10468e-01 -0.60373e-02 -0.16077e-02  0.26925e-02  0.67752e-02 
       0.10637e-01  0.14287e-01  0.17711e-01  0.20993e-01  0.24097e-01 
       0.27031e-01  0.29812e-01  0.32453e-01  0.34962e-01  0.37349e-01 
       0.39630e-01  0.41803e-01  0.43877e-01  0.45859e-01  0.47754e-01 
       0.49555e-01  0.51298e-01  0.53000e-01  0.54702e-01  0.56405e-01 
       0.58107e-01  0.59809e-01  0.61511e-01  0.63213e-01  0.64915e-01 
      -0.10233e-01 -0.58543e-02 -0.14763e-02  0.27640e-02  0.67759e-02 
       0.10559e-01  0.14124e-01  0.17460e-01  0.20652e-01  0.23664e-01 
       0.26504e-01  0.29192e-01  0.31741e-01  0.34157e-01  0.36454e-01 
       0.38644e-01  0.40728e-01  0.42714e-01  0.44610e-01  0.46420e-01 
       0.48138e-01  0.49799e-01  0.51421e-01  0.53042e-01  0.54663e-01 
       0.56284e-01  0.57905e-01  0.59526e-01  0.61147e-01  0.62768e-01 
      -0.99907e-02 -0.56622e-02 -0.13348e-02  0.28466e-02  0.67889e-02 
       0.10494e-01  0.13977e-01  0.17226e-01  0.20329e-01  0.23252e-01 
       0.26001e-01  0.28598e-01  0.31056e-01  0.33383e-01  0.35591e-01 
       0.37694e-01  0.39692e-01  0.41592e-01  0.43405e-01  0.45133e-01 
       0.46771e-01  0.48353e-01  0.49896e-01  0.51439e-01  0.52982e-01 
       0.54525e-01  0.56068e-01  0.57611e-01  0.59154e-01  0.60697e-01 
      -0.97386e-02 -0.54597e-02 -0.11821e-02  0.29413e-02  0.68152e-02 
       0.10445e-01  0.13846e-01  0.17011e-01  0.20027e-01  0.22861e-01 
       0.25522e-01  0.28031e-01  0.30401e-01  0.32641e-01  0.34762e-01 
       0.36780e-01  0.38694e-01  0.40512e-01  0.42244e-01  0.43893e-01 
       0.45453e-01  0.46960e-01  0.48427e-01  0.49895e-01  0.51362e-01 
       0.52830e-01  0.54297e-01  0.55765e-01  0.57232e-01  0.58700e-01 
      -0.94759e-02 -0.52458e-02 -0.10171e-02  0.30495e-02  0.68562e-02 
       0.10411e-01  0.13733e-01  0.16814e-01  0.19745e-01  0.22494e-01 
       0.25069e-01  0.27491e-01  0.29775e-01  0.31930e-01  0.33968e-01 
       0.35903e-01  0.37736e-01  0.39475e-01  0.41128e-01  0.42700e-01 
       0.44186e-01  0.45619e-01  0.47013e-01  0.48408e-01  0.49803e-01 
       0.51198e-01  0.52593e-01  0.53987e-01  0.55382e-01  0.56777e-01 
      -0.92013e-02 -0.50191e-02 -0.83825e-03  0.31724e-02  0.69130e-02 
       0.10394e-01  0.13638e-01  0.16638e-01  0.19486e-01  0.22151e-01 
       0.24641e-01  0.26979e-01  0.29180e-01  0.31253e-01  0.33209e-01 
       0.35064e-01  0.36818e-01  0.38480e-01  0.40058e-01  0.41555e-01 
       0.42969e-01  0.44330e-01  0.45655e-01  0.46980e-01  0.48304e-01 
       0.49629e-01  0.50953e-01  0.52278e-01  0.53602e-01  0.54927e-01 
      -0.89134e-02 -0.47781e-02 -0.64421e-03  0.33116e-02  0.69873e-02 
       0.10397e-01  0.13564e-01  0.16483e-01  0.19251e-01  0.21833e-01 
       0.24241e-01  0.26497e-01  0.28617e-01  0.30609e-01  0.32486e-01 
       0.34263e-01  0.35942e-01  0.37528e-01  0.39033e-01  0.40459e-01 
       0.41803e-01  0.43096e-01  0.44353e-01  0.45610e-01  0.46867e-01 
       0.48124e-01  0.49381e-01  0.50638e-01  0.51895e-01  0.53151e-01 

      -0.86105e-02 -0.45211e-02 -0.43326e-03  0.34687e-02  0.70806e-02 
       0.10419e-01  0.13511e-01  0.16352e-01  0.19040e-01  0.21542e-01 
       0.23870e-01  0.26046e-01  0.28086e-01  0.30001e-01  0.31801e-01 
       0.33502e-01  0.35107e-01  0.36621e-01  0.38055e-01  0.39412e-01 
       0.40688e-01  0.41915e-01  0.43107e-01  0.44298e-01  0.45490e-01 
       0.46682e-01  0.47874e-01  0.49066e-01  0.50257e-01  0.51449e-01 
      -0.82908e-02 -0.42464e-02 -0.20365e-03  0.36454e-02  0.71946e-02 
       0.10464e-01  0.13481e-01  0.16246e-01  0.18856e-01  0.21279e-01 
       0.23529e-01  0.25627e-01  0.27590e-01  0.29428e-01  0.31154e-01 
       0.32782e-01  0.34315e-01  0.35759e-01  0.37124e-01  0.38414e-01 
       0.39625e-01  0.40788e-01  0.41917e-01  0.43045e-01  0.44174e-01 
       0.45303e-01  0.46432e-01  0.47560e-01  0.48689e-01  0.49818e-01 
      -0.79522e-02 -0.39519e-02  0.46680e-04  0.38438e-02  0.73313e-02 
       0.10532e-01  0.13477e-01  0.16166e-01  0.18700e-01  0.21046e-01 
       0.23219e-01  0.25241e-01  0.27129e-01  0.28893e-01  0.30546e-01 
       0.32103e-01  0.33566e-01  0.34942e-01  0.36240e-01  0.37466e-01 
       0.38614e-01  0.39715e-01  0.40783e-01  0.41851e-01  0.42919e-01 
       0.43987e-01  0.45055e-01  0.46123e-01  0.47191e-01  0.48259e-01 
      -0.75925e-02 -0.36354e-02  0.31985e-03  0.40659e-02  0.74927e-02 
       0.10626e-01  0.13500e-01  0.16115e-01  0.18574e-01  0.20845e-01 
       0.22942e-01  0.24890e-01  0.26704e-01  0.28396e-01  0.29979e-01 
       0.31467e-01  0.32862e-01  0.34172e-01  0.35406e-01  0.36568e-01 
       0.37656e-01  0.38697e-01  0.39707e-01  0.40716e-01  0.41725e-01 
       0.42735e-01  0.43744e-01  0.44753e-01  0.45763e-01  0.46772e-01 
      -0.72091e-02 -0.32944e-02  0.61834e-03  0.43141e-02  0.76810e-02 
       0.10748e-01  0.13552e-01  0.16094e-01  0.18480e-01  0.20677e-01 
       0.22700e-01  0.24575e-01  0.26318e-01  0.27940e-01  0.29453e-01 
       0.30874e-01  0.32203e-01  0.33449e-01  0.34621e-01  0.35722e-01 
       0.36751e-01  0.37735e-01  0.38688e-01  0.39640e-01  0.40592e-01 
       0.41545e-01  0.42497e-01  0.43450e-01  0.44402e-01  0.45355e-01 
      -0.67991e-02 -0.29262e-02  0.94471e-03  0.45909e-02  0.78987e-02 
       0.10900e-01  0.13635e-01  0.16106e-01  0.18419e-01  0.20543e-01 
       0.22495e-01  0.24299e-01  0.25971e-01  0.27525e-01  0.28971e-01 
       0.30326e-01  0.31591e-01  0.32775e-01  0.33886e-01  0.34929e-01 
       0.35900e-01  0.36829e-01  0.37726e-01  0.38623e-01  0.39521e-01 
       0.40418e-01  0.41316e-01  0.42213e-01  0.43111e-01  0.44008e-01 
      -0.63594e-02 -0.25278e-02  0.13019e-02  0.48991e-02  0.81485e-02 
       0.11086e-01  0.13751e-01  0.16152e-01  0.18394e-01  0.20447e-01 
       0.22328e-01  0.24062e-01  0.25666e-01  0.27152e-01  0.28533e-01 
       0.29824e-01  0.31027e-01  0.32150e-01  0.33202e-01  0.34188e-01 
       0.35104e-01  0.35978e-01  0.36822e-01  0.37667e-01  0.38511e-01 
       0.39355e-01  0.40200e-01  0.41044e-01  0.41888e-01  0.42733e-01 
      -0.58868e-02 -0.20959e-02  0.16930e-02  0.52416e-02  0.84330e-02 
       0.11306e-01  0.13904e-01  0.16235e-01  0.18407e-01  0.20390e-01 
       0.22201e-01  0.23866e-01  0.25403e-01  0.26824e-01  0.28140e-01 
       0.29369e-01  0.30511e-01  0.31575e-01  0.32570e-01  0.33500e-01 
       0.34363e-01  0.35184e-01  0.35977e-01  0.36770e-01  0.37563e-01 
       0.38356e-01  0.39149e-01  0.39942e-01  0.40735e-01  0.41528e-01 
      -0.53770e-02 -0.16267e-02  0.21215e-02  0.56217e-02  0.87555e-02 
       0.11565e-01  0.14096e-01  0.16358e-01  0.18460e-01  0.20374e-01 
       0.22116e-01  0.23714e-01  0.25185e-01  0.26541e-01  0.27795e-01 
       0.28962e-01  0.30045e-01  0.31052e-01  0.31991e-01  0.32866e-01 
       0.33677e-01  0.34448e-01  0.35191e-01  0.35934e-01  0.36676e-01 
       0.37419e-01  0.38162e-01  0.38905e-01  0.39648e-01  0.40391e-01 
      -0.48262e-02 -0.11164e-02  0.25911e-02  0.60430e-02  0.91191e-02 
       0.11865e-01  0.14329e-01  0.16522e-01  0.18556e-01  0.20401e-01 
       0.22076e-01  0.23607e-01  0.25013e-01  0.26306e-01  0.27498e-01 
       0.28605e-01  0.29630e-01  0.30580e-01  0.31464e-01  0.32287e-01 
       0.33047e-01  0.33768e-01  0.34462e-01  0.35156e-01  0.35850e-01 
       0.36545e-01  0.37239e-01  0.37933e-01  0.38627e-01  0.39321e-01 

      -0.42299e-02 -0.56084e-03  0.31059e-02  0.65091e-02  0.95273e-02 
       0.12209e-01  0.14607e-01  0.16732e-01  0.18697e-01  0.20474e-01 
       0.22082e-01  0.23547e-01  0.24889e-01  0.26119e-01  0.27250e-01 
       0.28298e-01  0.29266e-01  0.30161e-01  0.30992e-01  0.31763e-01 
       0.32473e-01  0.33146e-01  0.33792e-01  0.34439e-01  0.35086e-01 
       0.35732e-01  0.36379e-01  0.37025e-01  0.37672e-01  0.38319e-01 
      -0.35828e-02  0.44937e-04  0.36703e-02  0.70241e-02  0.99839e-02 
       0.12602e-01  0.14932e-01  0.16989e-01  0.18886e-01  0.20594e-01 
       0.22136e-01  0.23536e-01  0.24813e-01  0.25982e-01  0.27053e-01 
       0.28043e-01  0.28955e-01  0.29795e-01  0.30574e-01  0.31294e-01 
       0.31955e-01  0.32580e-01  0.33181e-01  0.33781e-01  0.34381e-01 
       0.34981e-01  0.35581e-01  0.36181e-01  0.36781e-01  0.37382e-01 
      -0.28788e-02  0.70628e-03  0.42889e-02  0.75923e-02  0.10493e-01 
       0.13046e-01  0.15308e-01  0.17297e-01  0.19124e-01  0.20765e-01 
       0.22240e-01  0.23575e-01  0.24789e-01  0.25896e-01  0.26908e-01 
       0.27840e-01  0.28696e-01  0.29483e-01  0.30210e-01  0.30880e-01 
       0.31493e-01  0.32072e-01  0.32626e-01  0.33180e-01  0.33735e-01 
       0.34289e-01  0.34843e-01  0.35398e-01  0.35952e-01  0.36506e-01 
      -0.21124e-02  0.14285e-02  0.49669e-02  0.82182e-02  0.11058e-01 
       0.13545e-01  0.15739e-01  0.17657e-01  0.19416e-01  0.20988e-01 
       0.22396e-01  0.23666e-01  0.24817e-01  0.25862e-01  0.26815e-01 
       0.27690e-01  0.28491e-01  0.29224e-01  0.29900e-01  0.30521e-01 
       0.31087e-01  0.31619e-01  0.32128e-01  0.32638e-01  0.33147e-01 
       0.33656e-01  0.34165e-01  0.34674e-01  0.35183e-01  0.35692e-01 
      -0.12768e-02  0.22177e-02  0.57096e-02  0.89067e-02  0.11683e-01 
       0.14102e-01  0.16226e-01  0.18074e-01  0.19763e-01  0.21266e-01 
       0.22606e-01  0.23810e-01  0.24898e-01  0.25882e-01  0.26775e-01 
       0.27593e-01  0.28339e-01  0.29019e-01  0.29644e-01  0.30216e-01 
       0.30734e-01  0.31222e-01  0.31686e-01  0.32151e-01  0.32615e-01 
       0.33080e-01  0.33544e-01  0.34009e-01  0.34474e-01  0.34938e-01 
      -0.36433e-03  0.30806e-02  0.65229e-02  0.96628e-02  0.12374e-01 
       0.14723e-01  0.16774e-01  0.18550e-01  0.20167e-01  0.21600e-01 
       0.22871e-01  0.24009e-01  0.25032e-01  0.25954e-01  0.26788e-01 
       0.27549e-01  0.28239e-01  0.28867e-01  0.29440e-01  0.29963e-01 
       0.30435e-01  0.30877e-01  0.31297e-01  0.31717e-01  0.32138e-01 
       0.32558e-01  0.32978e-01  0.33398e-01  0.33819e-01  0.34239e-01 
       0.63264e-03  0.40241e-02  0.74127e-02  0.10492e-01  0.13134e-01 
       0.15409e-01  0.17386e-01  0.19087e-01  0.20630e-01  0.21991e-01 
       0.23192e-01  0.24262e-01  0.25221e-01  0.26080e-01  0.26854e-01 
       0.27557e-01  0.28191e-01  0.28765e-01  0.29288e-01  0.29761e-01 
       0.30187e-01  0.30583e-01  0.30959e-01  0.31335e-01  0.31710e-01 
       0.32086e-01  0.32462e-01  0.32838e-01  0.33213e-01  0.33589e-01 
       0.17224e-02  0.50554e-02  0.83856e-02  0.11399e-01  0.13967e-01 
       0.16166e-01  0.18064e-01  0.19688e-01  0.21154e-01  0.22441e-01 
       0.23570e-01  0.24571e-01  0.25463e-01  0.26259e-01  0.26971e-01 
       0.27615e-01  0.28193e-01  0.28713e-01  0.29184e-01  0.29608e-01 
       0.29986e-01  0.30337e-01  0.30668e-01  0.30999e-01  0.31331e-01 
       0.31662e-01  0.31993e-01  0.32324e-01  0.32656e-01  0.32987e-01 
       0.29147e-02  0.61827e-02  0.94478e-02  0.12389e-01  0.14879e-01 
       0.16995e-01  0.18812e-01  0.20354e-01  0.21741e-01  0.22950e-01 
       0.24005e-01  0.24935e-01  0.25758e-01  0.26488e-01  0.27138e-01 
       0.27721e-01  0.28242e-01  0.28707e-01  0.29125e-01  0.29499e-01 
       0.29830e-01  0.30134e-01  0.30420e-01  0.30707e-01  0.30993e-01 
       0.31279e-01  0.31565e-01  0.31851e-01  0.32138e-01  0.32424e-01 
       0.42192e-02  0.74142e-02  0.10606e-01  0.13468e-01  0.15873e-01 
       0.17901e-01  0.19630e-01  0.21087e-01  0.22390e-01  0.23518e-01 
       0.24496e-01  0.25351e-01  0.26103e-01  0.26766e-01  0.27351e-01 
       0.27872e-01  0.28334e-01  0.28743e-01  0.29108e-01  0.29431e-01 
       0.29712e-01  0.29970e-01  0.30210e-01  0.30451e-01  0.30691e-01 
       0.30932e-01  0.31172e-01  0.31413e-01  0.31653e-01  0.31894e-01 

       0.56455e-02  0.87580e-02  0.11867e-01  0.14641e-01  0.16952e-01 
       0.18885e-01  0.20520e-01  0.21886e-01  0.23100e-01  0.24143e-01 
       0.25040e-01  0.25817e-01  0.26496e-01  0.27087e-01  0.27606e-01 
       0.28064e-01  0.28465e-01  0.28816e-01  0.29125e-01  0.29395e-01 
       0.29627e-01  0.29837e-01  0.30031e-01  0.30224e-01  0.30418e-01 
       0.30612e-01  0.30805e-01  0.30999e-01  0.31193e-01  0.31386e-01 
       0.72047e-02  0.10223e-01  0.13238e-01  0.15912e-01  0.18119e-01 
       0.19950e-01  0.21483e-01  0.22750e-01  0.23870e-01  0.24823e-01 
       0.25633e-01  0.26329e-01  0.26930e-01  0.27448e-01  0.27897e-01 
       0.28288e-01  0.28626e-01  0.28918e-01  0.29170e-01  0.29386e-01 
       0.29567e-01  0.29727e-01  0.29873e-01  0.30019e-01  0.30165e-01 
       0.30310e-01  0.30456e-01  0.30602e-01  0.30748e-01  0.30893e-01 
       0.89075e-02  0.11817e-01  0.14724e-01  0.17285e-01  0.19377e-01 
       0.21093e-01  0.22516e-01  0.23678e-01  0.24696e-01  0.25552e-01 
       0.26271e-01  0.26880e-01  0.27399e-01  0.27840e-01  0.28216e-01 
       0.28538e-01  0.28810e-01  0.29039e-01  0.29232e-01  0.29392e-01 
       0.29521e-01  0.29630e-01  0.29727e-01  0.29823e-01  0.29920e-01 
       0.30016e-01  0.30113e-01  0.30209e-01  0.30306e-01  0.30402e-01 
       0.10766e-01  0.13549e-01  0.16330e-01  0.18762e-01  0.20725e-01 
       0.22315e-01  0.23616e-01  0.24663e-01  0.25571e-01  0.26323e-01 
       0.26945e-01  0.27462e-01  0.27894e-01  0.28254e-01  0.28552e-01 
       0.28801e-01  0.29004e-01  0.29169e-01  0.29300e-01  0.29402e-01 
       0.29476e-01  0.29532e-01  0.29578e-01  0.29623e-01  0.29669e-01 
       0.29714e-01  0.29760e-01  0.29805e-01  0.29850e-01  0.29896e-01 
       0.12790e-01  0.15427e-01  0.18060e-01  0.20344e-01  0.22161e-01 
       0.23610e-01  0.24777e-01  0.25699e-01  0.26487e-01  0.27127e-01 
       0.27643e-01  0.28062e-01  0.28402e-01  0.28675e-01  0.28892e-01 
       0.29064e-01  0.29195e-01  0.29291e-01  0.29358e-01  0.29400e-01 
       0.29416e-01  0.29419e-01  0.29411e-01  0.29404e-01  0.29397e-01 
       0.29389e-01  0.29382e-01  0.29375e-01  0.29367e-01  0.29360e-01 
       0.14992e-01  0.17456e-01  0.19916e-01  0.22029e-01  0.23680e-01 
       0.24971e-01  0.25990e-01  0.26774e-01  0.27431e-01  0.27949e-01 
       0.28352e-01  0.28666e-01  0.28907e-01  0.29087e-01  0.29217e-01 
       0.29308e-01  0.29364e-01  0.29388e-01  0.29388e-01  0.29366e-01 
       0.29324e-01  0.29270e-01  0.29208e-01  0.29146e-01  0.29084e-01 
       0.29021e-01  0.28959e-01  0.28897e-01  0.28835e-01  0.28773e-01 
       0.17377e-01  0.19639e-01  0.21898e-01  0.23812e-01  0.25273e-01 
       0.26386e-01  0.27239e-01  0.27872e-01  0.28386e-01  0.28771e-01 
       0.29051e-01  0.29251e-01  0.29386e-01  0.29468e-01  0.29507e-01 
       0.29512e-01  0.29487e-01  0.29437e-01  0.29367e-01  0.29279e-01 
       0.29175e-01  0.29062e-01  0.28944e-01  0.28825e-01  0.28706e-01 
       0.28587e-01  0.28469e-01  0.28350e-01  0.28231e-01  0.28112e-01 
       0.19955e-01  0.21978e-01  0.23998e-01  0.25681e-01  0.26925e-01 
       0.27838e-01  0.28506e-01  0.28971e-01  0.29327e-01  0.29567e-01 
       0.29715e-01  0.29792e-01  0.29814e-01  0.29791e-01  0.29732e-01 
       0.29647e-01  0.29538e-01  0.29409e-01  0.29265e-01  0.29109e-01 
       0.28942e-01  0.28769e-01  0.28592e-01  0.28415e-01  0.28237e-01 
       0.28060e-01  0.27883e-01  0.27706e-01  0.27529e-01  0.27352e-01 
       0.22733e-01  0.24472e-01  0.26207e-01  0.27620e-01  0.28615e-01 
       0.29301e-01  0.29763e-01  0.30040e-01  0.30223e-01  0.30305e-01 
       0.30309e-01  0.30254e-01  0.30154e-01  0.30020e-01  0.29859e-01 
       0.29678e-01  0.29480e-01  0.29270e-01  0.29050e-01  0.28823e-01 
       0.28591e-01  0.28355e-01  0.28119e-01  0.27882e-01  0.27645e-01 
       0.27409e-01  0.27172e-01  0.26935e-01  0.26699e-01  0.26462e-01 
       0.25698e-01  0.27103e-01  0.28505e-01  0.29602e-01  0.30311e-01 
       0.30739e-01  0.30969e-01  0.31041e-01  0.31033e-01  0.30942e-01 
       0.30790e-01  0.30593e-01  0.30365e-01  0.30113e-01  0.29843e-01 
       0.29563e-01  0.29273e-01  0.28978e-01  0.28680e-01  0.28380e-01 
       0.28081e-01  0.27783e-01  0.27486e-01  0.27189e-01  0.26893e-01 
       0.26596e-01  0.26299e-01  0.26002e-01  0.25705e-01  0.25408e-01 

       0.28840e-01  0.29850e-01  0.30858e-01  0.31586e-01  0.31966e-01 
       0.32103e-01  0.32073e-01  0.31917e-01  0.31700e-01  0.31423e-01 
       0.31103e-01  0.30755e-01  0.30390e-01  0.30014e-01  0.29632e-01 
       0.29248e-01  0.28864e-01  0.28482e-01  0.28104e-01  0.27732e-01 
       0.27366e-01  0.27006e-01  0.26649e-01  0.26292e-01  0.25936e-01 
       0.25579e-01  0.25222e-01  0.24865e-01  0.24508e-01  0.24152e-01 
       0.32136e-01  0.32678e-01  0.33218e-01  0.33514e-01  0.33516e-01 
       0.33322e-01  0.33003e-01  0.32597e-01  0.32153e-01  0.31673e-01 
       0.31175e-01  0.30669e-01  0.30161e-01  0.29656e-01  0.29158e-01 
       0.28669e-01  0.28189e-01  0.27721e-01  0.27264e-01  0.26820e-01 
       0.26390e-01  0.25968e-01  0.25554e-01  0.25140e-01  0.24725e-01 
       0.24311e-01  0.23896e-01  0.23482e-01  0.23068e-01  0.22653e-01 
       0.35539e-01  0.35525e-01  0.35508e-01  0.35298e-01  0.34867e-01 
       0.34302e-01  0.33663e-01  0.32984e-01  0.32294e-01  0.31600e-01 
       0.30915e-01  0.30243e-01  0.29589e-01  0.28954e-01  0.28340e-01 
       0.27746e-01  0.27173e-01  0.26621e-01  0.26089e-01  0.25576e-01 
       0.25085e-01  0.24608e-01  0.24140e-01  0.23673e-01  0.23205e-01 
       0.22737e-01  0.22270e-01  0.21802e-01  0.21335e-01  0.20867e-01 
       0.38954e-01  0.38284e-01  0.37612e-01  0.36813e-01  0.35888e-01 
       0.34908e-01  0.33918e-01  0.32946e-01  0.31996e-01  0.31079e-01 
       0.30201e-01  0.29363e-01  0.28563e-01  0.27801e-01  0.27076e-01 
       0.26382e-01  0.25722e-01  0.25093e-01  0.24493e-01  0.23920e-01 
       0.23376e-01  0.22851e-01  0.22338e-01  0.21826e-01  0.21313e-01 
       0.20801e-01  0.20288e-01  0.19776e-01  0.19263e-01  0.18751e-01 
       0.42242e-01  0.40796e-01  0.39350e-01  0.37867e-01  0.36384e-01 
       0.34948e-01  0.33581e-01  0.32302e-01  0.31084e-01  0.29942e-01 
       0.28876e-01  0.27878e-01  0.26941e-01  0.26063e-01  0.25238e-01 
       0.24458e-01  0.23724e-01  0.23031e-01  0.22376e-01  0.21757e-01 
       0.21174e-01  0.20614e-01  0.20070e-01  0.19526e-01  0.18983e-01 
       0.18439e-01  0.17895e-01  0.17351e-01  0.16807e-01  0.16263e-01 
       0.45145e-01  0.42788e-01  0.40431e-01  0.38163e-01  0.36060e-01 
       0.34135e-01  0.32378e-01  0.30794e-01  0.29314e-01  0.27962e-01 
       0.26725e-01  0.25588e-01  0.24538e-01  0.23567e-01  0.22666e-01 
       0.21824e-01  0.21040e-01  0.20309e-01  0.19622e-01  0.18979e-01 
       0.18380e-01  0.17807e-01  0.17254e-01  0.16700e-01  0.16146e-01 
       0.15592e-01  0.15039e-01  0.14485e-01  0.13931e-01  0.13377e-01 
       0.47188e-01  0.43772e-01  0.40358e-01  0.37204e-01  0.34441e-01 
       0.32021e-01  0.29890e-01  0.28031e-01  0.26329e-01  0.24809e-01 
       0.23448e-01  0.22220e-01  0.21103e-01  0.20086e-01  0.19155e-01 
       0.18296e-01  0.17505e-01  0.16774e-01  0.16097e-01  0.15467e-01 
       0.14888e-01  0.14337e-01  0.13807e-01  0.13277e-01  0.12747e-01 
       0.12217e-01  0.11686e-01  0.11156e-01  0.10626e-01  0.10096e-01 
       0.47370e-01  0.42760e-01  0.38155e-01  0.34057e-01  0.30653e-01 
       0.27806e-01  0.25393e-01  0.23364e-01  0.21547e-01  0.19968e-01 
       0.18589e-01  0.17370e-01  0.16284e-01  0.15313e-01  0.14438e-01 
       0.13642e-01  0.12920e-01  0.12262e-01  0.11660e-01  0.11107e-01 
       0.10604e-01  0.10130e-01  0.96770e-02  0.92239e-02  0.87707e-02 
       0.83175e-02  0.78644e-02  0.74112e-02  0.69580e-02  0.65048e-02 
       0.43090e-01  0.37208e-01  0.31335e-01  0.26401e-01  0.22635e-01 
       0.19703e-01  0.17361e-01  0.15499e-01  0.13886e-01  0.12540e-01 
       0.11407e-01  0.10438e-01  0.95978e-02  0.88657e-02  0.82220e-02 
       0.76483e-02  0.71386e-02  0.66834e-02  0.62734e-02  0.59037e-02 
       0.55733e-02  0.52654e-02  0.49734e-02  0.46814e-02  0.43894e-02 
       0.40974e-02  0.38053e-02  0.35133e-02  0.32213e-02  0.29293e-02 
       0.61043e-02  0.52308e-02  0.43586e-02  0.36311e-02  0.30821e-02 
       0.26591e-02  0.23245e-02  0.20607e-02  0.18336e-02  0.16454e-02 
       0.14883e-02  0.13545e-02  0.12393e-02  0.11393e-02  0.10519e-02 
       0.97438e-03  0.90578e-03  0.84477e-03  0.79004e-03  0.74089e-03 
       0.69714e-03  0.65648e-03  0.61799e-03  0.57951e-03  0.54102e-03 
       0.50253e-03  0.46404e-03  0.42555e-03  0.38707e-03  0.34858e-03 

      -0.16775e+00  0.34798e-01  0.23757e+00  0.46627e+00  0.73105e+00 
       0.10249e+01  0.13411e+01  0.16759e+01  0.20204e+01  0.23747e+01 
       0.27362e+01  0.31021e+01  0.34705e+01  0.38401e+01  0.42095e+01 
       0.45780e+01  0.49446e+01  0.53089e+01  0.56702e+01  0.60281e+01 
       0.63818e+01  0.67324e+01  0.70808e+01  0.74292e+01  0.77776e+01 
       0.81260e+01  0.84744e+01  0.88227e+01  0.91711e+01  0.95195e+01 
      -0.16373e+00  0.37369e-01  0.23870e+00  0.46513e+00  0.72632e+00 
       0.10154e+01  0.13256e+01  0.16533e+01  0.19900e+01  0.23358e+01 
       0.26880e+01  0.30440e+01  0.34020e+01  0.37607e+01  0.41189e+01 
       0.44758e+01  0.48307e+01  0.51829e+01  0.55319e+01  0.58775e+01 
       0.62185e+01  0.65565e+01  0.68922e+01  0.72279e+01  0.75635e+01 
       0.78992e+01  0.82349e+01  0.85706e+01  0.89063e+01  0.92419e+01 
      -0.15972e+00  0.39944e-01  0.23982e+00  0.46399e+00  0.72161e+00 
       0.10059e+01  0.13102e+01  0.16309e+01  0.19600e+01  0.22973e+01 
       0.26404e+01  0.29867e+01  0.33346e+01  0.36826e+01  0.40299e+01 
       0.43755e+01  0.47189e+01  0.50593e+01  0.53964e+01  0.57299e+01 
       0.60587e+01  0.63844e+01  0.67077e+01  0.70310e+01  0.73544e+01 
       0.76777e+01  0.80010e+01  0.83243e+01  0.86477e+01  0.89710e+01 
      -0.15566e+00  0.42540e-01  0.24095e+00  0.46284e+00  0.71692e+00 
       0.99641e+00  0.12949e+01  0.16087e+01  0.19303e+01  0.22593e+01 
       0.25934e+01  0.29302e+01  0.32681e+01  0.36058e+01  0.39424e+01 
       0.42770e+01  0.46091e+01  0.49381e+01  0.52636e+01  0.55852e+01 
       0.59022e+01  0.62159e+01  0.65273e+01  0.68386e+01  0.71499e+01 
       0.74612e+01  0.77726e+01  0.80839e+01  0.83952e+01  0.87066e+01 
      -0.15157e+00  0.45155e-01  0.24209e+00  0.46170e+00  0.71225e+00 
       0.98702e+00  0.12797e+01  0.15868e+01  0.19009e+01  0.22218e+01 
       0.25471e+01  0.28746e+01  0.32027e+01  0.35303e+01  0.38564e+01 
       0.41803e+01  0.45014e+01  0.48192e+01  0.51334e+01  0.54436e+01 
       0.57490e+01  0.60511e+01  0.63508e+01  0.66505e+01  0.69502e+01 
       0.72499e+01  0.75496e+01  0.78492e+01  0.81489e+01  0.84486e+01 
      -0.14751e+00  0.47759e-01  0.24323e+00  0.46056e+00  0.70759e+00 
       0.97768e+00  0.12647e+01  0.15650e+01  0.18718e+01  0.21848e+01 
       0.25014e+01  0.28198e+01  0.31384e+01  0.34560e+01  0.37718e+01 
       0.40853e+01  0.43957e+01  0.47026e+01  0.50058e+01  0.53049e+01 
       0.55991e+01  0.58899e+01  0.61783e+01  0.64667e+01  0.67550e+01 
       0.70434e+01  0.73318e+01  0.76202e+01  0.79086e+01  0.81969e+01 
      -0.14338e+00  0.50398e-01  0.24437e+00  0.45943e+00  0.70295e+00 
       0.96841e+00  0.12498e+01  0.15435e+01  0.18431e+01  0.21482e+01 
       0.24564e+01  0.27658e+01  0.30750e+01  0.33829e+01  0.36888e+01 
       0.39920e+01  0.42920e+01  0.45883e+01  0.48808e+01  0.51691e+01 
       0.54523e+01  0.57322e+01  0.60096e+01  0.62870e+01  0.65644e+01 
       0.68419e+01  0.71193e+01  0.73967e+01  0.76741e+01  0.79515e+01 
      -0.13924e+00  0.53042e-01  0.24551e+00  0.45829e+00  0.69833e+00 
       0.95919e+00  0.12350e+01  0.15222e+01  0.18147e+01  0.21120e+01 
       0.24119e+01  0.27126e+01  0.30126e+01  0.33111e+01  0.36071e+01 
       0.39004e+01  0.41902e+01  0.44763e+01  0.47583e+01  0.50361e+01 
       0.53087e+01  0.55780e+01  0.58447e+01  0.61115e+01  0.63782e+01 
       0.66449e+01  0.69117e+01  0.71784e+01  0.74452e+01  0.77119e+01 
      -0.13507e+00  0.55705e-01  0.24666e+00  0.45716e+00  0.69373e+00 
       0.95003e+00  0.12203e+01  0.15011e+01  0.17866e+01  0.20763e+01 
       0.23681e+01  0.26601e+01  0.29512e+01  0.32404e+01  0.35269e+01 
       0.38105e+01  0.40904e+01  0.43664e+01  0.46383e+01  0.49058e+01 
       0.51682e+01  0.54271e+01  0.56835e+01  0.59400e+01  0.61964e+01 
       0.64528e+01  0.67092e+01  0.69656e+01  0.72220e+01  0.74784e+01 
      -0.13089e+00  0.58374e-01  0.24781e+00  0.45602e+00  0.68915e+00 
       0.94093e+00  0.12058e+01  0.14802e+01  0.17588e+01  0.20411e+01 
       0.23248e+01  0.26085e+01  0.28908e+01  0.31709e+01  0.34481e+01 
       0.37222e+01  0.39925e+01  0.42587e+01  0.45207e+01  0.47783e+01 
       0.50307e+01  0.52796e+01  0.55260e+01  0.57723e+01  0.60187e+01 
       0.62651e+01  0.65115e+01  0.67578e+01  0.70042e+01  0.72506e+01 

      -0.12667e+00  0.61063e-01  0.24896e+00  0.45489e+00  0.68459e+00 
       0.93188e+00  0.11913e+01  0.14595e+01  0.17314e+01  0.20063e+01 
       0.22822e+01  0.25576e+01  0.28313e+01  0.31026e+01  0.33707e+01 
       0.36355e+01  0.38964e+01  0.41531e+01  0.44055e+01  0.46535e+01 
       0.48961e+01  0.51353e+01  0.53720e+01  0.56087e+01  0.58453e+01 
       0.60820e+01  0.63187e+01  0.65553e+01  0.67920e+01  0.70286e+01 
      -0.12242e+00  0.63771e-01  0.25012e+00  0.45376e+00  0.68004e+00 
       0.92289e+00  0.11770e+01  0.14390e+01  0.17042e+01  0.19719e+01 
       0.22401e+01  0.25074e+01  0.27728e+01  0.30354e+01  0.32947e+01 
       0.35504e+01  0.38022e+01  0.40496e+01  0.42927e+01  0.45312e+01 
       0.47645e+01  0.49943e+01  0.52215e+01  0.54487e+01  0.56760e+01 
       0.59032e+01  0.61304e+01  0.63577e+01  0.65849e+01  0.68121e+01 
      -0.11816e+00  0.66485e-01  0.25128e+00  0.45263e+00  0.67551e+00 
       0.91396e+00  0.11628e+01  0.14187e+01  0.16774e+01  0.19380e+01 
       0.21987e+01  0.24580e+01  0.27152e+01  0.29693e+01  0.32200e+01 
       0.34669e+01  0.37098e+01  0.39482e+01  0.41822e+01  0.44116e+01 
       0.46357e+01  0.48564e+01  0.50745e+01  0.52925e+01  0.55106e+01 
       0.57287e+01  0.59468e+01  0.61649e+01  0.63830e+01  0.66010e+01 
      -0.11386e+00  0.69219e-01  0.25244e+00  0.45150e+00  0.67099e+00 
       0.90508e+00  0.11487e+01  0.13986e+01  0.16509e+01  0.19045e+01 
       0.21578e+01  0.24094e+01  0.26585e+01  0.29044e+01  0.31466e+01 
       0.33850e+01  0.36191e+01  0.38488e+01  0.40740e+01  0.42945e+01 
       0.45098e+01  0.47215e+01  0.49308e+01  0.51400e+01  0.53492e+01 
       0.55584e+01  0.57676e+01  0.59769e+01  0.61861e+01  0.63953e+01 
      -0.10952e+00  0.71974e-01  0.25361e+00  0.45038e+00  0.66650e+00 
       0.89625e+00  0.11347e+01  0.13788e+01  0.16246e+01  0.18714e+01 
       0.21174e+01  0.23615e+01  0.26027e+01  0.28405e+01  0.30745e+01 
       0.33045e+01  0.35302e+01  0.37513e+01  0.39680e+01  0.41800e+01 
       0.43866e+01  0.45898e+01  0.47904e+01  0.49910e+01  0.51917e+01 
       0.53923e+01  0.55929e+01  0.57935e+01  0.59942e+01  0.61948e+01 
      -0.10515e+00  0.74750e-01  0.25478e+00  0.44925e+00  0.66202e+00 
       0.88748e+00  0.11209e+01  0.13591e+01  0.15987e+01  0.18388e+01 
       0.20776e+01  0.23142e+01  0.25478e+01  0.27777e+01  0.30037e+01 
       0.32256e+01  0.34430e+01  0.36559e+01  0.38642e+01  0.40678e+01 
       0.42661e+01  0.44610e+01  0.46533e+01  0.48456e+01  0.50379e+01 
       0.52302e+01  0.54225e+01  0.56148e+01  0.58071e+01  0.59994e+01 
      -0.10077e+00  0.77530e-01  0.25596e+00  0.44813e+00  0.65756e+00 
       0.87876e+00  0.11071e+01  0.13396e+01  0.15731e+01  0.18065e+01 
       0.20384e+01  0.22678e+01  0.24938e+01  0.27160e+01  0.29342e+01 
       0.31481e+01  0.33576e+01  0.35624e+01  0.37626e+01  0.39581e+01 
       0.41483e+01  0.43351e+01  0.45193e+01  0.47036e+01  0.48878e+01 
       0.50720e+01  0.52563e+01  0.54405e+01  0.56248e+01  0.58090e+01 
      -0.96353e-01  0.80331e-01  0.25714e+00  0.44700e+00  0.65311e+00 
       0.87010e+00  0.10935e+01  0.13203e+01  0.15477e+01  0.17747e+01 
       0.19998e+01  0.22220e+01  0.24407e+01  0.26554e+01  0.28659e+01 
       0.30721e+01  0.32738e+01  0.34707e+01  0.36631e+01  0.38507e+01 
       0.40331e+01  0.42120e+01  0.43885e+01  0.45649e+01  0.47413e+01 
       0.49178e+01  0.50942e+01  0.52707e+01  0.54471e+01  0.56235e+01 
      -0.91930e-01  0.83137e-01  0.25832e+00  0.44588e+00  0.64868e+00 
       0.86149e+00  0.10800e+01  0.13012e+01  0.15227e+01  0.17433e+01 
       0.19616e+01  0.21769e+01  0.23884e+01  0.25958e+01  0.27988e+01 
       0.29976e+01  0.31916e+01  0.33809e+01  0.35657e+01  0.37457e+01 
       0.39205e+01  0.40918e+01  0.42607e+01  0.44296e+01  0.45985e+01 
       0.47674e+01  0.49362e+01  0.51051e+01  0.52740e+01  0.54429e+01 
      -0.87437e-01  0.85979e-01  0.25951e+00  0.44476e+00  0.64427e+00 
       0.85293e+00  0.10666e+01  0.12823e+01  0.14979e+01  0.17123e+01 
       0.19241e+01  0.21325e+01  0.23370e+01  0.25372e+01  0.27330e+01 
       0.29244e+01  0.31111e+01  0.32930e+01  0.34703e+01  0.36430e+01 
       0.38104e+01  0.39744e+01  0.41360e+01  0.42975e+01  0.44591e+01 
       0.46206e+01  0.47822e+01  0.49437e+01  0.51053e+01  0.52669e+01 

      -0.82970e-01  0.88812e-01  0.26070e+00  0.44364e+00  0.63987e+00 
       0.84442e+00  0.10533e+01  0.12636e+01  0.14735e+01  0.16817e+01 
       0.18870e+01  0.20887e+01  0.22864e+01  0.24797e+01  0.26684e+01 
       0.28526e+01  0.30321e+01  0.32069e+01  0.33770e+01  0.35425e+01 
       0.37027e+01  0.38596e+01  0.40141e+01  0.41686e+01  0.43231e+01 
       0.44776e+01  0.46320e+01  0.47865e+01  0.49410e+01  0.50955e+01 
      -0.78434e-01  0.91680e-01  0.26189e+00  0.44252e+00  0.63549e+00 
       0.83597e+00  0.10401e+01  0.12450e+01  0.14493e+01  0.16515e+01 
       0.18505e+01  0.20457e+01  0.22367e+01  0.24231e+01  0.26049e+01 
       0.27822e+01  0.29547e+01  0.31225e+01  0.32857e+01  0.34442e+01 
       0.35975e+01  0.37476e+01  0.38952e+01  0.40428e+01  0.41905e+01 
       0.43381e+01  0.44858e+01  0.46334e+01  0.47810e+01  0.49287e+01 
      -0.73857e-01  0.94570e-01  0.26309e+00  0.44140e+00  0.63113e+00 
       0.82757e+00  0.10270e+01  0.12267e+01  0.14254e+01  0.16216e+01 
       0.18144e+01  0.20032e+01  0.21877e+01  0.23675e+01  0.25426e+01 
       0.27131e+01  0.28789e+01  0.30399e+01  0.31963e+01  0.33480e+01 
       0.34947e+01  0.36381e+01  0.37791e+01  0.39201e+01  0.40611e+01 
       0.42021e+01  0.43432e+01  0.44842e+01  0.46252e+01  0.47662e+01 
      -0.69308e-01  0.97450e-01  0.26430e+00  0.44028e+00  0.62678e+00 
       0.81922e+00  0.10140e+01  0.12086e+01  0.14017e+01  0.15922e+01 
       0.17790e+01  0.19615e+01  0.21396e+01  0.23129e+01  0.24814e+01 
       0.26454e+01  0.28046e+01  0.29589e+01  0.31088e+01  0.32540e+01 
       0.33942e+01  0.35312e+01  0.36658e+01  0.38004e+01  0.39350e+01 
       0.40696e+01  0.42042e+01  0.43388e+01  0.44734e+01  0.46080e+01 
      -0.64690e-01  0.10037e+00  0.26550e+00  0.43917e+00  0.62245e+00 
       0.81092e+00  0.10012e+01  0.11906e+01  0.13784e+01  0.15632e+01 
       0.17440e+01  0.19204e+01  0.20922e+01  0.22592e+01  0.24214e+01 
       0.25790e+01  0.27317e+01  0.28797e+01  0.30232e+01  0.31621e+01 
       0.32960e+01  0.34267e+01  0.35551e+01  0.36835e+01  0.38119e+01 
       0.39403e+01  0.40688e+01  0.41972e+01  0.43256e+01  0.44540e+01 
      -0.60030e-01  0.10330e+00  0.26671e+00  0.43805e+00  0.61814e+00 
       0.80267e+00  0.98840e+00  0.11728e+01  0.13553e+01  0.15345e+01 
       0.17095e+01  0.18799e+01  0.20457e+01  0.22065e+01  0.23625e+01 
       0.25138e+01  0.26604e+01  0.28022e+01  0.29394e+01  0.30722e+01 
       0.32001e+01  0.33248e+01  0.34472e+01  0.35696e+01  0.36920e+01 
       0.38145e+01  0.39369e+01  0.40593e+01  0.41817e+01  0.43042e+01 
      -0.55331e-01  0.10626e+00  0.26793e+00  0.43694e+00  0.61383e+00 
       0.79447e+00  0.97573e+00  0.11552e+01  0.13325e+01  0.15062e+01 
       0.16755e+01  0.18401e+01  0.19999e+01  0.21547e+01  0.23046e+01 
       0.24499e+01  0.25904e+01  0.27262e+01  0.28575e+01  0.29844e+01 
       0.31063e+01  0.32252e+01  0.33418e+01  0.34585e+01  0.35751e+01 
       0.36917e+01  0.38084e+01  0.39250e+01  0.40416e+01  0.41583e+01 
      -0.50659e-01  0.10921e+00  0.26915e+00  0.43582e+00  0.60955e+00 
       0.78632e+00  0.96318e+00  0.11378e+01  0.13099e+01  0.14782e+01 
       0.16419e+01  0.18009e+01  0.19549e+01  0.21038e+01  0.22479e+01 
       0.23873e+01  0.25219e+01  0.26519e+01  0.27774e+01  0.28985e+01 
       0.30148e+01  0.31280e+01  0.32391e+01  0.33501e+01  0.34612e+01 
       0.35723e+01  0.36833e+01  0.37944e+01  0.39054e+01  0.40165e+01 
      -0.45918e-01  0.11220e+00  0.27038e+00  0.43471e+00  0.60528e+00 
       0.77822e+00  0.95072e+00  0.11205e+01  0.12876e+01  0.14507e+01 
       0.16089e+01  0.17622e+01  0.19106e+01  0.20539e+01  0.21922e+01 
       0.23259e+01  0.24548e+01  0.25791e+01  0.26990e+01  0.28145e+01 
       0.29253e+01  0.30332e+01  0.31388e+01  0.32445e+01  0.33501e+01 
       0.34558e+01  0.35615e+01  0.36671e+01  0.37728e+01  0.38784e+01 
      -0.41104e-01  0.11522e+00  0.27161e+00  0.43360e+00  0.60102e+00 
       0.77017e+00  0.93837e+00  0.11034e+01  0.12656e+01  0.14235e+01 
       0.15764e+01  0.17242e+01  0.18671e+01  0.20048e+01  0.21375e+01 
       0.22657e+01  0.23891e+01  0.25078e+01  0.26223e+01  0.27325e+01 
       0.28380e+01  0.29406e+01  0.30410e+01  0.31415e+01  0.32419e+01 
       0.33424e+01  0.34429e+01  0.35433e+01  0.36438e+01  0.37442e+01 

      -0.36312e-01  0.11824e+00  0.27284e+00  0.43248e+00  0.59678e+00 
       0.76216e+00  0.92612e+00  0.10865e+01  0.12438e+01  0.13966e+01 
       0.15443e+01  0.16868e+01  0.18243e+01  0.19566e+01  0.20839e+01 
       0.22067e+01  0.23247e+01  0.24381e+01  0.25473e+01  0.26523e+01 
       0.27527e+01  0.28502e+01  0.29456e+01  0.30410e+01  0.31365e+01 
       0.32319e+01  0.33273e+01  0.34228e+01  0.35182e+01  0.36136e+01 
      -0.31486e-01  0.12127e+00  0.27408e+00  0.43137e+00  0.59255e+00 
       0.75421e+00  0.91397e+00  0.10698e+01  0.12223e+01  0.13701e+01 
       0.15127e+01  0.16500e+01  0.17822e+01  0.19092e+01  0.20313e+01 
       0.21488e+01  0.22616e+01  0.23699e+01  0.24740e+01  0.25739e+01 
       0.26694e+01  0.27620e+01  0.28526e+01  0.29432e+01  0.30338e+01 
       0.31243e+01  0.32149e+01  0.33055e+01  0.33961e+01  0.34867e+01 
      -0.26587e-01  0.12435e+00  0.27532e+00  0.43026e+00  0.58834e+00 
       0.74630e+00  0.90192e+00  0.10532e+01  0.12011e+01  0.13440e+01 
       0.14815e+01  0.16138e+01  0.17408e+01  0.18627e+01  0.19797e+01 
       0.20921e+01  0.21999e+01  0.23032e+01  0.24023e+01  0.24974e+01 
       0.25881e+01  0.26760e+01  0.27619e+01  0.28478e+01  0.29337e+01 
       0.30196e+01  0.31055e+01  0.31914e+01  0.32773e+01  0.33632e+01 
      -0.21680e-01  0.12743e+00  0.27657e+00  0.42915e+00  0.58414e+00 
       0.73844e+00  0.88996e+00  0.10368e+01  0.11801e+01  0.13182e+01 
       0.14508e+01  0.15781e+01  0.17002e+01  0.18171e+01  0.19290e+01 
       0.20365e+01  0.21394e+01  0.22378e+01  0.23322e+01  0.24226e+01 
       0.25087e+01  0.25920e+01  0.26734e+01  0.27548e+01  0.28362e+01 
       0.29177e+01  0.29991e+01  0.30805e+01  0.31619e+01  0.32433e+01 
      -0.16734e-01  0.13053e+00  0.27782e+00  0.42804e+00  0.57995e+00 
       0.73062e+00  0.87810e+00  0.10206e+01  0.11593e+01  0.12927e+01 
       0.14206e+01  0.15430e+01  0.16602e+01  0.17722e+01  0.18794e+01 
       0.19820e+01  0.20802e+01  0.21739e+01  0.22637e+01  0.23496e+01 
       0.24312e+01  0.25101e+01  0.25872e+01  0.26643e+01  0.27413e+01 
       0.28184e+01  0.28955e+01  0.29726e+01  0.30496e+01  0.31267e+01 
      -0.11778e-01  0.13364e+00  0.27908e+00  0.42692e+00  0.57578e+00 
       0.72285e+00  0.86634e+00  0.10045e+01  0.11388e+01  0.12676e+01 
       0.13908e+01  0.15085e+01  0.16209e+01  0.17282e+01  0.18306e+01 
       0.19287e+01  0.20222e+01  0.21114e+01  0.21967e+01  0.22782e+01 
       0.23555e+01  0.24302e+01  0.25031e+01  0.25760e+01  0.26489e+01 
       0.27218e+01  0.27947e+01  0.28675e+01  0.29404e+01  0.30133e+01 
      -0.67525e-02  0.13679e+00  0.28035e+00  0.42581e+00  0.57162e+00 
       0.71512e+00  0.85467e+00  0.98862e+00  0.11185e+01  0.12428e+01 
       0.13614e+01  0.14745e+01  0.15823e+01  0.16850e+01  0.17828e+01 
       0.18763e+01  0.19654e+01  0.20503e+01  0.21313e+01  0.22085e+01 
       0.22817e+01  0.23523e+01  0.24212e+01  0.24901e+01  0.25589e+01 
       0.26278e+01  0.26967e+01  0.27655e+01  0.28344e+01  0.29033e+01 
      -0.16832e-02  0.13996e+00  0.28162e+00  0.42470e+00  0.56747e+00 
       0.70744e+00  0.84309e+00  0.97287e+00  0.10984e+01  0.12184e+01 
       0.13324e+01  0.14410e+01  0.15443e+01  0.16426e+01  0.17360e+01 
       0.18251e+01  0.19099e+01  0.19905e+01  0.20673e+01  0.21404e+01 
       0.22096e+01  0.22764e+01  0.23414e+01  0.24063e+01  0.24713e+01 
       0.25363e+01  0.26013e+01  0.26663e+01  0.27313e+01  0.27962e+01 
       0.34252e-02  0.14315e+00  0.28290e+00  0.42359e+00  0.56333e+00 
       0.69980e+00  0.83161e+00  0.95729e+00  0.10786e+01  0.11942e+01 
       0.13039e+01  0.14081e+01  0.15070e+01  0.16009e+01  0.16900e+01 
       0.17749e+01  0.18555e+01  0.19320e+01  0.20048e+01  0.20740e+01 
       0.21393e+01  0.22023e+01  0.22636e+01  0.23248e+01  0.23861e+01 
       0.24473e+01  0.25086e+01  0.25699e+01  0.26311e+01  0.26924e+01 
       0.85449e-02  0.14636e+00  0.28418e+00  0.42247e+00  0.55921e+00 
       0.69220e+00  0.82021e+00  0.94186e+00  0.10591e+01  0.11704e+01 
       0.12758e+01  0.13757e+01  0.14704e+01  0.15600e+01  0.16449e+01 
       0.17257e+01  0.18022e+01  0.18748e+01  0.19437e+01  0.20091e+01 
       0.20707e+01  0.21301e+01  0.21878e+01  0.22454e+01  0.23031e+01 
       0.23608e+01  0.24185e+01  0.24761e+01  0.25338e+01  0.25915e+01 

       0.13766e-01  0.14961e+00  0.28547e+00  0.42136e+00  0.55509e+00 
       0.68464e+00  0.80891e+00  0.92658e+00  0.10397e+01  0.11469e+01 
       0.12482e+01  0.13438e+01  0.14344e+01  0.15199e+01  0.16008e+01 
       0.16775e+01  0.17501e+01  0.18188e+01  0.18840e+01  0.19457e+01 
       0.20038e+01  0.20597e+01  0.21139e+01  0.21682e+01  0.22224e+01 
       0.22766e+01  0.23309e+01  0.23851e+01  0.24393e+01  0.24936e+01 
       0.18971e-01  0.15287e+00  0.28677e+00  0.42024e+00  0.55099e+00 
       0.67713e+00  0.79769e+00  0.91146e+00  0.10206e+01  0.11237e+01 
       0.12209e+01  0.13125e+01  0.13989e+01  0.14805e+01  0.15574e+01 
       0.16303e+01  0.16991e+01  0.17642e+01  0.18257e+01  0.18839e+01 
       0.19386e+01  0.19911e+01  0.20420e+01  0.20929e+01  0.21438e+01 
       0.21948e+01  0.22457e+01  0.22966e+01  0.23475e+01  0.23984e+01 
       0.24242e-01  0.15616e+00  0.28807e+00  0.41913e+00  0.54690e+00 
       0.66966e+00  0.78656e+00  0.89649e+00  0.10017e+01  0.11009e+01 
       0.11940e+01  0.12817e+01  0.13642e+01  0.14418e+01  0.15149e+01 
       0.15841e+01  0.16493e+01  0.17107e+01  0.17688e+01  0.18236e+01 
       0.18749e+01  0.19242e+01  0.19719e+01  0.20197e+01  0.20674e+01 
       0.21152e+01  0.21629e+01  0.22107e+01  0.22584e+01  0.23061e+01 
       0.29560e-01  0.15947e+00  0.28938e+00  0.41801e+00  0.54282e+00 
       0.66222e+00  0.77552e+00  0.88167e+00  0.98304e+00  0.10783e+01 
       0.11675e+01  0.12513e+01  0.13300e+01  0.14039e+01  0.14733e+01 
       0.15388e+01  0.16005e+01  0.16584e+01  0.17131e+01  0.17647e+01 
       0.18129e+01  0.18590e+01  0.19037e+01  0.19484e+01  0.19931e+01 
       0.20378e+01  0.20825e+01  0.21271e+01  0.21718e+01  0.22165e+01 
       0.34918e-01  0.16281e+00  0.29069e+00  0.41689e+00  0.53875e+00 
       0.65483e+00  0.76457e+00  0.86699e+00  0.96459e+00  0.10560e+01 
       0.11415e+01  0.12214e+01  0.12964e+01  0.13666e+01  0.14325e+01 
       0.14945e+01  0.15527e+01  0.16074e+01  0.16588e+01  0.17072e+01 
       0.17524e+01  0.17955e+01  0.18373e+01  0.18790e+01  0.19208e+01 
       0.19625e+01  0.20043e+01  0.20461e+01  0.20878e+01  0.21296e+01 
       0.40319e-01  0.16617e+00  0.29202e+00  0.41577e+00  0.53468e+00 
       0.64747e+00  0.75370e+00  0.85247e+00  0.94635e+00  0.10341e+01 
       0.11158e+01  0.11921e+01  0.12634e+01  0.13301e+01  0.13924e+01 
       0.14511e+01  0.15060e+01  0.15574e+01  0.16058e+01  0.16511e+01 
       0.16933e+01  0.17337e+01  0.17726e+01  0.18116e+01  0.18505e+01 
       0.18895e+01  0.19284e+01  0.19673e+01  0.20063e+01  0.20452e+01 
       0.45795e-01  0.16958e+00  0.29335e+00  0.41465e+00  0.53063e+00 
       0.64015e+00  0.74291e+00  0.83808e+00  0.92834e+00  0.10124e+01 
       0.10905e+01  0.11632e+01  0.12310e+01  0.12942e+01  0.13532e+01 
       0.14086e+01  0.14603e+01  0.15086e+01  0.15540e+01  0.15964e+01 
       0.16358e+01  0.16734e+01  0.17097e+01  0.17459e+01  0.17822e+01 
       0.18184e+01  0.18547e+01  0.18909e+01  0.19272e+01  0.19634e+01 
       0.51315e-01  0.17301e+00  0.29468e+00  0.41353e+00  0.52659e+00 
       0.63288e+00  0.73220e+00  0.82384e+00  0.91053e+00  0.99102e+00 
       0.10655e+01  0.11348e+01  0.11992e+01  0.12590e+01  0.13148e+01 
       0.13670e+01  0.14156e+01  0.14610e+01  0.15034e+01  0.15430e+01 
       0.15798e+01  0.16147e+01  0.16484e+01  0.16821e+01  0.17157e+01 
       0.17494e+01  0.17831e+01  0.18168e+01  0.18504e+01  0.18841e+01 
       0.56877e-01  0.17646e+00  0.29603e+00  0.41241e+00  0.52255e+00 
       0.62563e+00  0.72158e+00  0.80974e+00  0.89293e+00  0.96992e+00 
       0.10410e+01  0.11068e+01  0.11679e+01  0.12245e+01  0.12771e+01 
       0.13262e+01  0.13719e+01  0.14144e+01  0.14540e+01  0.14910e+01 
       0.15251e+01  0.15576e+01  0.15888e+01  0.16200e+01  0.16512e+01 
       0.16824e+01  0.17136e+01  0.17448e+01  0.17761e+01  0.18073e+01 
       0.62485e-01  0.17995e+00  0.29738e+00  0.41128e+00  0.51852e+00 
       0.61842e+00  0.71103e+00  0.79578e+00  0.87553e+00  0.94911e+00 
       0.10168e+01  0.10793e+01  0.11372e+01  0.11906e+01  0.12402e+01 
       0.12863e+01  0.13291e+01  0.13689e+01  0.14058e+01  0.14402e+01 
       0.14719e+01  0.15019e+01  0.15308e+01  0.15596e+01  0.15885e+01 
       0.16173e+01  0.16462e+01  0.16750e+01  0.17039e+01  0.17327e+01 

       0.68166e-01  0.18347e+00  0.29874e+00  0.41016e+00  0.51450e+00 
       0.61125e+00  0.70057e+00  0.78195e+00  0.85834e+00  0.92857e+00 
       0.99298e+00  0.10523e+01  0.11070e+01  0.11574e+01  0.12040e+01 
       0.12473e+01  0.12873e+01  0.13244e+01  0.13588e+01  0.13907e+01 
       0.14200e+01  0.14477e+01  0.14743e+01  0.15009e+01  0.15275e+01 
       0.15541e+01  0.15807e+01  0.16073e+01  0.16339e+01  0.16605e+01 
       0.73893e-01  0.18702e+00  0.30011e+00  0.40903e+00  0.51049e+00 
       0.60412e+00  0.69018e+00  0.76827e+00  0.84135e+00  0.90832e+00 
       0.96951e+00  0.10257e+01  0.10773e+01  0.11248e+01  0.11686e+01 
       0.12091e+01  0.12465e+01  0.12810e+01  0.13129e+01  0.13425e+01 
       0.13695e+01  0.13950e+01  0.14194e+01  0.14439e+01  0.14683e+01 
       0.14928e+01  0.15172e+01  0.15416e+01  0.15661e+01  0.15905e+01 
       0.79665e-01  0.19060e+00  0.30149e+00  0.40789e+00  0.50648e+00 
       0.59701e+00  0.67987e+00  0.75471e+00  0.82456e+00  0.88833e+00 
       0.94640e+00  0.99952e+00  0.10482e+01  0.10928e+01  0.11338e+01 
       0.11717e+01  0.12065e+01  0.12386e+01  0.12681e+01  0.12954e+01 
       0.13202e+01  0.13436e+01  0.13660e+01  0.13884e+01  0.14108e+01 
       0.14331e+01  0.14555e+01  0.14779e+01  0.15003e+01  0.15226e+01 
       0.85511e-01  0.19421e+00  0.30288e+00  0.40676e+00  0.50248e+00 
       0.58994e+00  0.66963e+00  0.74128e+00  0.80796e+00  0.86860e+00 
       0.92363e+00  0.97378e+00  0.10196e+01  0.10615e+01  0.10998e+01 
       0.11351e+01  0.11675e+01  0.11971e+01  0.12244e+01  0.12495e+01 
       0.12723e+01  0.12937e+01  0.13141e+01  0.13345e+01  0.13549e+01 
       0.13753e+01  0.13958e+01  0.14162e+01  0.14366e+01  0.14570e+01 
       0.91374e-01  0.19785e+00  0.30428e+00  0.40562e+00  0.49848e+00 
       0.58290e+00  0.65947e+00  0.72798e+00  0.79155e+00  0.84914e+00 
       0.90120e+00  0.94848e+00  0.99153e+00  0.10307e+01  0.10665e+01 
       0.10993e+01  0.11293e+01  0.11567e+01  0.11818e+01  0.12048e+01 
       0.12256e+01  0.12451e+01  0.12636e+01  0.12821e+01  0.13007e+01 
       0.13192e+01  0.13377e+01  0.13563e+01  0.13748e+01  0.13933e+01 
       0.97372e-01  0.20155e+00  0.30568e+00  0.40448e+00  0.49449e+00 
       0.57589e+00  0.64938e+00  0.71481e+00  0.77534e+00  0.82994e+00 
       0.87910e+00  0.92359e+00  0.96394e+00  0.10006e+01  0.10338e+01 
       0.10643e+01  0.10920e+01  0.11172e+01  0.11402e+01  0.11612e+01 
       0.11801e+01  0.11977e+01  0.12145e+01  0.12312e+01  0.12480e+01 
       0.12647e+01  0.12815e+01  0.12982e+01  0.13150e+01  0.13317e+01 
       0.10336e+00  0.20525e+00  0.30709e+00  0.40333e+00  0.49051e+00 
       0.56892e+00  0.63936e+00  0.70177e+00  0.75930e+00  0.81100e+00 
       0.85734e+00  0.89911e+00  0.93685e+00  0.97096e+00  0.10018e+01 
       0.10300e+01  0.10555e+01  0.10786e+01  0.10996e+01  0.11187e+01 
       0.11358e+01  0.11517e+01  0.11668e+01  0.11818e+01  0.11969e+01 
       0.12119e+01  0.12270e+01  0.12420e+01  0.12571e+01  0.12721e+01 
       0.10945e+00  0.20901e+00  0.30852e+00  0.40219e+00  0.48652e+00 
       0.56197e+00  0.62941e+00  0.68884e+00  0.74346e+00  0.79231e+00 
       0.83590e+00  0.87503e+00  0.91025e+00  0.94193e+00  0.97050e+00 
       0.99644e+00  0.10198e+01  0.10410e+01  0.10601e+01  0.10773e+01 
       0.10927e+01  0.11069e+01  0.11204e+01  0.11338e+01  0.11472e+01 
       0.11607e+01  0.11741e+01  0.11875e+01  0.12009e+01  0.12144e+01 
       0.11560e+00  0.21280e+00  0.30995e+00  0.40103e+00  0.48254e+00 
       0.55505e+00  0.61952e+00  0.67604e+00  0.72779e+00  0.77386e+00 
       0.81478e+00  0.85135e+00  0.88412e+00  0.91347e+00  0.93981e+00 
       0.96362e+00  0.98500e+00  0.10042e+01  0.10215e+01  0.10370e+01 
       0.10507e+01  0.10634e+01  0.10753e+01  0.10872e+01  0.10991e+01 
       0.11109e+01  0.11228e+01  0.11347e+01  0.11466e+01  0.11585e+01 
       0.12181e+00  0.21663e+00  0.31140e+00  0.39988e+00  0.47857e+00 
       0.54816e+00  0.60971e+00  0.66336e+00  0.71229e+00  0.75565e+00 
       0.79398e+00  0.82806e+00  0.85846e+00  0.88555e+00  0.90975e+00 
       0.93152e+00  0.95095e+00  0.96830e+00  0.98384e+00  0.99770e+00 
       0.10099e+01  0.10210e+01  0.10315e+01  0.10419e+01  0.10523e+01 
       0.10628e+01  0.10732e+01  0.10837e+01  0.10941e+01  0.11046e+01 

       0.12808e+00  0.22050e+00  0.31285e+00  0.39872e+00  0.47459e+00 
       0.54129e+00  0.59995e+00  0.65079e+00  0.69698e+00  0.73769e+00 
       0.77348e+00  0.80516e+00  0.83326e+00  0.85817e+00  0.88030e+00 
       0.90011e+00  0.91768e+00  0.93327e+00  0.94714e+00  0.95942e+00 
       0.97010e+00  0.97983e+00  0.98889e+00  0.99795e+00  0.10070e+01 
       0.10161e+01  0.10251e+01  0.10342e+01  0.10432e+01  0.10523e+01 
       0.13446e+00  0.22442e+00  0.31432e+00  0.39755e+00  0.47062e+00 
       0.53445e+00  0.59027e+00  0.63833e+00  0.68183e+00  0.71996e+00 
       0.75329e+00  0.78263e+00  0.80851e+00  0.83132e+00  0.85146e+00 
       0.86938e+00  0.88517e+00  0.89908e+00  0.91135e+00  0.92213e+00 
       0.93140e+00  0.93978e+00  0.94753e+00  0.95528e+00  0.96302e+00 
       0.97077e+00  0.97852e+00  0.98627e+00  0.99402e+00  0.10018e+01 
       0.14089e+00  0.22837e+00  0.31579e+00  0.39638e+00  0.46665e+00 
       0.52763e+00  0.58064e+00  0.62599e+00  0.66685e+00  0.70246e+00 
       0.73340e+00  0.76046e+00  0.78420e+00  0.80498e+00  0.82321e+00 
       0.83932e+00  0.85341e+00  0.86570e+00  0.87646e+00  0.88581e+00 
       0.89374e+00  0.90083e+00  0.90734e+00  0.91385e+00  0.92036e+00 
       0.92687e+00  0.93338e+00  0.93989e+00  0.94640e+00  0.95291e+00 
       0.14740e+00  0.23237e+00  0.31728e+00  0.39520e+00  0.46267e+00 
       0.52084e+00  0.57107e+00  0.61376e+00  0.65203e+00  0.68518e+00 
       0.71380e+00  0.73866e+00  0.76032e+00  0.77916e+00  0.79555e+00 
       0.80992e+00  0.82237e+00  0.83313e+00  0.84244e+00  0.85043e+00 
       0.85709e+00  0.86297e+00  0.86831e+00  0.87365e+00  0.87899e+00 
       0.88433e+00  0.88967e+00  0.89501e+00  0.90035e+00  0.90569e+00 
       0.15399e+00  0.23641e+00  0.31878e+00  0.39402e+00  0.45870e+00 
       0.51406e+00  0.56156e+00  0.60163e+00  0.63738e+00  0.66813e+00 
       0.69448e+00  0.71721e+00  0.73687e+00  0.75382e+00  0.76844e+00 
       0.78115e+00  0.79204e+00  0.80133e+00  0.80927e+00  0.81596e+00 
       0.82143e+00  0.82617e+00  0.83040e+00  0.83463e+00  0.83887e+00 
       0.84310e+00  0.84733e+00  0.85157e+00  0.85580e+00  0.86003e+00 
       0.16063e+00  0.24049e+00  0.32029e+00  0.39283e+00  0.45472e+00 
       0.50731e+00  0.55211e+00  0.58960e+00  0.62288e+00  0.65129e+00 
       0.67544e+00  0.69612e+00  0.71384e+00  0.72897e+00  0.74190e+00 
       0.75301e+00  0.76241e+00  0.77031e+00  0.77693e+00  0.78240e+00 
       0.78673e+00  0.79039e+00  0.79358e+00  0.79677e+00  0.79996e+00 
       0.80315e+00  0.80635e+00  0.80954e+00  0.81273e+00  0.81592e+00 
       0.16738e+00  0.24463e+00  0.32181e+00  0.39164e+00  0.45074e+00 
       0.50057e+00  0.54271e+00  0.57767e+00  0.60853e+00  0.63466e+00 
       0.65668e+00  0.67535e+00  0.69120e+00  0.70459e+00  0.71589e+00 
       0.72547e+00  0.73345e+00  0.74002e+00  0.74540e+00  0.74971e+00 
       0.75297e+00  0.75561e+00  0.75782e+00  0.76003e+00  0.76224e+00 
       0.76445e+00  0.76666e+00  0.76887e+00  0.77108e+00  0.77329e+00 
       0.17421e+00  0.24881e+00  0.32335e+00  0.39043e+00  0.44675e+00 
       0.49385e+00  0.53336e+00  0.56584e+00  0.59433e+00  0.61823e+00 
       0.63818e+00  0.65492e+00  0.66897e+00  0.68068e+00  0.69041e+00 
       0.69853e+00  0.70515e+00  0.71046e+00  0.71466e+00  0.71788e+00 
       0.72012e+00  0.72180e+00  0.72309e+00  0.72438e+00  0.72567e+00 
       0.72696e+00  0.72825e+00  0.72954e+00  0.73083e+00  0.73212e+00 
       0.18113e+00  0.25304e+00  0.32489e+00  0.38922e+00  0.44276e+00 
       0.48714e+00  0.52405e+00  0.55410e+00  0.58027e+00  0.60201e+00 
       0.61994e+00  0.63481e+00  0.64711e+00  0.65722e+00  0.66545e+00 
       0.67218e+00  0.67750e+00  0.68160e+00  0.68469e+00  0.68687e+00 
       0.68816e+00  0.68894e+00  0.68937e+00  0.68980e+00  0.69022e+00 
       0.69065e+00  0.69107e+00  0.69150e+00  0.69193e+00  0.69235e+00 
       0.18816e+00  0.25734e+00  0.32645e+00  0.38800e+00  0.43875e+00 
       0.48045e+00  0.51479e+00  0.54245e+00  0.56635e+00  0.58597e+00 
       0.60195e+00  0.61500e+00  0.62563e+00  0.63418e+00  0.64098e+00 
       0.64637e+00  0.65046e+00  0.65343e+00  0.65546e+00  0.65666e+00 
       0.65706e+00  0.65700e+00  0.65661e+00  0.65623e+00  0.65585e+00 
       0.65547e+00  0.65508e+00  0.65470e+00  0.65432e+00  0.65394e+00 

       0.19525e+00  0.26167e+00  0.32803e+00  0.38677e+00  0.43474e+00 
       0.47376e+00  0.50557e+00  0.53089e+00  0.55256e+00  0.57012e+00 
       0.58420e+00  0.59550e+00  0.60452e+00  0.61158e+00  0.61700e+00 
       0.62112e+00  0.62404e+00  0.62592e+00  0.62696e+00  0.62724e+00 
       0.62680e+00  0.62594e+00  0.62481e+00  0.62367e+00  0.62253e+00 
       0.62140e+00  0.62026e+00  0.61912e+00  0.61799e+00  0.61685e+00 
       0.20245e+00  0.26607e+00  0.32962e+00  0.38553e+00  0.43072e+00 
       0.46708e+00  0.49639e+00  0.51939e+00  0.53889e+00  0.55444e+00 
       0.56668e+00  0.57629e+00  0.58375e+00  0.58938e+00  0.59349e+00 
       0.59640e+00  0.59820e+00  0.59906e+00  0.59915e+00  0.59857e+00 
       0.59734e+00  0.59575e+00  0.59391e+00  0.59207e+00  0.59023e+00 
       0.58839e+00  0.58655e+00  0.58471e+00  0.58287e+00  0.58103e+00 
       0.20974e+00  0.27051e+00  0.33122e+00  0.38428e+00  0.42669e+00 
       0.46040e+00  0.48724e+00  0.50798e+00  0.52534e+00  0.53894e+00 
       0.54939e+00  0.55736e+00  0.56332e+00  0.56758e+00  0.57043e+00 
       0.57218e+00  0.57293e+00  0.57282e+00  0.57203e+00  0.57063e+00 
       0.56867e+00  0.56639e+00  0.56390e+00  0.56141e+00  0.55891e+00 
       0.55642e+00  0.55393e+00  0.55143e+00  0.54894e+00  0.54645e+00 
       0.21714e+00  0.27502e+00  0.33284e+00  0.38301e+00  0.42263e+00 
       0.45372e+00  0.47811e+00  0.49662e+00  0.51190e+00  0.52359e+00 
       0.53230e+00  0.53870e+00  0.54321e+00  0.54615e+00  0.54781e+00 
       0.54846e+00  0.54820e+00  0.54718e+00  0.54556e+00  0.54340e+00 
       0.54076e+00  0.53784e+00  0.53474e+00  0.53164e+00  0.52855e+00 
       0.52545e+00  0.52235e+00  0.51925e+00  0.51615e+00  0.51305e+00 
       0.22466e+00  0.27960e+00  0.33447e+00  0.38173e+00  0.41856e+00 
       0.44703e+00  0.46901e+00  0.48533e+00  0.49856e+00  0.50839e+00 
       0.51542e+00  0.52029e+00  0.52341e+00  0.52509e+00  0.52561e+00 
       0.52521e+00  0.52401e+00  0.52213e+00  0.51972e+00  0.51685e+00 
       0.51357e+00  0.51007e+00  0.50641e+00  0.50276e+00  0.49910e+00 
       0.49544e+00  0.49178e+00  0.48813e+00  0.48447e+00  0.48081e+00 
       0.23228e+00  0.28423e+00  0.33612e+00  0.38043e+00  0.41446e+00 
       0.44033e+00  0.45992e+00  0.47408e+00  0.48531e+00  0.49333e+00 
       0.49873e+00  0.50211e+00  0.50390e+00  0.50438e+00  0.50380e+00 
       0.50242e+00  0.50031e+00  0.49763e+00  0.49448e+00  0.49096e+00 
       0.48709e+00  0.48304e+00  0.47887e+00  0.47470e+00  0.47053e+00 
       0.46636e+00  0.46219e+00  0.45802e+00  0.45385e+00  0.44968e+00 
       0.24008e+00  0.28896e+00  0.33778e+00  0.37912e+00  0.41034e+00 
       0.43361e+00  0.45083e+00  0.46288e+00  0.47215e+00  0.47839e+00 
       0.48220e+00  0.48416e+00  0.48467e+00  0.48399e+00  0.48238e+00 
       0.48005e+00  0.47710e+00  0.47366e+00  0.46983e+00  0.46569e+00 
       0.46129e+00  0.45674e+00  0.45210e+00  0.44746e+00  0.44282e+00 
       0.43819e+00  0.43355e+00  0.42891e+00  0.42427e+00  0.41963e+00 
       0.24794e+00  0.29374e+00  0.33947e+00  0.37778e+00  0.40618e+00 
       0.42687e+00  0.44174e+00  0.45169e+00  0.45904e+00  0.46356e+00 
       0.46584e+00  0.46642e+00  0.46569e+00  0.46391e+00  0.46131e+00 
       0.45809e+00  0.45435e+00  0.45020e+00  0.44573e+00  0.44103e+00 
       0.43612e+00  0.43112e+00  0.42606e+00  0.42100e+00  0.41593e+00 
       0.41087e+00  0.40580e+00  0.40074e+00  0.39568e+00  0.39061e+00 
       0.25599e+00  0.29861e+00  0.34117e+00  0.37643e+00  0.40198e+00 
       0.42009e+00  0.43263e+00  0.44053e+00  0.44599e+00  0.44883e+00 
       0.44960e+00  0.44886e+00  0.44695e+00  0.44412e+00  0.44058e+00 
       0.43652e+00  0.43203e+00  0.42721e+00  0.42216e+00  0.41694e+00 
       0.41158e+00  0.40617e+00  0.40072e+00  0.39528e+00  0.38983e+00 
       0.38438e+00  0.37894e+00  0.37349e+00  0.36805e+00  0.36260e+00 
       0.26422e+00  0.30359e+00  0.34290e+00  0.37504e+00  0.39774e+00 
       0.41326e+00  0.42349e+00  0.42936e+00  0.43296e+00  0.43416e+00 
       0.43349e+00  0.43146e+00  0.42841e+00  0.42458e+00  0.42015e+00 
       0.41530e+00  0.41011e+00  0.40468e+00  0.39909e+00  0.39339e+00 
       0.38762e+00  0.38184e+00  0.37605e+00  0.37027e+00  0.36448e+00 
       0.35869e+00  0.35291e+00  0.34712e+00  0.34133e+00  0.33555e+00 

       0.27260e+00  0.30865e+00  0.34464e+00  0.37362e+00  0.39344e+00 
       0.40638e+00  0.41431e+00  0.41817e+00  0.41995e+00  0.41954e+00 
       0.41747e+00  0.41420e+00  0.41006e+00  0.40527e+00  0.40000e+00 
       0.39441e+00  0.38857e+00  0.38257e+00  0.37648e+00  0.37035e+00 
       0.36422e+00  0.35811e+00  0.35202e+00  0.34594e+00  0.33985e+00 
       0.33376e+00  0.32768e+00  0.32159e+00  0.31551e+00  0.30942e+00 
       0.28117e+00  0.31382e+00  0.34641e+00  0.37217e+00  0.38908e+00 
       0.39942e+00  0.40506e+00  0.40694e+00  0.40693e+00  0.40495e+00 
       0.40150e+00  0.39705e+00  0.39187e+00  0.38616e+00  0.38010e+00 
       0.37381e+00  0.36737e+00  0.36085e+00  0.35431e+00  0.34779e+00 
       0.34133e+00  0.33494e+00  0.32859e+00  0.32225e+00  0.31590e+00 
       0.30956e+00  0.30321e+00  0.29687e+00  0.29052e+00  0.28418e+00 
       0.28994e+00  0.31911e+00  0.34821e+00  0.37068e+00  0.38463e+00 
       0.39237e+00  0.39572e+00  0.39564e+00  0.39386e+00  0.39034e+00 
       0.38558e+00  0.37997e+00  0.37379e+00  0.36722e+00  0.36041e+00 
       0.35348e+00  0.34648e+00  0.33948e+00  0.33254e+00  0.32567e+00 
       0.31894e+00  0.31230e+00  0.30574e+00  0.29918e+00  0.29262e+00 
       0.28605e+00  0.27949e+00  0.27293e+00  0.26637e+00  0.25981e+00 
       0.29894e+00  0.32452e+00  0.35004e+00  0.36914e+00  0.38009e+00 
       0.38520e+00  0.38627e+00  0.38424e+00  0.38071e+00  0.37570e+00 
       0.36964e+00  0.36293e+00  0.35579e+00  0.34841e+00  0.34091e+00 
       0.33337e+00  0.32586e+00  0.31844e+00  0.31113e+00  0.30397e+00 
       0.29700e+00  0.29016e+00  0.28343e+00  0.27669e+00  0.26996e+00 
       0.26322e+00  0.25648e+00  0.24975e+00  0.24301e+00  0.23627e+00 
       0.30823e+00  0.33010e+00  0.35191e+00  0.36754e+00  0.37544e+00 
       0.37789e+00  0.37666e+00  0.37270e+00  0.36745e+00  0.36096e+00 
       0.35365e+00  0.34587e+00  0.33783e+00  0.32968e+00  0.32153e+00 
       0.31344e+00  0.30547e+00  0.29767e+00  0.29005e+00  0.28264e+00 
       0.27548e+00  0.26849e+00  0.26162e+00  0.25475e+00  0.24788e+00 
       0.24101e+00  0.23414e+00  0.22727e+00  0.22041e+00  0.21354e+00 
       0.31786e+00  0.33586e+00  0.35381e+00  0.36587e+00  0.37064e+00 
       0.37040e+00  0.36686e+00  0.36097e+00  0.35401e+00  0.34608e+00 
       0.33756e+00  0.32876e+00  0.31986e+00  0.31099e+00  0.30223e+00 
       0.29364e+00  0.28527e+00  0.27714e+00  0.26926e+00  0.26164e+00 
       0.25434e+00  0.24724e+00  0.24028e+00  0.23332e+00  0.22637e+00 
       0.21941e+00  0.21246e+00  0.20550e+00  0.19855e+00  0.19159e+00 
       0.32785e+00  0.34183e+00  0.35577e+00  0.36411e+00  0.36567e+00 
       0.36268e+00  0.35682e+00  0.34900e+00  0.34035e+00  0.33100e+00 
       0.32130e+00  0.31152e+00  0.30181e+00  0.29227e+00  0.28297e+00 
       0.27394e+00  0.26521e+00  0.25680e+00  0.24871e+00  0.24094e+00 
       0.23354e+00  0.22638e+00  0.21939e+00  0.21239e+00  0.20540e+00 
       0.19840e+00  0.19141e+00  0.18441e+00  0.17742e+00  0.17042e+00 
       0.33828e+00  0.34805e+00  0.35777e+00  0.36225e+00  0.36048e+00 
       0.35468e+00  0.34646e+00  0.33671e+00  0.32637e+00  0.31563e+00 
       0.30480e+00  0.29409e+00  0.28362e+00  0.27347e+00  0.26368e+00 
       0.25425e+00  0.24523e+00  0.23660e+00  0.22836e+00  0.22050e+00 
       0.21306e+00  0.20588e+00  0.19890e+00  0.19192e+00  0.18494e+00 
       0.17795e+00  0.17097e+00  0.16399e+00  0.15701e+00  0.15002e+00 
       0.34927e+00  0.35458e+00  0.35985e+00  0.36025e+00  0.35502e+00 
       0.34633e+00  0.33570e+00  0.32400e+00  0.31200e+00  0.29989e+00 
       0.28797e+00  0.27637e+00  0.26520e+00  0.25449e+00  0.24428e+00 
       0.23453e+00  0.22527e+00  0.21650e+00  0.20816e+00  0.20027e+00 
       0.19285e+00  0.18572e+00  0.17880e+00  0.17188e+00  0.16497e+00 
       0.15805e+00  0.15113e+00  0.14422e+00  0.13730e+00  0.13038e+00 
       0.36091e+00  0.36148e+00  0.36200e+00  0.35809e+00  0.34922e+00 
       0.33752e+00  0.32442e+00  0.31077e+00  0.29710e+00  0.28366e+00 
       0.27068e+00  0.25826e+00  0.24645e+00  0.23527e+00  0.22470e+00 
       0.21470e+00  0.20528e+00  0.19642e+00  0.18807e+00  0.18021e+00 
       0.17287e+00  0.16585e+00  0.15906e+00  0.15228e+00  0.14549e+00 
       0.13870e+00  0.13191e+00  0.12512e+00  0.11834e+00  0.11155e+00 

       0.37345e+00  0.36887e+00  0.36425e+00  0.35570e+00  0.34298e+00 
       0.32813e+00  0.31248e+00  0.29685e+00  0.28152e+00  0.26678e+00 
       0.25280e+00  0.23963e+00  0.22725e+00  0.21567e+00  0.20484e+00 
       0.19468e+00  0.18519e+00  0.17633e+00  0.16803e+00  0.16028e+00 
       0.15310e+00  0.14627e+00  0.13967e+00  0.13308e+00  0.12649e+00 
       0.11990e+00  0.11331e+00  0.10672e+00  0.10013e+00  0.93538e-01 
       0.38711e+00  0.37689e+00  0.36663e+00  0.35302e+00  0.33614e+00 
       0.31796e+00  0.29967e+00  0.28203e+00  0.26504e+00  0.24905e+00 
       0.23415e+00  0.22031e+00  0.20747e+00  0.19559e+00  0.18459e+00 
       0.17436e+00  0.16490e+00  0.15614e+00  0.14801e+00  0.14046e+00 
       0.13352e+00  0.12694e+00  0.12063e+00  0.11432e+00  0.10800e+00 
       0.10169e+00  0.95374e-01  0.89060e-01  0.82746e-01  0.76432e-01 
       0.40235e+00  0.38578e+00  0.36917e+00  0.34993e+00  0.32851e+00 
       0.30675e+00  0.28570e+00  0.26602e+00  0.24740e+00  0.23021e+00 
       0.21448e+00  0.20008e+00  0.18690e+00  0.17485e+00  0.16382e+00 
       0.15367e+00  0.14436e+00  0.13582e+00  0.12795e+00  0.12071e+00 
       0.11411e+00  0.10790e+00  0.10195e+00  0.96000e-01  0.90053e-01 
       0.84106e-01  0.78158e-01  0.72211e-01  0.66263e-01  0.60316e-01 
       0.41976e+00  0.39586e+00  0.37193e+00  0.34625e+00  0.31975e+00 
       0.29411e+00  0.27014e+00  0.24840e+00  0.22818e+00  0.20990e+00 
       0.19348e+00  0.17868e+00  0.16533e+00  0.15328e+00  0.14239e+00 
       0.13247e+00  0.12347e+00  0.11530e+00  0.10784e+00  0.10104e+00 
       0.94900e-01  0.89151e-01  0.83677e-01  0.78203e-01  0.72729e-01 
       0.67255e-01  0.61781e-01  0.56307e-01  0.50833e-01  0.45359e-01 
       0.44040e+00  0.40769e+00  0.37497e+00  0.34168e+00  0.30934e+00 
       0.27940e+00  0.25234e+00  0.22854e+00  0.20682e+00  0.18761e+00 
       0.17071e+00  0.15575e+00  0.14246e+00  0.13066e+00  0.12013e+00 
       0.11065e+00  0.10217e+00  0.94554e-01  0.87680e-01  0.81478e-01 
       0.75942e-01  0.70794e-01  0.65918e-01  0.61043e-01  0.56168e-01 
       0.51292e-01  0.46417e-01  0.41542e-01  0.36666e-01  0.31791e-01 
       0.46620e+00  0.42231e+00  0.37842e+00  0.33565e+00  0.29635e+00 
       0.26154e+00  0.23121e+00  0.20545e+00  0.18242e+00  0.16258e+00 
       0.14555e+00  0.13078e+00  0.11792e+00  0.10670e+00  0.96860e-01 
       0.88131e-01  0.80434e-01  0.73624e-01  0.67555e-01  0.62148e-01 
       0.57386e-01  0.52996e-01  0.48865e-01  0.44734e-01  0.40603e-01 
       0.36472e-01  0.32341e-01  0.28210e-01  0.24079e-01  0.19948e-01 
       0.50116e+00  0.44178e+00  0.38243e+00  0.32695e+00  0.27889e+00 
       0.23846e+00  0.20475e+00  0.17735e+00  0.15349e+00  0.13362e+00 
       0.11707e+00  0.10312e+00  0.91258e-01  0.81145e-01  0.72463e-01 
       0.64904e-01  0.58365e-01  0.52681e-01  0.47698e-01  0.43329e-01 
       0.39546e-01  0.36093e-01  0.32871e-01  0.29649e-01  0.26427e-01 
       0.23205e-01  0.19983e-01  0.16761e-01  0.13539e-01  0.10317e-01 
       0.55485e+00  0.47095e+00  0.38712e+00  0.31226e+00  0.25224e+00 
       0.20534e+00  0.16871e+00  0.14076e+00  0.11734e+00  0.98759e-01 
       0.83952e-01  0.71929e-01  0.62052e-01  0.53889e-01  0.47081e-01 
       0.41298e-01  0.36421e-01  0.32280e-01  0.28726e-01  0.25673e-01 
       0.23086e-01  0.20757e-01  0.18606e-01  0.16455e-01  0.14304e-01 
       0.12153e-01  0.10002e-01  0.78504e-02  0.56993e-02  0.35482e-02 
       0.71967e+00  0.55873e+00  0.39818e+00  0.27678e+00  0.19886e+00 
       0.14747e+00  0.11219e+00  0.88115e-01  0.69207e-01  0.55333e-01 
       0.45004e-01  0.37074e-01  0.30869e-01  0.25961e-01  0.22027e-01 
       0.18795e-01  0.16159e-01  0.13990e-01  0.12178e-01  0.10663e-01 
       0.94136e-02  0.83073e-02  0.72989e-02  0.62905e-02  0.52821e-02 
       0.42737e-02  0.32653e-02  0.22569e-02  0.12485e-02  0.24007e-03 
       0.10741e+00  0.82476e-01  0.57601e-01  0.39069e-01  0.27459e-01 
       0.19973e-01  0.14932e-01  0.11559e-01  0.89413e-02  0.70507e-02 
       0.56636e-02  0.46124e-02  0.37994e-02  0.31635e-02  0.26590e-02 
       0.22482e-02  0.19164e-02  0.16457e-02  0.14215e-02  0.12355e-02 
       0.10834e-02  0.94947e-03  0.82789e-03  0.70632e-03  0.58474e-03 
       0.46316e-03  0.34159e-03  0.22001e-03  0.98433e-04 -0.23143e-04 
