     -0.39548E-02 -0.10578E-02  0.21133E-02  0.67622E-02  0.12805E-01 
      0.20105E-01  0.28491E-01  0.37915E-01  0.47943E-01  0.58668E-01 
      0.69999E-01  0.81817E-01  0.94036E-01  0.10659E+00  0.11942E+00 
      0.13247E+00  0.14569E+00  0.15906E+00  0.17254E+00  0.18610E+00 
      0.19971E+00  0.21335E+00  0.22700E+00  0.24066E+00  0.25429E+00 
      0.26789E+00  0.28144E+00  0.29495E+00  0.30840E+00  0.32178E+00 
     -0.39521E-02 -0.10569E-02  0.21074E-02  0.67198E-02  0.12692E-01 
      0.19886E-01  0.28130E-01  0.37374E-01  0.47198E-01  0.57689E-01 
      0.68758E-01  0.80287E-01  0.92195E-01  0.10442E+00  0.11690E+00 
      0.12957E+00  0.14242E+00  0.15539E+00  0.16845E+00  0.18159E+00 
      0.19477E+00  0.20797E+00  0.22117E+00  0.23436E+00  0.24753E+00 
      0.26066E+00  0.27374E+00  0.28677E+00  0.29973E+00  0.31263E+00 
     -0.39493E-02 -0.10559E-02  0.21016E-02  0.66776E-02  0.12579E-01 
      0.19668E-01  0.27773E-01  0.36840E-01  0.46463E-01  0.56724E-01 
      0.67534E-01  0.78781E-01  0.90384E-01  0.10228E+00  0.11442E+00 
      0.12673E+00  0.13920E+00  0.15178E+00  0.16445E+00  0.17717E+00 
      0.18993E+00  0.20270E+00  0.21547E+00  0.22822E+00  0.24093E+00 
      0.25361E+00  0.26622E+00  0.27879E+00  0.29128E+00  0.30370E+00 
     -0.39465E-02 -0.10550E-02  0.20958E-02  0.66356E-02  0.12468E-01 
      0.19453E-01  0.27419E-01  0.36311E-01  0.45737E-01  0.55772E-01 
      0.66329E-01  0.77298E-01  0.88603E-01  0.10018E+00  0.11198E+00 
      0.12395E+00  0.13605E+00  0.14825E+00  0.16053E+00  0.17285E+00 
      0.18520E+00  0.19755E+00  0.20989E+00  0.22220E+00  0.23448E+00 
      0.24671E+00  0.25889E+00  0.27100E+00  0.28303E+00  0.29500E+00 
     -0.39436E-02 -0.10540E-02  0.20900E-02  0.65939E-02  0.12357E-01 
      0.19239E-01  0.27068E-01  0.35789E-01  0.45020E-01  0.54833E-01 
      0.65141E-01  0.75839E-01  0.86851E-01  0.98120E-01  0.10959E+00 
      0.12121E+00  0.13296E+00  0.14479E+00  0.15669E+00  0.16862E+00 
      0.18056E+00  0.19251E+00  0.20444E+00  0.21633E+00  0.22819E+00 
      0.23999E+00  0.25172E+00  0.26339E+00  0.27499E+00  0.28651E+00 
     -0.39407E-02 -0.10530E-02  0.20843E-02  0.65523E-02  0.12247E-01 
      0.19027E-01  0.26722E-01  0.35273E-01  0.44312E-01  0.53907E-01 
      0.63971E-01  0.74402E-01  0.85128E-01  0.96091E-01  0.10724E+00 
      0.11853E+00  0.12992E+00  0.14140E+00  0.15292E+00  0.16447E+00 
      0.17603E+00  0.18758E+00  0.19910E+00  0.21059E+00  0.22203E+00 
      0.23341E+00  0.24473E+00  0.25598E+00  0.26715E+00  0.27824E+00 
     -0.39377E-02 -0.10519E-02  0.20787E-02  0.65110E-02  0.12138E-01 
      0.18817E-01  0.26379E-01  0.34763E-01  0.43614E-01  0.52993E-01 
      0.62818E-01  0.72988E-01  0.83433E-01  0.94099E-01  0.10493E+00 
      0.11589E+00  0.12695E+00  0.13807E+00  0.14924E+00  0.16042E+00 
      0.17159E+00  0.18276E+00  0.19389E+00  0.20498E+00  0.21602E+00 
      0.22700E+00  0.23791E+00  0.24874E+00  0.25950E+00  0.27017E+00 
     -0.39348E-02 -0.10508E-02  0.20730E-02  0.64700E-02  0.12030E-01 
      0.18609E-01  0.26039E-01  0.34259E-01  0.42924E-01  0.52093E-01 
      0.61682E-01  0.71596E-01  0.81766E-01  0.92140E-01  0.10267E+00 
      0.11331E+00  0.12403E+00  0.13481E+00  0.14562E+00  0.15644E+00 
      0.16725E+00  0.17804E+00  0.18880E+00  0.19950E+00  0.21015E+00 
      0.22074E+00  0.23125E+00  0.24168E+00  0.25204E+00  0.26231E+00 
     -0.39317E-02 -0.10497E-02  0.20675E-02  0.64291E-02  0.11922E-01 
      0.18402E-01  0.25703E-01  0.33760E-01  0.42243E-01  0.51205E-01 
      0.60563E-01  0.70226E-01  0.80127E-01  0.90216E-01  0.10045E+00 
      0.11077E+00  0.12117E+00  0.13162E+00  0.14209E+00  0.15256E+00 
      0.16301E+00  0.17343E+00  0.18382E+00  0.19415E+00  0.20442E+00 
      0.21462E+00  0.22475E+00  0.23480E+00  0.24476E+00  0.25465E+00 
     -0.39287E-02 -0.10485E-02  0.20620E-02  0.63886E-02  0.11816E-01 
      0.18197E-01  0.25370E-01  0.33268E-01  0.41571E-01  0.50329E-01 
      0.59461E-01  0.68878E-01  0.78516E-01  0.88325E-01  0.98262E-01 
      0.10828E+00  0.11837E+00  0.12849E+00  0.13862E+00  0.14875E+00 
      0.15885E+00  0.16892E+00  0.17895E+00  0.18892E+00  0.19882E+00 
      0.20866E+00  0.21841E+00  0.22808E+00  0.23767E+00  0.24718E+00

     -0.39255E-02 -0.10473E-02  0.20565E-02  0.63482E-02  0.11710E-01 
      0.17995E-01  0.25041E-01  0.32781E-01  0.40908E-01  0.49466E-01 
      0.58375E-01  0.67552E-01  0.76931E-01  0.86468E-01  0.96118E-01 
      0.10584E+00  0.11562E+00  0.12542E+00  0.13523E+00  0.14503E+00 
      0.15479E+00  0.16452E+00  0.17420E+00  0.18381E+00  0.19336E+00 
      0.20283E+00  0.21222E+00  0.22154E+00  0.23076E+00  0.23990E+00 
     -0.39223E-02 -0.10460E-02  0.20511E-02  0.63082E-02  0.11604E-01 
      0.17794E-01  0.24716E-01  0.32301E-01  0.40254E-01  0.48614E-01 
      0.57306E-01  0.66246E-01  0.75373E-01  0.84643E-01  0.94013E-01 
      0.10345E+00  0.11292E+00  0.12242E+00  0.13191E+00  0.14138E+00 
      0.15081E+00  0.16021E+00  0.16955E+00  0.17882E+00  0.18802E+00 
      0.19715E+00  0.20619E+00  0.21515E+00  0.22402E+00  0.23280E+00 
     -0.39190E-02 -0.10446E-02  0.20459E-02  0.62683E-02  0.11500E-01 
      0.17595E-01  0.24393E-01  0.31826E-01  0.39608E-01  0.47775E-01 
      0.56253E-01  0.64961E-01  0.73842E-01  0.82850E-01  0.91948E-01 
      0.10110E+00  0.11028E+00  0.11948E+00  0.12866E+00  0.13781E+00 
      0.14692E+00  0.15599E+00  0.16501E+00  0.17395E+00  0.18281E+00 
      0.19160E+00  0.20030E+00  0.20892E+00  0.21745E+00  0.22589E+00 
     -0.39156E-02 -0.10431E-02  0.20406E-02  0.62288E-02  0.11396E-01 
      0.17397E-01  0.24074E-01  0.31356E-01  0.38970E-01  0.46947E-01 
      0.55216E-01  0.63697E-01  0.72336E-01  0.81089E-01  0.89920E-01 
      0.98794E-01  0.10769E+00  0.11659E+00  0.12547E+00  0.13432E+00 
      0.14312E+00  0.15188E+00  0.16057E+00  0.16919E+00  0.17773E+00 
      0.18619E+00  0.19456E+00  0.20285E+00  0.21105E+00  0.21916E+00 
     -0.39122E-02 -0.10416E-02  0.20355E-02  0.61895E-02  0.11294E-01 
      0.17202E-01  0.23759E-01  0.30893E-01  0.38341E-01  0.46132E-01 
      0.54194E-01  0.62453E-01  0.70855E-01  0.79359E-01  0.87929E-01 
      0.96534E-01  0.10515E+00  0.11377E+00  0.12236E+00  0.13091E+00 
      0.13940E+00  0.14785E+00  0.15623E+00  0.16454E+00  0.17277E+00 
      0.18091E+00  0.18896E+00  0.19693E+00  0.20481E+00  0.21260E+00 
     -0.39086E-02 -0.10400E-02  0.20305E-02  0.61505E-02  0.11192E-01 
      0.17008E-01  0.23447E-01  0.30435E-01  0.37720E-01  0.45328E-01 
      0.53188E-01  0.61230E-01  0.69400E-01  0.77660E-01  0.85976E-01 
      0.94317E-01  0.10267E+00  0.11100E+00  0.11930E+00  0.12757E+00 
      0.13577E+00  0.14392E+00  0.15200E+00  0.16000E+00  0.16792E+00 
      0.17576E+00  0.18350E+00  0.19116E+00  0.19873E+00  0.20621E+00 
     -0.39049E-02 -0.10382E-02  0.20256E-02  0.61118E-02  0.11090E-01 
      0.16816E-01  0.23138E-01  0.29982E-01  0.37107E-01  0.44535E-01 
      0.52198E-01  0.60026E-01  0.67970E-01  0.75992E-01  0.84059E-01 
      0.92143E-01  0.10023E+00  0.10829E+00  0.11632E+00  0.12430E+00 
      0.13221E+00  0.14007E+00  0.14786E+00  0.15557E+00  0.16319E+00 
      0.17073E+00  0.17818E+00  0.18554E+00  0.19281E+00  0.19998E+00 
     -0.39011E-02 -0.10364E-02  0.20208E-02  0.60734E-02  0.10990E-01 
      0.16626E-01  0.22833E-01  0.29535E-01  0.36503E-01  0.43754E-01 
      0.51223E-01  0.58842E-01  0.66564E-01  0.74353E-01  0.82177E-01 
      0.90011E-01  0.97837E-01  0.10564E+00  0.11339E+00  0.12110E+00 
      0.12873E+00  0.13631E+00  0.14382E+00  0.15124E+00  0.15858E+00 
      0.16583E+00  0.17298E+00  0.18006E+00  0.18703E+00  0.19392E+00 
     -0.38972E-02 -0.10344E-02  0.20162E-02  0.60353E-02  0.10891E-01 
      0.16438E-01  0.22531E-01  0.29094E-01  0.35906E-01  0.42984E-01 
      0.50262E-01  0.57677E-01  0.65183E-01  0.72744E-01  0.80332E-01 
      0.87921E-01  0.95495E-01  0.10304E+00  0.11053E+00  0.11797E+00 
      0.12534E+00  0.13264E+00  0.13988E+00  0.14702E+00  0.15408E+00 
      0.16105E+00  0.16793E+00  0.17472E+00  0.18141E+00  0.18802E+00 
     -0.38931E-02 -0.10323E-02  0.20117E-02  0.59975E-02  0.10792E-01 
      0.16252E-01  0.22232E-01  0.28658E-01  0.35318E-01  0.42225E-01 
      0.49317E-01  0.56532E-01  0.63825E-01  0.71164E-01  0.78520E-01 
      0.85872E-01  0.93201E-01  0.10049E+00  0.10773E+00  0.11491E+00 
      0.12201E+00  0.12906E+00  0.13602E+00  0.14290E+00  0.14969E+00 
      0.15639E+00  0.16299E+00  0.16951E+00  0.17594E+00  0.18227E+00

     -0.38889E-02 -0.10300E-02  0.20073E-02  0.59601E-02  0.10694E-01 
      0.16067E-01  0.21936E-01  0.28227E-01  0.34738E-01  0.41478E-01 
      0.48386E-01  0.55405E-01  0.62491E-01  0.69613E-01  0.76743E-01 
      0.83862E-01  0.90953E-01  0.98000E-01  0.10499E+00  0.11192E+00 
      0.11877E+00  0.12555E+00  0.13226E+00  0.13887E+00  0.14540E+00 
      0.15184E+00  0.15818E+00  0.16444E+00  0.17060E+00  0.17668E+00 
     -0.38844E-02 -0.10276E-02  0.20032E-02  0.59230E-02  0.10597E-01 
      0.15884E-01  0.21644E-01  0.27802E-01  0.34165E-01  0.40741E-01 
      0.47471E-01  0.54297E-01  0.61180E-01  0.68090E-01  0.75000E-01 
      0.81893E-01  0.88751E-01  0.95560E-01  0.10231E+00  0.10900E+00 
      0.11559E+00  0.12213E+00  0.12859E+00  0.13495E+00  0.14122E+00 
      0.14741E+00  0.15349E+00  0.15950E+00  0.16541E+00  0.17123E+00 
     -0.38798E-02 -0.10249E-02  0.19992E-02  0.58863E-02  0.10501E-01 
      0.15703E-01  0.21355E-01  0.27382E-01  0.33600E-01  0.40015E-01 
      0.46569E-01  0.53207E-01  0.59892E-01  0.66594E-01  0.73290E-01 
      0.79962E-01  0.86593E-01  0.93172E-01  0.99689E-01  0.10613E+00 
      0.11249E+00  0.11879E+00  0.12500E+00  0.13112E+00  0.13714E+00 
      0.14308E+00  0.14893E+00  0.15469E+00  0.16035E+00  0.16593E+00 
     -0.38749E-02 -0.10221E-02  0.19955E-02  0.58500E-02  0.10406E-01 
      0.15524E-01  0.21070E-01  0.26967E-01  0.33044E-01  0.39300E-01 
      0.45682E-01  0.52136E-01  0.58627E-01  0.65127E-01  0.71613E-01 
      0.78069E-01  0.84481E-01  0.90834E-01  0.97123E-01  0.10334E+00 
      0.10946E+00  0.11552E+00  0.12150E+00  0.12738E+00  0.13317E+00 
      0.13887E+00  0.14448E+00  0.15000E+00  0.15543E+00  0.16077E+00 
     -0.38698E-02 -0.10190E-02  0.19920E-02  0.58141E-02  0.10312E-01 
      0.15347E-01  0.20787E-01  0.26558E-01  0.32495E-01  0.38596E-01 
      0.44808E-01  0.51082E-01  0.57384E-01  0.63686E-01  0.69968E-01 
      0.76215E-01  0.82411E-01  0.88546E-01  0.94613E-01  0.10060E+00 
      0.10650E+00  0.11233E+00  0.11808E+00  0.12373E+00  0.12929E+00 
      0.13476E+00  0.14014E+00  0.14543E+00  0.15063E+00  0.15575E+00 
     -0.38644E-02 -0.10156E-02  0.19887E-02  0.57786E-02  0.10218E-01 
      0.15172E-01  0.20508E-01  0.26154E-01  0.31953E-01  0.37902E-01 
      0.43949E-01  0.50047E-01  0.56164E-01  0.62273E-01  0.68355E-01 
      0.74397E-01  0.80385E-01  0.86307E-01  0.92158E-01  0.97931E-01 
      0.10361E+00  0.10922E+00  0.11475E+00  0.12017E+00  0.12551E+00 
      0.13076E+00  0.13592E+00  0.14099E+00  0.14597E+00  0.15086E+00 
     -0.38587E-02 -0.10119E-02  0.19858E-02  0.57437E-02  0.10126E-01 
      0.14998E-01  0.20233E-01  0.25756E-01  0.31419E-01  0.37219E-01 
      0.43103E-01  0.49029E-01  0.54965E-01  0.60885E-01  0.66773E-01 
      0.72616E-01  0.78400E-01  0.84115E-01  0.89757E-01  0.95319E-01 
      0.10078E+00  0.10618E+00  0.11149E+00  0.11670E+00  0.12183E+00 
      0.12686E+00  0.13180E+00  0.13666E+00  0.14142E+00  0.14611E+00 
     -0.38526E-02 -0.10079E-02  0.19832E-02  0.57092E-02  0.10035E-01 
      0.14827E-01  0.19960E-01  0.25362E-01  0.30893E-01  0.36546E-01 
      0.42272E-01  0.48029E-01  0.53787E-01  0.59524E-01  0.65223E-01 
      0.70871E-01  0.76457E-01  0.81971E-01  0.87410E-01  0.92766E-01 
      0.98022E-01  0.10321E+00  0.10831E+00  0.11332E+00  0.11824E+00 
      0.12306E+00  0.12779E+00  0.13244E+00  0.13700E+00  0.14148E+00 
     -0.38462E-02 -0.10036E-02  0.19809E-02  0.56753E-02  0.99445E-02 
      0.14657E-01  0.19691E-01  0.24974E-01  0.30374E-01  0.35883E-01 
      0.41453E-01  0.47045E-01  0.52631E-01  0.58189E-01  0.63702E-01 
      0.69162E-01  0.74555E-01  0.79874E-01  0.85114E-01  0.90271E-01 
      0.95327E-01  0.10032E+00  0.10522E+00  0.11002E+00  0.11473E+00 
      0.11936E+00  0.12389E+00  0.12834E+00  0.13270E+00  0.13698E+00 
     -0.38394E-02 -0.99885E-03  0.19791E-02  0.56419E-02  0.98553E-02 
      0.14490E-01  0.19426E-01  0.24591E-01  0.29863E-01  0.35231E-01 
      0.40649E-01  0.46079E-01  0.51496E-01  0.56878E-01  0.62212E-01 
      0.67487E-01  0.72693E-01  0.77822E-01  0.82871E-01  0.87833E-01 
      0.92695E-01  0.97489E-01  0.10219E+00  0.10680E+00  0.11132E+00 
      0.11575E+00  0.12009E+00  0.12435E+00  0.12852E+00  0.13261E+00

     -0.38321E-02 -0.99366E-03  0.19777E-02  0.56092E-02  0.97672E-02 
      0.14324E-01  0.19163E-01  0.24214E-01  0.29360E-01  0.34589E-01 
      0.39857E-01  0.45130E-01  0.50382E-01  0.55593E-01  0.60751E-01 
      0.65847E-01  0.70871E-01  0.75815E-01  0.80677E-01  0.85452E-01 
      0.90125E-01  0.94730E-01  0.99246E-01  0.10367E+00  0.10800E+00 
      0.11224E+00  0.11639E+00  0.12046E+00  0.12445E+00  0.12836E+00 
     -0.38243E-02 -0.98798E-03  0.19768E-02  0.55771E-02  0.96803E-02 
      0.14161E-01  0.18904E-01  0.23842E-01  0.28864E-01  0.33957E-01 
      0.39079E-01  0.44197E-01  0.49288E-01  0.54333E-01  0.59320E-01 
      0.64241E-01  0.69088E-01  0.73852E-01  0.78533E-01  0.83126E-01 
      0.87616E-01  0.92039E-01  0.96372E-01  0.10061E+00  0.10476E+00 
      0.10882E+00  0.11279E+00  0.11668E+00  0.12049E+00  0.12422E+00 
     -0.38159E-02 -0.98174E-03  0.19764E-02  0.55458E-02  0.95945E-02 
      0.13999E-01  0.18649E-01  0.23475E-01  0.28375E-01  0.33335E-01 
      0.38314E-01  0.43281E-01  0.48215E-01  0.53097E-01  0.57917E-01 
      0.62669E-01  0.67343E-01  0.71933E-01  0.76438E-01  0.80854E-01 
      0.85167E-01  0.89412E-01  0.93568E-01  0.97628E-01  0.10160E+00 
      0.10549E+00  0.10928E+00  0.11300E+00  0.11664E+00  0.12020E+00 
     -0.38069E-02 -0.97489E-03  0.19766E-02  0.55152E-02  0.95101E-02 
      0.13840E-01  0.18397E-01  0.23113E-01  0.27894E-01  0.32723E-01 
      0.37562E-01  0.42382E-01  0.47162E-01  0.51885E-01  0.56543E-01 
      0.61129E-01  0.65636E-01  0.70056E-01  0.74391E-01  0.78636E-01 
      0.82777E-01  0.86851E-01  0.90835E-01  0.94724E-01  0.98527E-01 
      0.10224E+00  0.10587E+00  0.10943E+00  0.11290E+00  0.11629E+00 
     -0.37972E-02 -0.96737E-03  0.19776E-02  0.54855E-02  0.94270E-02 
      0.13683E-01  0.18149E-01  0.22757E-01  0.27420E-01  0.32122E-01 
      0.36823E-01  0.41499E-01  0.46128E-01  0.50698E-01  0.55197E-01 
      0.59623E-01  0.63966E-01  0.68222E-01  0.72391E-01  0.76470E-01 
      0.80445E-01  0.84353E-01  0.88171E-01  0.91895E-01  0.95533E-01 
      0.99087E-01  0.10255E+00  0.10595E+00  0.10926E+00  0.11249E+00 
     -0.37867E-02 -0.95911E-03  0.19792E-02  0.54566E-02  0.93452E-02 
      0.13528E-01  0.17904E-01  0.22406E-01  0.26954E-01  0.31530E-01 
      0.36097E-01  0.40632E-01  0.45115E-01  0.49533E-01  0.53878E-01 
      0.58148E-01  0.62333E-01  0.66429E-01  0.70437E-01  0.74355E-01 
      0.78169E-01  0.81916E-01  0.85574E-01  0.89139E-01  0.92619E-01 
      0.96015E-01  0.99326E-01  0.10256E+00  0.10572E+00  0.10880E+00 
     -0.37754E-02 -0.95001E-03  0.19817E-02  0.54288E-02  0.92650E-02 
      0.13376E-01  0.17662E-01  0.22060E-01  0.26495E-01  0.30948E-01 
      0.35384E-01  0.39781E-01  0.44121E-01  0.48393E-01  0.52588E-01 
      0.56705E-01  0.60736E-01  0.64677E-01  0.68530E-01  0.72292E-01 
      0.75950E-01  0.79541E-01  0.83044E-01  0.86454E-01  0.89781E-01 
      0.93025E-01  0.96186E-01  0.99273E-01  0.10228E+00  0.10522E+00 
     -0.37631E-02 -0.93999E-03  0.19851E-02  0.54021E-02  0.91863E-02 
      0.13226E-01  0.17425E-01  0.21720E-01  0.26044E-01  0.30376E-01 
      0.34684E-01  0.38946E-01  0.43147E-01  0.47275E-01  0.51324E-01 
      0.55293E-01  0.59174E-01  0.62965E-01  0.66667E-01  0.70277E-01 
      0.73785E-01  0.77225E-01  0.80579E-01  0.83840E-01  0.87019E-01 
      0.90116E-01  0.93132E-01  0.96075E-01  0.98942E-01  0.10174E+00 
     -0.37498E-02 -0.92895E-03  0.19895E-02  0.53766E-02  0.91093E-02 
      0.13078E-01  0.17191E-01  0.21385E-01  0.25600E-01  0.29814E-01 
      0.33996E-01  0.38126E-01  0.42191E-01  0.46180E-01  0.50087E-01 
      0.53912E-01  0.57648E-01  0.61293E-01  0.64848E-01  0.68313E-01 
      0.71674E-01  0.74969E-01  0.78178E-01  0.81295E-01  0.84331E-01 
      0.87287E-01  0.90163E-01  0.92967E-01  0.95697E-01  0.98358E-01 
     -0.37353E-02 -0.91677E-03  0.19950E-02  0.53524E-02  0.90340E-02 
      0.12933E-01  0.16961E-01  0.21056E-01  0.25164E-01  0.29263E-01 
      0.33321E-01  0.37323E-01  0.41255E-01  0.45108E-01  0.48877E-01 
      0.52562E-01  0.56157E-01  0.59659E-01  0.63073E-01  0.66396E-01 
      0.69616E-01  0.72770E-01  0.75839E-01  0.78818E-01  0.81716E-01 
      0.84536E-01  0.87276E-01  0.89947E-01  0.92545E-01  0.95076E-01

     -0.37195E-02 -0.90333E-03  0.20018E-02  0.53295E-02  0.89607E-02 
      0.12791E-01  0.16736E-01  0.20733E-01  0.24736E-01  0.28721E-01 
      0.32659E-01  0.36536E-01  0.40338E-01  0.44059E-01  0.47693E-01 
      0.51242E-01  0.54700E-01  0.58065E-01  0.61341E-01  0.64526E-01 
      0.67610E-01  0.70628E-01  0.73562E-01  0.76407E-01  0.79173E-01 
      0.81861E-01  0.84472E-01  0.87014E-01  0.89485E-01  0.91891E-01 
     -0.37023E-02 -0.88850E-03  0.20100E-02  0.53083E-02  0.88894E-02 
      0.12652E-01  0.16514E-01  0.20416E-01  0.24316E-01  0.28189E-01 
      0.32010E-01  0.35764E-01  0.39440E-01  0.43032E-01  0.46535E-01 
      0.49952E-01  0.53277E-01  0.56509E-01  0.59651E-01  0.62704E-01 
      0.65655E-01  0.68542E-01  0.71345E-01  0.74061E-01  0.76699E-01 
      0.79260E-01  0.81746E-01  0.84165E-01  0.86514E-01  0.88799E-01 
     -0.36835E-02 -0.87212E-03  0.20197E-02  0.52888E-02  0.88203E-02 
      0.12516E-01  0.16296E-01  0.20104E-01  0.23903E-01  0.27668E-01 
      0.31373E-01  0.35007E-01  0.38561E-01  0.42027E-01  0.45403E-01 
      0.48691E-01  0.51887E-01  0.54990E-01  0.58004E-01  0.60928E-01 
      0.63751E-01  0.66511E-01  0.69188E-01  0.71779E-01  0.74294E-01 
      0.76734E-01  0.79099E-01  0.81399E-01  0.83631E-01  0.85800E-01 
     -0.36630E-02 -0.85401E-03  0.20311E-02  0.52711E-02  0.87536E-02 
      0.12383E-01  0.16083E-01  0.19799E-01  0.23498E-01  0.27157E-01 
      0.30750E-01  0.34267E-01  0.37700E-01  0.41044E-01  0.44296E-01 
      0.47460E-01  0.50531E-01  0.53508E-01  0.56397E-01  0.59197E-01 
      0.61897E-01  0.64534E-01  0.67090E-01  0.69560E-01  0.71956E-01 
      0.74279E-01  0.76528E-01  0.78714E-01  0.80833E-01  0.82891E-01 
     -0.36405E-02 -0.83401E-03  0.20444E-02  0.52555E-02  0.86894E-02 
      0.12254E-01  0.15875E-01  0.19500E-01  0.23102E-01  0.26656E-01 
      0.30139E-01  0.33542E-01  0.36859E-01  0.40083E-01  0.43215E-01 
      0.46258E-01  0.49207E-01  0.52063E-01  0.54831E-01  0.57510E-01 
      0.60091E-01  0.62610E-01  0.65049E-01  0.67404E-01  0.69685E-01 
      0.71894E-01  0.74032E-01  0.76108E-01  0.78119E-01  0.80071E-01 
     -0.36158E-02 -0.81187E-03  0.20598E-02  0.52422E-02  0.86280E-02 
      0.12128E-01  0.15672E-01  0.19207E-01  0.22714E-01  0.26165E-01 
      0.29541E-01  0.32833E-01  0.36036E-01  0.39145E-01  0.42159E-01 
      0.45085E-01  0.47916E-01  0.50655E-01  0.53306E-01  0.55868E-01 
      0.58334E-01  0.60739E-01  0.63064E-01  0.65307E-01  0.67478E-01 
      0.69579E-01  0.71610E-01  0.73580E-01  0.75487E-01  0.77336E-01 
     -0.35888E-02 -0.78739E-03  0.20775E-02  0.52315E-02  0.85695E-02 
      0.12006E-01  0.15473E-01  0.18921E-01  0.22334E-01  0.25686E-01 
      0.28956E-01  0.32140E-01  0.35232E-01  0.38228E-01  0.41129E-01 
      0.43940E-01  0.46658E-01  0.49282E-01  0.51820E-01  0.54270E-01 
      0.56625E-01  0.58919E-01  0.61135E-01  0.63271E-01  0.65336E-01 
      0.67332E-01  0.69260E-01  0.71129E-01  0.72936E-01  0.74687E-01 
     -0.35591E-02 -0.76030E-03  0.20979E-02  0.52234E-02  0.85143E-02 
      0.11888E-01  0.15280E-01  0.18641E-01  0.21963E-01  0.25217E-01 
      0.28385E-01  0.31463E-01  0.34446E-01  0.37333E-01  0.40124E-01 
      0.42824E-01  0.45431E-01  0.47945E-01  0.50373E-01  0.52715E-01 
      0.54962E-01  0.57150E-01  0.59261E-01  0.61293E-01  0.63256E-01 
      0.65152E-01  0.66981E-01  0.68753E-01  0.70464E-01  0.72121E-01 
     -0.35265E-02 -0.73032E-03  0.21211E-02  0.52185E-02  0.84627E-02 
      0.11774E-01  0.15092E-01  0.18369E-01  0.21601E-01  0.24759E-01 
      0.27827E-01  0.30801E-01  0.33680E-01  0.36460E-01  0.39143E-01 
      0.41737E-01  0.44236E-01  0.46644E-01  0.48966E-01  0.51203E-01 
      0.53346E-01  0.55431E-01  0.57441E-01  0.59374E-01  0.61239E-01 
      0.63038E-01  0.64772E-01  0.66450E-01  0.68070E-01  0.69637E-01 
     -0.34906E-02 -0.69711E-03  0.21475E-02  0.52169E-02  0.84149E-02 
      0.11665E-01  0.14910E-01  0.18104E-01  0.21248E-01  0.24312E-01 
      0.27283E-01  0.30157E-01  0.32933E-01  0.35609E-01  0.38188E-01 
      0.40677E-01  0.43073E-01  0.45378E-01  0.47597E-01  0.49733E-01 
      0.51776E-01  0.53762E-01  0.55675E-01  0.57512E-01  0.59282E-01 
      0.60988E-01  0.62631E-01  0.64220E-01  0.65751E-01  0.67232E-01

     -0.34511E-02 -0.66035E-03  0.21774E-02  0.52190E-02  0.83712E-02 
      0.11561E-01  0.14734E-01  0.17847E-01  0.20905E-01  0.23877E-01 
      0.26752E-01  0.29528E-01  0.32204E-01  0.34780E-01  0.37259E-01 
      0.39647E-01  0.41942E-01  0.44146E-01  0.46267E-01  0.48305E-01 
      0.50252E-01  0.52143E-01  0.53961E-01  0.55706E-01  0.57385E-01 
      0.59003E-01  0.60558E-01  0.62061E-01  0.63508E-01  0.64905E-01 
     -0.34076E-02 -0.61963E-03  0.22113E-02  0.52253E-02  0.83322E-02 
      0.11462E-01  0.14565E-01  0.17599E-01  0.20571E-01  0.23454E-01 
      0.26236E-01  0.28916E-01  0.31496E-01  0.33974E-01  0.36354E-01 
      0.38644E-01  0.40842E-01  0.42950E-01  0.44975E-01  0.46918E-01 
      0.48772E-01  0.50571E-01  0.52300E-01  0.53955E-01  0.55548E-01 
      0.57079E-01  0.58551E-01  0.59971E-01  0.61338E-01  0.62656E-01 
     -0.33596E-02 -0.57451E-03  0.22495E-02  0.52360E-02  0.82982E-02 
      0.11370E-01  0.14403E-01  0.17358E-01  0.20248E-01  0.23043E-01 
      0.25734E-01  0.28321E-01  0.30806E-01  0.33189E-01  0.35474E-01 
      0.37670E-01  0.39773E-01  0.41788E-01  0.43721E-01  0.45573E-01 
      0.47338E-01  0.49048E-01  0.50689E-01  0.52260E-01  0.53768E-01 
      0.55218E-01  0.56609E-01  0.57950E-01  0.59240E-01  0.60482E-01 
     -0.33068E-02 -0.52452E-03  0.22926E-02  0.52519E-02  0.82698E-02 
      0.11283E-01  0.14248E-01  0.17127E-01  0.19935E-01  0.22645E-01 
      0.25247E-01  0.27744E-01  0.30137E-01  0.32428E-01  0.34620E-01 
      0.36724E-01  0.38736E-01  0.40661E-01  0.42504E-01  0.44268E-01 
      0.45947E-01  0.47573E-01  0.49130E-01  0.50619E-01  0.52047E-01 
      0.53418E-01  0.54732E-01  0.55998E-01  0.57213E-01  0.58383E-01 
     -0.32484E-02 -0.46911E-03  0.23411E-02  0.52732E-02  0.82473E-02 
      0.11204E-01  0.14102E-01  0.16905E-01  0.19634E-01  0.22260E-01 
      0.24775E-01  0.27184E-01  0.29488E-01  0.31689E-01  0.33792E-01 
      0.35807E-01  0.37731E-01  0.39568E-01  0.41325E-01  0.43005E-01 
      0.44601E-01  0.46144E-01  0.47621E-01  0.49031E-01  0.50382E-01 
      0.51678E-01  0.52918E-01  0.54111E-01  0.55256E-01  0.56356E-01 
     -0.31840E-02 -0.40772E-03  0.23955E-02  0.53008E-02  0.82315E-02 
      0.11131E-01  0.13964E-01  0.16693E-01  0.19344E-01  0.21888E-01 
      0.24319E-01  0.26642E-01  0.28859E-01  0.30973E-01  0.32990E-01 
      0.34918E-01  0.36757E-01  0.38510E-01  0.40184E-01  0.41782E-01 
      0.43298E-01  0.44763E-01  0.46163E-01  0.47497E-01  0.48774E-01 
      0.49997E-01  0.51167E-01  0.52291E-01  0.53368E-01  0.54402E-01 
     -0.31128E-02 -0.33964E-03  0.24566E-02  0.53351E-02  0.82229E-02 
      0.11067E-01  0.13835E-01  0.16491E-01  0.19066E-01  0.21531E-01 
      0.23880E-01  0.26118E-01  0.28251E-01  0.30281E-01  0.32214E-01 
      0.34059E-01  0.35815E-01  0.37487E-01  0.39081E-01  0.40600E-01 
      0.42039E-01  0.43428E-01  0.44754E-01  0.46016E-01  0.47222E-01 
      0.48376E-01  0.49477E-01  0.50535E-01  0.51547E-01  0.52519E-01 
     -0.30342E-02 -0.26418E-03  0.25250E-02  0.53770E-02  0.82224E-02 
      0.11012E-01  0.13715E-01  0.16301E-01  0.18802E-01  0.21189E-01 
      0.23457E-01  0.25614E-01  0.27665E-01  0.29613E-01  0.31464E-01 
      0.33229E-01  0.34905E-01  0.36499E-01  0.38016E-01  0.39459E-01 
      0.40824E-01  0.42140E-01  0.43395E-01  0.44587E-01  0.45725E-01 
      0.46812E-01  0.47849E-01  0.48844E-01  0.49794E-01  0.50705E-01 
     -0.29473E-02 -0.18049E-03  0.26016E-02  0.54272E-02  0.82307E-02 
      0.10966E-01  0.13607E-01  0.16123E-01  0.18551E-01  0.20862E-01 
      0.23052E-01  0.25130E-01  0.27101E-01  0.28970E-01  0.30742E-01 
      0.32428E-01  0.34028E-01  0.35545E-01  0.36988E-01  0.38359E-01 
      0.39652E-01  0.40898E-01  0.42084E-01  0.43210E-01  0.44283E-01 
      0.45307E-01  0.46282E-01  0.47216E-01  0.48107E-01  0.48960E-01 
     -0.28512E-02 -0.87712E-04  0.26872E-02  0.54866E-02  0.82486E-02 
      0.10931E-01  0.13510E-01  0.15958E-01  0.18315E-01  0.20551E-01 
      0.22665E-01  0.24666E-01  0.26560E-01  0.28352E-01  0.30048E-01 
      0.31658E-01  0.33183E-01  0.34628E-01  0.35999E-01  0.37299E-01 
      0.38524E-01  0.39703E-01  0.40824E-01  0.41885E-01  0.42896E-01 
      0.43859E-01  0.44774E-01  0.45651E-01  0.46486E-01  0.47284E-01

     -0.27448E-02  0.15200E-04  0.27829E-02  0.55563E-02  0.82773E-02 
      0.10907E-01  0.13426E-01  0.15807E-01  0.18094E-01  0.20257E-01 
      0.22297E-01  0.24223E-01  0.26042E-01  0.27759E-01  0.29381E-01 
      0.30919E-01  0.32372E-01  0.33746E-01  0.35048E-01  0.36281E-01 
      0.37440E-01  0.38554E-01  0.39612E-01  0.40612E-01  0.41563E-01 
      0.42467E-01  0.43327E-01  0.44147E-01  0.44929E-01  0.45675E-01 
     -0.26272E-02  0.12933E-03  0.28897E-02  0.56373E-02  0.83177E-02 
      0.10896E-01  0.13355E-01  0.15671E-01  0.17889E-01  0.19982E-01 
      0.21950E-01  0.23803E-01  0.25549E-01  0.27193E-01  0.28744E-01 
      0.30211E-01  0.31595E-01  0.32901E-01  0.34136E-01  0.35304E-01 
      0.36400E-01  0.37452E-01  0.38449E-01  0.39390E-01  0.40284E-01 
      0.41133E-01  0.41938E-01  0.42706E-01  0.43436E-01  0.44132E-01 
     -0.24969E-02  0.25593E-03  0.30090E-02  0.57308E-02  0.83710E-02 
      0.10899E-01  0.13299E-01  0.15551E-01  0.17702E-01  0.19726E-01 
      0.21623E-01  0.23405E-01  0.25081E-01  0.26655E-01  0.28136E-01 
      0.29535E-01  0.30851E-01  0.32092E-01  0.33263E-01  0.34368E-01 
      0.35404E-01  0.36396E-01  0.37335E-01  0.38220E-01  0.39059E-01 
      0.39855E-01  0.40608E-01  0.41326E-01  0.42007E-01  0.42656E-01 
     -0.23528E-02  0.39634E-03  0.31419E-02  0.58381E-02  0.84387E-02 
      0.10916E-01  0.13259E-01  0.15448E-01  0.17534E-01  0.19490E-01 
      0.21319E-01  0.23032E-01  0.24638E-01  0.26144E-01  0.27558E-01 
      0.28891E-01  0.30143E-01  0.31321E-01  0.32430E-01  0.33475E-01 
      0.34452E-01  0.35387E-01  0.36271E-01  0.37102E-01  0.37888E-01 
      0.38633E-01  0.39337E-01  0.40007E-01  0.40641E-01  0.41245E-01 
     -0.21931E-02  0.55214E-03  0.32901E-02  0.59608E-02  0.85221E-02 
      0.10950E-01  0.13237E-01  0.15363E-01  0.17386E-01  0.19276E-01 
      0.21038E-01  0.22683E-01  0.24223E-01  0.25663E-01  0.27012E-01 
      0.28281E-01  0.29471E-01  0.30587E-01  0.31637E-01  0.32624E-01 
      0.33545E-01  0.34426E-01  0.35255E-01  0.36035E-01  0.36771E-01 
      0.37467E-01  0.38124E-01  0.38748E-01  0.39338E-01  0.39898E-01 
     -0.20162E-02  0.72494E-03  0.34552E-02  0.61005E-02  0.86228E-02 
      0.11002E-01  0.13233E-01  0.15299E-01  0.17259E-01  0.19085E-01 
      0.20781E-01  0.22362E-01  0.23837E-01  0.25213E-01  0.26499E-01 
      0.27706E-01  0.28835E-01  0.29892E-01  0.30885E-01  0.31817E-01 
      0.32683E-01  0.33511E-01  0.34290E-01  0.35020E-01  0.35708E-01 
      0.36358E-01  0.36969E-01  0.37549E-01  0.38097E-01  0.38616E-01 
     -0.18200E-02  0.91676E-03  0.36391E-02  0.62590E-02  0.87427E-02 
      0.11074E-01  0.13250E-01  0.15257E-01  0.17155E-01  0.18918E-01 
      0.20551E-01  0.22068E-01  0.23480E-01  0.24794E-01  0.26018E-01 
      0.27166E-01  0.28237E-01  0.29237E-01  0.30175E-01  0.31053E-01 
      0.31868E-01  0.32645E-01  0.33374E-01  0.34057E-01  0.34699E-01 
      0.35304E-01  0.35872E-01  0.36410E-01  0.36917E-01  0.37397E-01 
     -0.16026E-02  0.11295E-02  0.38437E-02  0.64383E-02  0.88837E-02 
      0.11167E-01  0.13289E-01  0.15238E-01  0.17076E-01  0.18777E-01 
      0.20348E-01  0.21803E-01  0.23154E-01  0.24407E-01  0.25573E-01 
      0.26663E-01  0.27677E-01  0.28623E-01  0.29507E-01  0.30333E-01 
      0.31098E-01  0.31826E-01  0.32509E-01  0.33145E-01  0.33744E-01 
      0.34306E-01  0.34833E-01  0.35331E-01  0.35800E-01  0.36242E-01 
     -0.13617E-02  0.13656E-02  0.40714E-02  0.66406E-02  0.90479E-02 
      0.11284E-01  0.13353E-01  0.15244E-01  0.17024E-01  0.18665E-01 
      0.20174E-01  0.21569E-01  0.22860E-01  0.24055E-01  0.25163E-01 
      0.26197E-01  0.27157E-01  0.28049E-01  0.28882E-01  0.29658E-01 
      0.30375E-01  0.31057E-01  0.31694E-01  0.32287E-01  0.32843E-01 
      0.33364E-01  0.33852E-01  0.34312E-01  0.34743E-01  0.35150E-01 
     -0.10943E-02  0.16276E-02  0.43247E-02  0.68684E-02  0.92377E-02 
      0.11427E-01  0.13444E-01  0.15279E-01  0.17000E-01  0.18582E-01 
      0.20032E-01  0.21368E-01  0.22601E-01  0.23738E-01  0.24791E-01 
      0.25770E-01  0.26677E-01  0.27518E-01  0.28301E-01  0.29029E-01 
      0.29700E-01  0.30336E-01  0.30929E-01  0.31480E-01  0.31996E-01 
      0.32478E-01  0.32928E-01  0.33351E-01  0.33747E-01  0.34119E-01

     -0.79781E-03  0.19184E-02  0.46063E-02  0.71243E-02  0.94557E-02 
      0.11598E-01  0.13563E-01  0.15343E-01  0.17007E-01  0.18531E-01 
      0.19923E-01  0.21201E-01  0.22377E-01  0.23459E-01  0.24457E-01 
      0.25383E-01  0.26239E-01  0.27031E-01  0.27765E-01  0.28447E-01 
      0.29072E-01  0.29665E-01  0.30216E-01  0.30727E-01  0.31203E-01 
      0.31647E-01  0.32061E-01  0.32449E-01  0.32811E-01  0.33151E-01 
     -0.46884E-03  0.22411E-02  0.49193E-02  0.74114E-02  0.97048E-02 
      0.11801E-01  0.13715E-01  0.15439E-01  0.17047E-01  0.18513E-01 
      0.19849E-01  0.21070E-01  0.22190E-01  0.23218E-01  0.24163E-01 
      0.25038E-01  0.25844E-01  0.26587E-01  0.27275E-01  0.27911E-01 
      0.28494E-01  0.29044E-01  0.29555E-01  0.30026E-01  0.30465E-01 
      0.30872E-01  0.31251E-01  0.31605E-01  0.31935E-01  0.32243E-01 
     -0.10385E-03  0.25992E-02  0.52671E-02  0.77327E-02  0.99880E-02 
      0.12038E-01  0.13900E-01  0.15570E-01  0.17122E-01  0.18533E-01 
      0.19811E-01  0.20977E-01  0.22043E-01  0.23018E-01  0.23911E-01 
      0.24735E-01  0.25493E-01  0.26189E-01  0.26831E-01  0.27423E-01 
      0.27964E-01  0.28473E-01  0.28945E-01  0.29378E-01  0.29780E-01 
      0.30153E-01  0.30498E-01  0.30820E-01  0.31118E-01  0.31396E-01 
      0.30148E-03  0.29968E-02  0.56535E-02  0.80920E-02  0.10309E-01 
      0.12313E-01  0.14123E-01  0.15739E-01  0.17236E-01  0.18590E-01 
      0.19814E-01  0.20925E-01  0.21937E-01  0.22859E-01  0.23702E-01 
      0.24477E-01  0.25186E-01  0.25836E-01  0.26435E-01  0.26984E-01 
      0.27484E-01  0.27953E-01  0.28386E-01  0.28783E-01  0.29150E-01 
      0.29489E-01  0.29801E-01  0.30091E-01  0.30359E-01  0.30607E-01 
      0.75167E-03  0.34380E-02  0.60825E-02  0.84932E-02  0.10671E-01 
      0.12628E-01  0.14387E-01  0.15949E-01  0.17391E-01  0.18690E-01 
      0.19858E-01  0.20915E-01  0.21874E-01  0.22744E-01  0.23537E-01 
      0.24264E-01  0.24926E-01  0.25531E-01  0.26086E-01  0.26594E-01 
      0.27053E-01  0.27484E-01  0.27880E-01  0.28241E-01  0.28573E-01 
      0.28879E-01  0.29159E-01  0.29419E-01  0.29657E-01  0.29877E-01 
      0.12516E-02  0.39278E-02  0.65589E-02  0.89405E-02  0.11078E-01 
      0.12988E-01  0.14695E-01  0.16202E-01  0.17589E-01  0.18833E-01 
      0.19946E-01  0.20949E-01  0.21855E-01  0.22675E-01  0.23418E-01 
      0.24097E-01  0.24713E-01  0.25274E-01  0.25786E-01  0.26252E-01 
      0.26673E-01  0.27065E-01  0.27424E-01  0.27750E-01  0.28049E-01 
      0.28323E-01  0.28572E-01  0.28802E-01  0.29011E-01  0.29204E-01 
      0.18072E-02  0.44716E-02  0.70875E-02  0.94386E-02  0.11535E-01 
      0.13396E-01  0.15051E-01  0.16503E-01  0.17834E-01  0.19022E-01 
      0.20080E-01  0.21029E-01  0.21884E-01  0.22652E-01  0.23346E-01 
      0.23977E-01  0.24548E-01  0.25065E-01  0.25534E-01  0.25960E-01 
      0.26342E-01  0.26697E-01  0.27020E-01  0.27312E-01  0.27577E-01 
      0.27819E-01  0.28038E-01  0.28238E-01  0.28420E-01  0.28586E-01 
      0.24247E-02  0.50752E-02  0.76740E-02  0.99928E-02  0.12046E-01 
      0.13857E-01  0.15458E-01  0.16855E-01  0.18129E-01  0.19261E-01 
      0.20264E-01  0.21159E-01  0.21960E-01  0.22678E-01  0.23322E-01 
      0.23906E-01  0.24431E-01  0.24904E-01  0.25331E-01  0.25717E-01 
      0.26060E-01  0.26378E-01  0.26665E-01  0.26923E-01  0.27156E-01 
      0.27366E-01  0.27555E-01  0.27727E-01  0.27881E-01  0.28019E-01 
      0.31114E-02  0.57454E-02  0.83245E-02  0.10608E-01  0.12616E-01 
      0.14376E-01  0.15921E-01  0.17260E-01  0.18477E-01  0.19551E-01 
      0.20498E-01  0.21338E-01  0.22086E-01  0.22752E-01  0.23347E-01 
      0.23883E-01  0.24362E-01  0.24791E-01  0.25176E-01  0.25522E-01 
      0.25826E-01  0.26107E-01  0.26359E-01  0.26582E-01  0.26783E-01 
      0.26962E-01  0.27121E-01  0.27264E-01  0.27391E-01  0.27503E-01 
      0.38753E-02  0.64896E-02  0.90456E-02  0.11292E-01  0.13251E-01 
      0.14957E-01  0.16444E-01  0.17724E-01  0.18881E-01  0.19896E-01 
      0.20785E-01  0.21569E-01  0.22262E-01  0.22877E-01  0.23421E-01 
      0.23909E-01  0.24342E-01  0.24726E-01  0.25069E-01  0.25373E-01 
      0.25639E-01  0.25883E-01  0.26099E-01  0.26288E-01  0.26456E-01 
      0.26604E-01  0.26733E-01  0.26847E-01  0.26946E-01  0.27033E-01

      0.47253E-02  0.73158E-02  0.98448E-02  0.12049E-01  0.13957E-01 
      0.15604E-01  0.17031E-01  0.18248E-01  0.19344E-01  0.20298E-01 
      0.21127E-01  0.21853E-01  0.22491E-01  0.23051E-01  0.23544E-01 
      0.23982E-01  0.24368E-01  0.24707E-01  0.25006E-01  0.25269E-01 
      0.25496E-01  0.25702E-01  0.25882E-01  0.26037E-01  0.26172E-01 
      0.26288E-01  0.26387E-01  0.26473E-01  0.26544E-01  0.26604E-01 
      0.56722E-02  0.82334E-02  0.10730E-01  0.12887E-01  0.14739E-01 
      0.16324E-01  0.17686E-01  0.18838E-01  0.19868E-01  0.20758E-01 
      0.21524E-01  0.22190E-01  0.22770E-01  0.23275E-01  0.23715E-01 
      0.24102E-01  0.24439E-01  0.24731E-01  0.24986E-01  0.25207E-01 
      0.25394E-01  0.25561E-01  0.25704E-01  0.25824E-01  0.25925E-01 
      0.26010E-01  0.26078E-01  0.26135E-01  0.26178E-01  0.26211E-01 
      0.67267E-02  0.92523E-02  0.11710E-01  0.13814E-01  0.15603E-01 
      0.17121E-01  0.18413E-01  0.19494E-01  0.20455E-01  0.21277E-01 
      0.21978E-01  0.22581E-01  0.23100E-01  0.23547E-01  0.23931E-01 
      0.24265E-01  0.24552E-01  0.24796E-01  0.25005E-01  0.25183E-01 
      0.25328E-01  0.25456E-01  0.25561E-01  0.25645E-01  0.25712E-01 
      0.25763E-01  0.25801E-01  0.25827E-01  0.25841E-01  0.25847E-01 
      0.79021E-02  0.10384E-01  0.12795E-01  0.14838E-01  0.16557E-01 
      0.18000E-01  0.19215E-01  0.20221E-01  0.21107E-01  0.21857E-01 
      0.22488E-01  0.23023E-01  0.23478E-01  0.23864E-01  0.24190E-01 
      0.24469E-01  0.24702E-01  0.24896E-01  0.25058E-01  0.25190E-01 
      0.25293E-01  0.25379E-01  0.25444E-01  0.25491E-01  0.25523E-01 
      0.25540E-01  0.25546E-01  0.25541E-01  0.25526E-01  0.25504E-01 
      0.92136E-02  0.11641E-01  0.13994E-01  0.15966E-01  0.17605E-01 
      0.18965E-01  0.20096E-01  0.21019E-01  0.21824E-01  0.22495E-01 
      0.23051E-01  0.23515E-01  0.23901E-01  0.24222E-01  0.24486E-01 
      0.24706E-01  0.24884E-01  0.25025E-01  0.25137E-01  0.25221E-01 
      0.25279E-01  0.25322E-01  0.25347E-01  0.25355E-01  0.25349E-01 
      0.25332E-01  0.25304E-01  0.25267E-01  0.25222E-01  0.25171E-01 
      0.10678E-01  0.13037E-01  0.15319E-01  0.17207E-01  0.18755E-01 
      0.20021E-01  0.21058E-01  0.21889E-01  0.22605E-01  0.23190E-01 
      0.23664E-01  0.24050E-01  0.24363E-01  0.24614E-01  0.24813E-01 
      0.24970E-01  0.25088E-01  0.25174E-01  0.25232E-01  0.25266E-01 
      0.25277E-01  0.25275E-01  0.25256E-01  0.25224E-01  0.25180E-01 
      0.25126E-01  0.25063E-01  0.24994E-01  0.24917E-01  0.24836E-01 
      0.12314E-01  0.14588E-01  0.16782E-01  0.18569E-01  0.20012E-01 
      0.21170E-01  0.22101E-01  0.22830E-01  0.23447E-01  0.23937E-01 
      0.24322E-01  0.24623E-01  0.24856E-01  0.25031E-01  0.25159E-01 
      0.25248E-01  0.25303E-01  0.25329E-01  0.25331E-01  0.25312E-01 
      0.25273E-01  0.25223E-01  0.25160E-01  0.25084E-01  0.25000E-01 
      0.24908E-01  0.24809E-01  0.24704E-01  0.24595E-01  0.24482E-01 
      0.14144E-01  0.16311E-01  0.18395E-01  0.20062E-01  0.21380E-01 
      0.22413E-01  0.23224E-01  0.23837E-01  0.24343E-01  0.24728E-01 
      0.25014E-01  0.25222E-01  0.25367E-01  0.25460E-01  0.25511E-01 
      0.25528E-01  0.25515E-01  0.25476E-01  0.25418E-01  0.25342E-01 
      0.25250E-01  0.25149E-01  0.25038E-01  0.24918E-01  0.24791E-01 
      0.24659E-01  0.24522E-01  0.24381E-01  0.24238E-01  0.24093E-01 
      0.16192E-01  0.18224E-01  0.20171E-01  0.21691E-01  0.22861E-01 
      0.23750E-01  0.24421E-01  0.24903E-01  0.25283E-01  0.25551E-01 
      0.25726E-01  0.25831E-01  0.25880E-01  0.25883E-01  0.25850E-01 
      0.25788E-01  0.25701E-01  0.25594E-01  0.25471E-01  0.25334E-01 
      0.25186E-01  0.25031E-01  0.24870E-01  0.24702E-01  0.24530E-01 
      0.24356E-01  0.24179E-01  0.24001E-01  0.23822E-01  0.23643E-01 
      0.18492E-01  0.20350E-01  0.22122E-01  0.23464E-01  0.24457E-01 
      0.25175E-01  0.25684E-01  0.26016E-01  0.26252E-01  0.26386E-01 
      0.26438E-01  0.26429E-01  0.26372E-01  0.26276E-01  0.26151E-01 
      0.26003E-01  0.25836E-01  0.25655E-01  0.25462E-01  0.25261E-01 
      0.25053E-01  0.24841E-01  0.24625E-01  0.24408E-01  0.24190E-01 
      0.23971E-01  0.23753E-01  0.23536E-01  0.23320E-01  0.23106E-01

      0.21074E-01  0.22711E-01  0.24262E-01  0.25382E-01  0.26161E-01 
      0.26677E-01  0.26997E-01  0.27154E-01  0.27226E-01  0.27209E-01 
      0.27122E-01  0.26985E-01  0.26809E-01  0.26605E-01  0.26379E-01 
      0.26138E-01  0.25885E-01  0.25623E-01  0.25356E-01  0.25085E-01 
      0.24813E-01  0.24541E-01  0.24270E-01  0.24000E-01  0.23733E-01 
      0.23468E-01  0.23207E-01  0.22950E-01  0.22697E-01  0.22447E-01 
      0.23978E-01  0.25332E-01  0.26599E-01  0.27444E-01  0.27962E-01 
      0.28235E-01  0.28332E-01  0.28286E-01  0.28170E-01  0.27980E-01 
      0.27736E-01  0.27456E-01  0.27149E-01  0.26825E-01  0.26488E-01 
      0.26146E-01  0.25799E-01  0.25451E-01  0.25105E-01  0.24761E-01 
      0.24422E-01  0.24086E-01  0.23756E-01  0.23432E-01  0.23114E-01 
      0.22803E-01  0.22499E-01  0.22201E-01  0.21909E-01  0.21624E-01 
      0.27255E-01  0.28240E-01  0.29141E-01  0.29639E-01  0.29836E-01 
      0.29816E-01  0.29647E-01  0.29365E-01  0.29030E-01  0.28643E-01 
      0.28222E-01  0.27780E-01  0.27328E-01  0.26872E-01  0.26416E-01 
      0.25963E-01  0.25516E-01  0.25077E-01  0.24646E-01  0.24225E-01 
      0.23817E-01  0.23416E-01  0.23025E-01  0.22646E-01  0.22278E-01 
      0.21919E-01  0.21572E-01  0.21233E-01  0.20905E-01  0.20585E-01 
      0.30964E-01  0.31462E-01  0.31883E-01  0.31940E-01  0.31739E-01 
      0.31363E-01  0.30876E-01  0.30316E-01  0.29727E-01  0.29113E-01 
      0.28491E-01  0.27871E-01  0.27258E-01  0.26657E-01  0.26072E-01 
      0.25501E-01  0.24948E-01  0.24413E-01  0.23896E-01  0.23396E-01 
      0.22917E-01  0.22450E-01  0.22000E-01  0.21566E-01  0.21148E-01 
      0.20745E-01  0.20356E-01  0.19980E-01  0.19617E-01  0.19265E-01 
      0.35169E-01  0.35020E-01  0.34805E-01  0.34292E-01  0.33589E-01 
      0.32776E-01  0.31907E-01  0.31019E-01  0.30134E-01  0.29262E-01 
      0.28414E-01  0.27595E-01  0.26807E-01  0.26051E-01  0.25328E-01 
      0.24635E-01  0.23973E-01  0.23341E-01  0.22736E-01  0.22159E-01 
      0.21611E-01  0.21081E-01  0.20575E-01  0.20092E-01  0.19629E-01 
      0.19185E-01  0.18761E-01  0.18352E-01  0.17960E-01  0.17583E-01 
      0.39965E-01  0.38927E-01  0.37845E-01  0.36581E-01  0.35237E-01 
      0.33878E-01  0.32547E-01  0.31272E-01  0.30043E-01  0.28877E-01 
      0.27779E-01  0.26744E-01  0.25770E-01  0.24854E-01  0.23991E-01 
      0.23175E-01  0.22407E-01  0.21683E-01  0.20998E-01  0.20351E-01 
      0.19744E-01  0.19160E-01  0.18608E-01  0.18085E-01  0.17588E-01 
      0.17115E-01  0.16666E-01  0.16236E-01  0.15827E-01  0.15435E-01 
      0.45451E-01  0.43146E-01  0.40837E-01  0.38552E-01  0.36367E-01 
      0.34320E-01  0.32423E-01  0.30693E-01  0.29071E-01  0.27580E-01 
      0.26215E-01  0.24959E-01  0.23800E-01  0.22730E-01  0.21740E-01 
      0.20817E-01  0.19960E-01  0.19164E-01  0.18419E-01  0.17724E-01 
      0.17080E-01  0.16466E-01  0.15889E-01  0.15350E-01  0.14841E-01 
      0.14361E-01  0.13909E-01  0.13480E-01  0.13073E-01  0.12687E-01 
      0.51728E-01  0.47470E-01  0.43285E-01  0.39520E-01  0.36186E-01 
      0.33254E-01  0.30673E-01  0.28430E-01  0.26386E-01  0.24572E-01 
      0.22963E-01  0.21521E-01  0.20222E-01  0.19050E-01  0.17987E-01 
      0.17014E-01  0.16126E-01  0.15314E-01  0.14567E-01  0.13880E-01 
      0.13252E-01  0.12660E-01  0.12111E-01  0.11604E-01  0.11131E-01 
      0.10689E-01  0.10277E-01  0.98896E-02  0.95264E-02  0.91841E-02 
      0.59034E-01  0.50755E-01  0.42827E-01  0.36594E-01  0.31666E-01 
      0.27725E-01  0.24516E-01  0.21924E-01  0.19661E-01  0.17757E-01 
      0.16144E-01  0.14757E-01  0.13552E-01  0.12499E-01  0.11572E-01 
      0.10745E-01  0.10010E-01  0.93534E-02  0.87624E-02  0.82297E-02 
      0.77541E-02  0.73112E-02  0.69078E-02  0.65416E-02  0.62053E-02 
      0.58959E-02  0.56114E-02  0.53470E-02  0.51025E-02  0.48748E-02 
      0.86563E-02  0.73745E-02  0.61496E-02  0.51980E-02  0.44540E-02 
      0.38653E-02  0.33905E-02  0.30105E-02  0.26808E-02  0.24054E-02 
      0.21739E-02  0.19760E-02  0.18051E-02  0.16566E-02  0.15265E-02 
      0.14111E-02  0.13089E-02  0.12181E-02  0.11367E-02  0.10637E-02 
      0.99870E-03  0.93839E-03  0.88365E-03  0.83415E-03  0.78884E-03 
      0.74729E-03  0.70920E-03  0.67392E-03  0.64138E-03  0.61116E-03

     -0.76387E-01  0.23028E+00  0.54544E+00  0.90276E+00  0.12934E+01 
      0.17091E+01  0.21420E+01  0.25872E+01  0.30377E+01  0.34921E+01 
      0.39476E+01  0.44018E+01  0.48531E+01  0.53000E+01  0.57418E+01 
      0.61780E+01  0.66078E+01  0.70306E+01  0.74465E+01  0.78550E+01 
      0.82549E+01  0.86491E+01  0.90359E+01  0.94146E+01  0.97860E+01 
      0.10150E+02  0.10507E+02  0.10857E+02  0.11199E+02  0.11536E+02 
     -0.71424E-01  0.23160E+00  0.54279E+00  0.89424E+00  0.12773E+01 
      0.16837E+01  0.21061E+01  0.25396E+01  0.29775E+01  0.34187E+01 
      0.38602E+01  0.42998E+01  0.47361E+01  0.51677E+01  0.55939E+01 
      0.60143E+01  0.64281E+01  0.68349E+01  0.72346E+01  0.76269E+01 
      0.80106E+01  0.83887E+01  0.87594E+01  0.91221E+01  0.94775E+01 
      0.98257E+01  0.10166E+02  0.10501E+02  0.10828E+02  0.11149E+02 
     -0.66482E-01  0.23293E+00  0.54015E+00  0.88578E+00  0.12613E+01 
      0.16587E+01  0.20707E+01  0.24926E+01  0.29183E+01  0.33464E+01 
      0.37742E+01  0.41997E+01  0.46214E+01  0.50381E+01  0.54491E+01 
      0.58542E+01  0.62525E+01  0.66437E+01  0.70278E+01  0.74044E+01 
      0.77725E+01  0.81350E+01  0.84901E+01  0.88372E+01  0.91772E+01 
      0.95101E+01  0.98357E+01  0.10155E+02  0.10467E+02  0.10773E+02 
     -0.61529E-01  0.23425E+00  0.53751E+00  0.87736E+00  0.12454E+01 
      0.16339E+01  0.20357E+01  0.24463E+01  0.28600E+01  0.32754E+01 
      0.36899E+01  0.41015E+01  0.45089E+01  0.49111E+01  0.53074E+01 
      0.56976E+01  0.60809E+01  0.64570E+01  0.68259E+01  0.71874E+01 
      0.75403E+01  0.78877E+01  0.82278E+01  0.85600E+01  0.88851E+01 
      0.92032E+01  0.95141E+01  0.98187E+01  0.10117E+02  0.10408E+02 
     -0.56576E-01  0.23558E+00  0.53488E+00  0.86901E+00  0.12297E+01 
      0.16094E+01  0.20012E+01  0.24007E+01  0.28026E+01  0.32056E+01 
      0.36070E+01  0.40051E+01  0.43987E+01  0.47868E+01  0.51688E+01 
      0.55445E+01  0.59132E+01  0.62746E+01  0.66289E+01  0.69757E+01 
      0.73141E+01  0.76468E+01  0.79723E+01  0.82901E+01  0.86009E+01 
      0.89047E+01  0.92015E+01  0.94921E+01  0.97761E+01  0.10054E+02 
     -0.51634E-01  0.23690E+00  0.53225E+00  0.86070E+00  0.12141E+01 
      0.15851E+01  0.19671E+01  0.23557E+01  0.27462E+01  0.31370E+01 
      0.35256E+01  0.39106E+01  0.42907E+01  0.46651E+01  0.50331E+01 
      0.53948E+01  0.57493E+01  0.60966E+01  0.64367E+01  0.67693E+01 
      0.70935E+01  0.74121E+01  0.77236E+01  0.80274E+01  0.83244E+01 
      0.86145E+01  0.88977E+01  0.91748E+01  0.94454E+01  0.97102E+01 
     -0.46692E-01  0.23823E+00  0.52964E+00  0.85244E+00  0.11987E+01 
      0.15611E+01  0.19335E+01  0.23114E+01  0.26906E+01  0.30695E+01 
      0.34457E+01  0.38179E+01  0.41849E+01  0.45459E+01  0.49004E+01 
      0.52484E+01  0.55893E+01  0.59228E+01  0.62491E+01  0.65680E+01 
      0.68785E+01  0.71836E+01  0.74815E+01  0.77719E+01  0.80555E+01 
      0.83324E+01  0.86025E+01  0.88666E+01  0.91244E+01  0.93764E+01 
     -0.41749E-01  0.23955E+00  0.52703E+00  0.84424E+00  0.11834E+01 
      0.15374E+01  0.19003E+01  0.22677E+01  0.26359E+01  0.30031E+01 
      0.33673E+01  0.37269E+01  0.40812E+01  0.44292E+01  0.47705E+01 
      0.51053E+01  0.54329E+01  0.57531E+01  0.60661E+01  0.63717E+01 
      0.66690E+01  0.69609E+01  0.72458E+01  0.75232E+01  0.77939E+01 
      0.80581E+01  0.83156E+01  0.85672E+01  0.88127E+01  0.90525E+01 
     -0.36818E-01  0.24087E+00  0.52443E+00  0.83609E+00  0.11682E+01 
      0.15140E+01  0.18675E+01  0.22247E+01  0.25821E+01  0.29380E+01 
      0.32903E+01  0.36377E+01  0.39796E+01  0.43149E+01  0.46435E+01 
      0.49655E+01  0.52802E+01  0.55875E+01  0.58876E+01  0.61804E+01 
      0.64649E+01  0.67441E+01  0.70164E+01  0.72813E+01  0.75396E+01 
      0.77915E+01  0.80369E+01  0.82765E+01  0.85101E+01  0.87381E+01 
     -0.31886E-01  0.24219E+00  0.52184E+00  0.82800E+00  0.11532E+01 
      0.14908E+01  0.18352E+01  0.21823E+01  0.25291E+01  0.28739E+01 
      0.32146E+01  0.35503E+01  0.38800E+01  0.42031E+01  0.45193E+01 
      0.48288E+01  0.51310E+01  0.54258E+01  0.57135E+01  0.59938E+01 
      0.62660E+01  0.65330E+01  0.67930E+01  0.70459E+01  0.72923E+01 
      0.75324E+01  0.77661E+01  0.79942E+01  0.82163E+01  0.84331E+01
      
     -0.26966E-01  0.24351E+00  0.51925E+00  0.81995E+00  0.11383E+01 
      0.14679E+01  0.18032E+01  0.21405E+01  0.24770E+01  0.28109E+01 
      0.31404E+01  0.34645E+01  0.37824E+01  0.40936E+01  0.43978E+01 
      0.46952E+01  0.49853E+01  0.52680E+01  0.55436E+01  0.58120E+01 
      0.60723E+01  0.63274E+01  0.65757E+01  0.68170E+01  0.70519E+01 
      0.72806E+01  0.75031E+01  0.77201E+01  0.79313E+01  0.81372E+01 
     -0.22034E-01  0.24483E+00  0.51667E+00  0.81196E+00  0.11235E+01 
      0.14452E+01  0.17717E+01  0.20993E+01  0.24257E+01  0.27490E+01 
      0.30675E+01  0.33803E+01  0.36868E+01  0.39864E+01  0.42789E+01 
      0.45646E+01  0.48430E+01  0.51140E+01  0.53780E+01  0.56348E+01 
      0.58836E+01  0.61273E+01  0.63643E+01  0.65943E+01  0.68182E+01 
      0.70360E+01  0.72476E+01  0.74539E+01  0.76546E+01  0.78502E+01 
     -0.17114E-01  0.24615E+00  0.51410E+00  0.80401E+00  0.11089E+01 
      0.14228E+01  0.17406E+01  0.20587E+01  0.23752E+01  0.26882E+01 
      0.29960E+01  0.32978E+01  0.35932E+01  0.38815E+01  0.41627E+01 
      0.44371E+01  0.47041E+01  0.49638E+01  0.52165E+01  0.54621E+01 
      0.56998E+01  0.59325E+01  0.61586E+01  0.63778E+01  0.65910E+01 
      0.67983E+01  0.69996E+01  0.71956E+01  0.73862E+01  0.75718E+01 
     -0.12193E-01  0.24746E+00  0.51154E+00  0.79612E+00  0.10944E+01 
      0.14006E+01  0.17099E+01  0.20187E+01  0.23256E+01  0.26284E+01 
      0.29258E+01  0.32170E+01  0.35015E+01  0.37789E+01  0.40491E+01 
      0.43124E+01  0.45684E+01  0.48172E+01  0.50590E+01  0.52938E+01 
      0.55208E+01  0.57428E+01  0.59584E+01  0.61673E+01  0.63703E+01 
      0.65674E+01  0.67587E+01  0.69449E+01  0.71258E+01  0.73018E+01 
     -0.72837E-02  0.24878E+00  0.50899E+00  0.78828E+00  0.10801E+01 
      0.13787E+01  0.16796E+01  0.19794E+01  0.22767E+01  0.25697E+01 
      0.28569E+01  0.31377E+01  0.34117E+01  0.36784E+01  0.39380E+01 
      0.41906E+01  0.44360E+01  0.46742E+01  0.49055E+01  0.51298E+01 
      0.53465E+01  0.55583E+01  0.57638E+01  0.59627E+01  0.61557E+01 
      0.63432E+01  0.65249E+01  0.67016E+01  0.68732E+01  0.70400E+01 
     -0.23739E-02  0.25009E+00  0.50644E+00  0.78049E+00  0.10658E+01 
      0.13570E+01  0.16497E+01  0.19406E+01  0.22287E+01  0.25120E+01 
      0.27893E+01  0.30599E+01  0.33237E+01  0.35801E+01  0.38294E+01 
      0.40717E+01  0.43068E+01  0.45347E+01  0.47558E+01  0.49700E+01 
      0.51768E+01  0.53787E+01  0.55744E+01  0.57637E+01  0.59473E+01 
      0.61253E+01  0.62979E+01  0.64656E+01  0.66282E+01  0.67862E+01 
      0.25362E-02  0.25141E+00  0.50390E+00  0.77275E+00  0.10517E+01 
      0.13356E+01  0.16202E+01  0.19023E+01  0.21814E+01  0.24553E+01 
      0.27229E+01  0.29837E+01  0.32375E+01  0.34840E+01  0.37232E+01 
      0.39555E+01  0.41806E+01  0.43986E+01  0.46099E+01  0.48144E+01 
      0.50116E+01  0.52040E+01  0.53903E+01  0.55703E+01  0.57448E+01 
      0.59139E+01  0.60776E+01  0.62366E+01  0.63906E+01  0.65402E+01 
      0.74455E-02  0.25272E+00  0.50136E+00  0.76506E+00  0.10378E+01 
      0.13144E+01  0.15911E+01  0.18647E+01  0.21349E+01  0.23996E+01 
      0.26578E+01  0.29090E+01  0.31532E+01  0.33899E+01  0.36194E+01 
      0.38420E+01  0.40575E+01  0.42659E+01  0.44677E+01  0.46628E+01 
      0.48507E+01  0.50340E+01  0.52113E+01  0.53824E+01  0.55481E+01 
      0.57086E+01  0.58637E+01  0.60144E+01  0.61602E+01  0.63017E+01 
      0.12344E-01  0.25403E+00  0.49884E+00  0.75742E+00  0.10239E+01 
      0.12935E+01  0.15624E+01  0.18276E+01  0.20891E+01  0.23449E+01 
      0.25939E+01  0.28359E+01  0.30706E+01  0.32979E+01  0.35179E+01 
      0.37312E+01  0.39373E+01  0.41365E+01  0.43291E+01  0.45152E+01 
      0.46942E+01  0.48686E+01  0.50372E+01  0.51998E+01  0.53571E+01 
      0.55092E+01  0.56563E+01  0.57989E+01  0.59369E+01  0.60707E+01 
      0.17232E-01  0.25534E+00  0.49632E+00  0.74983E+00  0.10102E+01 
      0.12728E+01  0.15341E+01  0.17911E+01  0.20442E+01  0.22912E+01 
      0.25312E+01  0.27641E+01  0.29897E+01  0.32079E+01  0.34188E+01 
      0.36230E+01  0.38201E+01  0.40103E+01  0.41941E+01  0.43715E+01 
      0.45418E+01  0.47078E+01  0.48680E+01  0.50224E+01  0.51716E+01 
      0.53158E+01  0.54550E+01  0.55900E+01  0.57204E+01  0.58468E+01
      
      0.22130E-01  0.25665E+00  0.49381E+00  0.74229E+00  0.99660E+00 
      0.12523E+01  0.15061E+01  0.17551E+01  0.19999E+01  0.22384E+01 
      0.24698E+01  0.26938E+01  0.29105E+01  0.31198E+01  0.33219E+01 
      0.35173E+01  0.37057E+01  0.38873E+01  0.40626E+01  0.42315E+01 
      0.43936E+01  0.45513E+01  0.47035E+01  0.48500E+01  0.49914E+01 
      0.51280E+01  0.52597E+01  0.53873E+01  0.55105E+01  0.56298E+01 
      0.27018E-01  0.25796E+00  0.49131E+00  0.73480E+00  0.98313E+00 
      0.12321E+01  0.14785E+01  0.17197E+01  0.19564E+01  0.21866E+01 
      0.24094E+01  0.26249E+01  0.28331E+01  0.30338E+01  0.32273E+01 
      0.34141E+01  0.35941E+01  0.37674E+01  0.39344E+01  0.40953E+01 
      0.42494E+01  0.43992E+01  0.45437E+01  0.46826E+01  0.48165E+01 
      0.49458E+01  0.50704E+01  0.51909E+01  0.53072E+01  0.54197E+01 
      0.31906E-01  0.25927E+00  0.48881E+00  0.72736E+00  0.96979E+00 
      0.12121E+01  0.14513E+01  0.16848E+01  0.19136E+01  0.21357E+01 
      0.23503E+01  0.25574E+01  0.27572E+01  0.29496E+01  0.31348E+01 
      0.33134E+01  0.34852E+01  0.36504E+01  0.38096E+01  0.39626E+01 
      0.41090E+01  0.42513E+01  0.43884E+01  0.45199E+01  0.46468E+01 
      0.47690E+01  0.48867E+01  0.50005E+01  0.51102E+01  0.52162E+01 
      0.36794E-01  0.26058E+00  0.48632E+00  0.71996E+00  0.95658E+00 
      0.11923E+01  0.14245E+01  0.16505E+01  0.18716E+01  0.20857E+01 
      0.22923E+01  0.24913E+01  0.26830E+01  0.28673E+01  0.30444E+01 
      0.32151E+01  0.33790E+01  0.35365E+01  0.36880E+01  0.38335E+01 
      0.39725E+01  0.41076E+01  0.42375E+01  0.43620E+01  0.44820E+01 
      0.45975E+01  0.47086E+01  0.48160E+01  0.49193E+01  0.50192E+01 
      0.41672E-01  0.26188E+00  0.48384E+00  0.71262E+00  0.94348E+00 
      0.11728E+01  0.13980E+01  0.16166E+01  0.18302E+01  0.20366E+01 
      0.22354E+01  0.24265E+01  0.26103E+01  0.27868E+01  0.29562E+01 
      0.31191E+01  0.32755E+01  0.34255E+01  0.35695E+01  0.37078E+01 
      0.38398E+01  0.39678E+01  0.40908E+01  0.42087E+01  0.43221E+01 
      0.44312E+01  0.45360E+01  0.46371E+01  0.47344E+01  0.48283E+01 
      0.46537E-01  0.26318E+00  0.48137E+00  0.70532E+00  0.93051E+00 
      0.11535E+01  0.13719E+01  0.15833E+01  0.17895E+01  0.19884E+01 
      0.21795E+01  0.23631E+01  0.25392E+01  0.27081E+01  0.28700E+01 
      0.30255E+01  0.31745E+01  0.33173E+01  0.34543E+01  0.35856E+01 
      0.37107E+01  0.38320E+01  0.39484E+01  0.40599E+01  0.41670E+01 
      0.42698E+01  0.43686E+01  0.44639E+01  0.45554E+01  0.46437E+01 
      0.51414E-01  0.26449E+00  0.47890E+00  0.69807E+00  0.91766E+00 
      0.11344E+01  0.13461E+01  0.15505E+01  0.17495E+01  0.19411E+01 
      0.21248E+01  0.23009E+01  0.24697E+01  0.26312E+01  0.27858E+01 
      0.29341E+01  0.30761E+01  0.32119E+01  0.33420E+01  0.34666E+01 
      0.35852E+01  0.37000E+01  0.38101E+01  0.39154E+01  0.40164E+01 
      0.41134E+01  0.42064E+01  0.42960E+01  0.43820E+01  0.44649E+01 
      0.56291E-01  0.26579E+00  0.47644E+00  0.69087E+00  0.90493E+00 
      0.11155E+01  0.13207E+01  0.15182E+01  0.17102E+01  0.18947E+01 
      0.20712E+01  0.22401E+01  0.24016E+01  0.25560E+01  0.27036E+01 
      0.28450E+01  0.29801E+01  0.31092E+01  0.32327E+01  0.33508E+01 
      0.34631E+01  0.35718E+01  0.36758E+01  0.37752E+01  0.38704E+01 
      0.39618E+01  0.40492E+01  0.41334E+01  0.42142E+01  0.42919E+01 
      0.61157E-01  0.26710E+00  0.47399E+00  0.68372E+00  0.89232E+00 
      0.10969E+01  0.12956E+01  0.14865E+01  0.16716E+01  0.18491E+01 
      0.20185E+01  0.21804E+01  0.23351E+01  0.24825E+01  0.26233E+01 
      0.27580E+01  0.28865E+01  0.30091E+01  0.31263E+01  0.32383E+01 
      0.33445E+01  0.34472E+01  0.35454E+01  0.36391E+01  0.37288E+01 
      0.38147E+01  0.38969E+01  0.39760E+01  0.40517E+01  0.41245E+01 
      0.66012E-01  0.26840E+00  0.47154E+00  0.67661E+00  0.87983E+00 
      0.10785E+01  0.12709E+01  0.14552E+01  0.16336E+01  0.18043E+01 
      0.19670E+01  0.21221E+01  0.22699E+01  0.24108E+01  0.25449E+01 
      0.26732E+01  0.27953E+01  0.29117E+01  0.30228E+01  0.31288E+01 
      0.32292E+01  0.33262E+01  0.34188E+01  0.35071E+01  0.35915E+01 
      0.36722E+01  0.37494E+01  0.38235E+01  0.38945E+01  0.39626E+01

      0.70867E-01  0.26969E+00  0.46911E+00  0.66956E+00  0.86746E+00 
      0.10603E+01  0.12465E+01  0.14244E+01  0.15963E+01  0.17604E+01 
      0.19164E+01  0.20649E+01  0.22062E+01  0.23406E+01  0.24684E+01 
      0.25904E+01  0.27064E+01  0.28168E+01  0.29221E+01  0.30223E+01 
      0.31171E+01  0.32086E+01  0.32960E+01  0.33790E+01  0.34583E+01 
      0.35341E+01  0.36065E+01  0.36759E+01  0.37423E+01  0.38059E+01 
      0.75721E-01  0.27099E+00  0.46668E+00  0.66255E+00  0.85521E+00 
      0.10423E+01  0.12225E+01  0.13941E+01  0.15596E+01  0.17173E+01 
      0.18669E+01  0.20090E+01  0.21440E+01  0.22721E+01  0.23938E+01 
      0.25097E+01  0.26198E+01  0.27245E+01  0.28241E+01  0.29188E+01 
      0.30082E+01  0.30945E+01  0.31767E+01  0.32548E+01  0.33293E+01 
      0.34004E+01  0.34681E+01  0.35331E+01  0.35951E+01  0.36545E+01 
      0.80565E-01  0.27229E+00  0.46425E+00  0.65558E+00  0.84307E+00 
      0.10245E+01  0.11988E+01  0.13642E+01  0.15235E+01  0.16749E+01 
      0.18183E+01  0.19542E+01  0.20830E+01  0.22051E+01  0.23209E+01 
      0.24310E+01  0.25355E+01  0.26345E+01  0.27287E+01  0.28181E+01 
      0.29025E+01  0.29837E+01  0.30610E+01  0.31343E+01  0.32042E+01 
      0.32707E+01  0.33341E+01  0.33948E+01  0.34527E+01  0.35080E+01 
      0.85419E-01  0.27359E+00  0.46184E+00  0.64867E+00  0.83105E+00 
      0.10070E+01  0.11754E+01  0.13348E+01  0.14881E+01  0.16334E+01 
      0.17707E+01  0.19006E+01  0.20235E+01  0.21397E+01  0.22498E+01 
      0.23543E+01  0.24533E+01  0.25470E+01  0.26359E+01  0.27203E+01 
      0.27997E+01  0.28761E+01  0.29487E+01  0.30175E+01  0.30829E+01 
      0.31452E+01  0.32044E+01  0.32610E+01  0.33149E+01  0.33664E+01 
      0.90252E-01  0.27488E+00  0.45943E+00  0.64180E+00  0.81914E+00 
      0.98964E+00  0.11524E+01  0.13059E+01  0.14533E+01  0.15927E+01 
      0.17240E+01  0.18481E+01  0.19653E+01  0.20759E+01  0.21804E+01 
      0.22795E+01  0.23732E+01  0.24618E+01  0.25457E+01  0.26252E+01 
      0.26999E+01  0.27717E+01  0.28398E+01  0.29042E+01  0.29655E+01 
      0.30237E+01  0.30789E+01  0.31316E+01  0.31818E+01  0.32296E+01 
      0.95084E-01  0.27617E+00  0.45703E+00  0.63497E+00  0.80735E+00 
      0.97250E+00  0.11297E+01  0.12775E+01  0.14191E+01  0.15527E+01 
      0.16783E+01  0.17967E+01  0.19083E+01  0.20135E+01  0.21127E+01 
      0.22066E+01  0.22952E+01  0.23788E+01  0.24580E+01  0.25328E+01 
      0.26030E+01  0.26704E+01  0.27342E+01  0.27945E+01  0.28516E+01 
      0.29059E+01  0.29574E+01  0.30064E+01  0.30530E+01  0.30974E+01 
      0.99916E-01  0.27746E+00  0.45464E+00  0.62820E+00  0.79567E+00 
      0.95557E+00  0.11073E+01  0.12495E+01  0.13855E+01  0.15135E+01 
      0.16336E+01  0.17465E+01  0.18527E+01  0.19526E+01  0.20466E+01 
      0.21355E+01  0.22192E+01  0.22981E+01  0.23727E+01  0.24430E+01 
      0.25089E+01  0.25720E+01  0.26318E+01  0.26881E+01  0.27414E+01 
      0.27920E+01  0.28398E+01  0.28854E+01  0.29285E+01  0.29696E+01 
      0.10474E+00  0.27875E+00  0.45225E+00  0.62147E+00  0.78411E+00 
      0.93884E+00  0.10852E+01  0.12220E+01  0.13525E+01  0.14750E+01 
      0.15897E+01  0.16973E+01  0.17983E+01  0.18931E+01  0.19822E+01 
      0.20663E+01  0.21453E+01  0.22196E+01  0.22897E+01  0.23558E+01 
      0.24175E+01  0.24766E+01  0.25325E+01  0.25850E+01  0.26347E+01 
      0.26817E+01  0.27261E+01  0.27683E+01  0.28082E+01  0.28462E+01 
      0.10956E+00  0.28004E+00  0.44988E+00  0.61478E+00  0.77266E+00 
      0.92232E+00  0.10634E+01  0.11949E+01  0.13200E+01  0.14373E+01 
      0.15467E+01  0.16492E+01  0.17452E+01  0.18351E+01  0.19194E+01 
      0.19988E+01  0.20733E+01  0.21433E+01  0.22091E+01  0.22711E+01 
      0.23288E+01  0.23841E+01  0.24362E+01  0.24851E+01  0.25313E+01 
      0.25749E+01  0.26161E+01  0.26551E+01  0.26920E+01  0.27270E+01 
      0.11438E+00  0.28133E+00  0.44750E+00  0.60814E+00  0.76132E+00 
      0.90599E+00  0.10420E+01  0.11682E+01  0.12882E+01  0.14003E+01 
      0.15046E+01  0.16021E+01  0.16932E+01  0.17784E+01  0.18581E+01 
      0.19330E+01  0.20032E+01  0.20690E+01  0.21308E+01  0.21888E+01 
      0.22428E+01  0.22944E+01  0.23429E+01  0.23884E+01  0.24312E+01 
      0.24717E+01  0.25097E+01  0.25457E+01  0.25797E+01  0.26119E+01

      0.11919E+00  0.28261E+00  0.44514E+00  0.60155E+00  0.75009E+00 
      0.88987E+00  0.10208E+01  0.11420E+01  0.12569E+01  0.13640E+01 
      0.14634E+01  0.15560E+01  0.16425E+01  0.17231E+01  0.17983E+01 
      0.18690E+01  0.19350E+01  0.19967E+01  0.20546E+01  0.21089E+01 
      0.21593E+01  0.22073E+01  0.22525E+01  0.22947E+01  0.23344E+01 
      0.23718E+01  0.24069E+01  0.24401E+01  0.24713E+01  0.25008E+01 
      0.12399E+00  0.28390E+00  0.44279E+00  0.59500E+00  0.73897E+00 
      0.87395E+00  0.99996E+00  0.11162E+01  0.12262E+01  0.13284E+01 
      0.14230E+01  0.15110E+01  0.15929E+01  0.16691E+01  0.17401E+01 
      0.18066E+01  0.18686E+01  0.19265E+01  0.19807E+01  0.20313E+01 
      0.20782E+01  0.21229E+01  0.21648E+01  0.22039E+01  0.22406E+01 
      0.22751E+01  0.23074E+01  0.23379E+01  0.23666E+01  0.23936E+01 
      0.12880E+00  0.28518E+00  0.44044E+00  0.58850E+00  0.72796E+00 
      0.85822E+00  0.97942E+00  0.10908E+01  0.11960E+01  0.12935E+01 
      0.13835E+01  0.14670E+01  0.15445E+01  0.16164E+01  0.16833E+01 
      0.17458E+01  0.18040E+01  0.18582E+01  0.19088E+01  0.19560E+01 
      0.19997E+01  0.20412E+01  0.20800E+01  0.21161E+01  0.21500E+01 
      0.21817E+01  0.22114E+01  0.22393E+01  0.22655E+01  0.22901E+01 
      0.13359E+00  0.28646E+00  0.43810E+00  0.58205E+00  0.71706E+00 
      0.84269E+00  0.95917E+00  0.10659E+01  0.11664E+01  0.12592E+01 
      0.13448E+01  0.14239E+01  0.14972E+01  0.15650E+01  0.16280E+01 
      0.16867E+01  0.17412E+01  0.17918E+01  0.18390E+01  0.18829E+01 
      0.19234E+01  0.19619E+01  0.19978E+01  0.20311E+01  0.20622E+01 
      0.20913E+01  0.21185E+01  0.21440E+01  0.21679E+01  0.21903E+01 
      0.13838E+00  0.28774E+00  0.43577E+00  0.57564E+00  0.70627E+00 
      0.82735E+00  0.93922E+00  0.10413E+01  0.11373E+01  0.12257E+01 
      0.13069E+01  0.13818E+01  0.14510E+01  0.15149E+01  0.15740E+01 
      0.16291E+01  0.16800E+01  0.17273E+01  0.17712E+01  0.18120E+01 
      0.18495E+01  0.18851E+01  0.19182E+01  0.19488E+01  0.19774E+01 
      0.20040E+01  0.20288E+01  0.20520E+01  0.20737E+01  0.20940E+01 
      0.14316E+00  0.28902E+00  0.43344E+00  0.56927E+00  0.69559E+00 
      0.81220E+00  0.91956E+00  0.10172E+01  0.11087E+01  0.11928E+01 
      0.12698E+01  0.13406E+01  0.14059E+01  0.14660E+01  0.15215E+01 
      0.15730E+01  0.16206E+01  0.16646E+01  0.17054E+01  0.17432E+01 
      0.17779E+01  0.18106E+01  0.18411E+01  0.18692E+01  0.18953E+01 
      0.19196E+01  0.19422E+01  0.19632E+01  0.19828E+01  0.20011E+01 
      0.14794E+00  0.29029E+00  0.43112E+00  0.56295E+00  0.68501E+00 
      0.79724E+00  0.90019E+00  0.99346E+00  0.10807E+01  0.11606E+01 
      0.12335E+01  0.13004E+01  0.13618E+01  0.14183E+01  0.14703E+01 
      0.15184E+01  0.15628E+01  0.16037E+01  0.16415E+01  0.16764E+01 
      0.17084E+01  0.17386E+01  0.17665E+01  0.17922E+01  0.18160E+01 
      0.18381E+01  0.18585E+01  0.18776E+01  0.18952E+01  0.19116E+01 
      0.15271E+00  0.29157E+00  0.42881E+00  0.55668E+00  0.67454E+00 
      0.78247E+00  0.88111E+00  0.97012E+00  0.10532E+01  0.11290E+01 
      0.11979E+01  0.12610E+01  0.13188E+01  0.13718E+01  0.14204E+01 
      0.14653E+01  0.15066E+01  0.15445E+01  0.15795E+01  0.16117E+01 
      0.16411E+01  0.16687E+01  0.16942E+01  0.17177E+01  0.17393E+01 
      0.17593E+01  0.17777E+01  0.17949E+01  0.18106E+01  0.18253E+01 
      0.15748E+00  0.29284E+00  0.42651E+00  0.55045E+00  0.66418E+00 
      0.76789E+00  0.86231E+00  0.94718E+00  0.10262E+01  0.10980E+01 
      0.11632E+01  0.12226E+01  0.12769E+01  0.13264E+01  0.13718E+01 
      0.14136E+01  0.14519E+01  0.14870E+01  0.15193E+01  0.15489E+01 
      0.15759E+01  0.16011E+01  0.16244E+01  0.16456E+01  0.16652E+01 
      0.16832E+01  0.16998E+01  0.17151E+01  0.17291E+01  0.17421E+01 
      0.16222E+00  0.29410E+00  0.42422E+00  0.54426E+00  0.65392E+00 
      0.75349E+00  0.84379E+00  0.92463E+00  0.99965E+00  0.10677E+01 
      0.11291E+01  0.11850E+01  0.12359E+01  0.12822E+01  0.13245E+01 
      0.13633E+01  0.13988E+01  0.14312E+01  0.14609E+01  0.14881E+01 
      0.15127E+01  0.15357E+01  0.15568E+01  0.15760E+01  0.15936E+01 
      0.16098E+01  0.16245E+01  0.16381E+01  0.16506E+01  0.16620E+01
      
      0.16697E+00  0.29537E+00  0.42193E+00  0.53812E+00  0.64377E+00 
      0.73928E+00  0.82555E+00  0.90246E+00  0.97364E+00  0.10379E+01 
      0.10958E+01  0.11483E+01  0.11959E+01  0.12391E+01  0.12784E+01 
      0.13144E+01  0.13472E+01  0.13770E+01  0.14042E+01  0.14291E+01 
      0.14514E+01  0.14723E+01  0.14914E+01  0.15087E+01  0.15245E+01 
      0.15389E+01  0.15519E+01  0.15639E+01  0.15748E+01  0.15848E+01 
      0.17172E+00  0.29663E+00  0.41965E+00  0.53203E+00  0.63372E+00 
      0.72525E+00  0.80759E+00  0.88066E+00  0.94811E+00  0.10088E+01 
      0.10633E+01  0.11124E+01  0.11569E+01  0.11971E+01  0.12336E+01 
      0.12669E+01  0.12970E+01  0.13244E+01  0.13493E+01  0.13719E+01 
      0.13922E+01  0.14110E+01  0.14282E+01  0.14436E+01  0.14577E+01 
      0.14704E+01  0.14819E+01  0.14924E+01  0.15019E+01  0.15105E+01 
      0.17644E+00  0.29789E+00  0.41738E+00  0.52598E+00  0.62378E+00 
      0.71140E+00  0.78989E+00  0.85924E+00  0.92306E+00  0.98027E+00 
      0.10314E+01  0.10774E+01  0.11189E+01  0.11562E+01  0.11899E+01 
      0.12206E+01  0.12483E+01  0.12733E+01  0.12960E+01  0.13165E+01 
      0.13347E+01  0.13517E+01  0.13670E+01  0.13808E+01  0.13932E+01 
      0.14044E+01  0.14144E+01  0.14235E+01  0.14316E+01  0.14389E+01 
      0.18117E+00  0.29915E+00  0.41512E+00  0.51997E+00  0.61394E+00 
      0.69773E+00  0.77247E+00  0.83819E+00  0.89849E+00  0.95232E+00 
      0.10003E+01  0.10432E+01  0.10817E+01  0.11163E+01  0.11474E+01 
      0.11756E+01  0.12009E+01  0.12237E+01  0.12443E+01  0.12628E+01 
      0.12792E+01  0.12943E+01  0.13079E+01  0.13200E+01  0.13309E+01 
      0.13406E+01  0.13493E+01  0.13570E+01  0.13639E+01  0.13700E+01 
      0.18589E+00  0.30041E+00  0.41286E+00  0.51401E+00  0.60420E+00 
      0.68424E+00  0.75531E+00  0.81750E+00  0.87438E+00  0.92495E+00 
      0.96978E+00  0.10098E+01  0.10455E+01  0.10775E+01  0.11061E+01 
      0.11319E+01  0.11550E+01  0.11756E+01  0.11942E+01  0.12108E+01 
      0.12254E+01  0.12388E+01  0.12508E+01  0.12614E+01  0.12708E+01 
      0.12792E+01  0.12865E+01  0.12930E+01  0.12987E+01  0.13037E+01 
      0.19060E+00  0.30166E+00  0.41061E+00  0.50809E+00  0.59457E+00 
      0.67093E+00  0.73841E+00  0.79717E+00  0.85074E+00  0.89814E+00 
      0.93998E+00  0.97713E+00  0.10102E+01  0.10396E+01  0.10658E+01 
      0.10894E+01  0.11103E+01  0.11290E+01  0.11456E+01  0.11604E+01 
      0.11733E+01  0.11851E+01  0.11956E+01  0.12048E+01  0.12128E+01 
      0.12199E+01  0.12260E+01  0.12314E+01  0.12360E+01  0.12399E+01 
      0.19529E+00  0.30291E+00  0.40838E+00  0.50222E+00  0.58503E+00 
      0.65779E+00  0.72177E+00  0.77720E+00  0.82754E+00  0.87189E+00 
      0.91084E+00  0.94526E+00  0.97576E+00  0.10027E+01  0.10267E+01 
      0.10480E+01  0.10670E+01  0.10837E+01  0.10985E+01  0.11116E+01 
      0.11230E+01  0.11332E+01  0.11423E+01  0.11501E+01  0.11569E+01 
      0.11627E+01  0.11677E+01  0.11720E+01  0.11756E+01  0.11786E+01 
      0.19998E+00  0.30415E+00  0.40615E+00  0.49640E+00  0.57560E+00 
      0.64482E+00  0.70539E+00  0.75758E+00  0.80480E+00  0.84619E+00 
      0.88236E+00  0.91415E+00  0.94218E+00  0.96685E+00  0.98859E+00 
      0.10079E+01  0.10249E+01  0.10398E+01  0.10529E+01  0.10644E+01 
      0.10742E+01  0.10831E+01  0.10908E+01  0.10973E+01  0.11029E+01 
      0.11076E+01  0.11116E+01  0.11149E+01  0.11175E+01  0.11196E+01 
      0.20465E+00  0.30539E+00  0.40392E+00  0.49061E+00  0.56627E+00 
      0.63203E+00  0.68927E+00  0.73830E+00  0.78249E+00  0.82102E+00 
      0.85451E+00  0.88378E+00  0.90944E+00  0.93188E+00  0.95154E+00 
      0.96889E+00  0.98403E+00  0.99721E+00  0.10087E+01  0.10187E+01 
      0.10271E+01  0.10346E+01  0.10410E+01  0.10464E+01  0.10509E+01 
      0.10546E+01  0.10575E+01  0.10599E+01  0.10617E+01  0.10629E+01 
      0.20931E+00  0.30663E+00  0.40171E+00  0.48488E+00  0.55704E+00 
      0.61941E+00  0.67340E+00  0.71936E+00  0.76062E+00  0.79639E+00 
      0.82729E+00  0.85414E+00  0.87752E+00  0.89785E+00  0.91552E+00 
      0.93099E+00  0.94439E+00  0.95594E+00  0.96591E+00  0.97444E+00 
      0.98153E+00  0.98778E+00  0.99300E+00  0.99724E+00  0.10007E+01 
      0.10034E+01  0.10055E+01  0.10070E+01  0.10079E+01  0.10084E+01

      0.21397E+00  0.30786E+00  0.39950E+00  0.47918E+00  0.54791E+00 
      0.60695E+00  0.65777E+00  0.70076E+00  0.73917E+00  0.77228E+00 
      0.80068E+00  0.82520E+00  0.84641E+00  0.86471E+00  0.88048E+00 
      0.89418E+00  0.90592E+00  0.91592E+00  0.92445E+00  0.93163E+00 
      0.93747E+00  0.94253E+00  0.94664E+00  0.94984E+00  0.95232E+00 
      0.95413E+00  0.95533E+00  0.95604E+00  0.95626E+00  0.95607E+00 
      0.21861E+00  0.30909E+00  0.39730E+00  0.47353E+00  0.53887E+00 
      0.59467E+00  0.64239E+00  0.68248E+00  0.71815E+00  0.74867E+00 
      0.77468E+00  0.79697E+00  0.81609E+00  0.83245E+00  0.84642E+00 
      0.85843E+00  0.86859E+00  0.87714E+00  0.88430E+00  0.89021E+00 
      0.89487E+00  0.89882E+00  0.90189E+00  0.90413E+00  0.90571E+00 
      0.90668E+00  0.90710E+00  0.90707E+00  0.90660E+00  0.90577E+00 
      0.22325E+00  0.31032E+00  0.39511E+00  0.46793E+00  0.52994E+00 
      0.58254E+00  0.62725E+00  0.66453E+00  0.69753E+00  0.72557E+00 
      0.74926E+00  0.76941E+00  0.78654E+00  0.80105E+00  0.81330E+00 
      0.82371E+00  0.83238E+00  0.83954E+00  0.84542E+00  0.85013E+00 
      0.85370E+00  0.85660E+00  0.85870E+00  0.86005E+00  0.86079E+00 
      0.86098E+00  0.86068E+00  0.85997E+00  0.85888E+00  0.85746E+00 
      0.22786E+00  0.31154E+00  0.39293E+00  0.46236E+00  0.52110E+00 
      0.57058E+00  0.61235E+00  0.64691E+00  0.67732E+00  0.70296E+00 
      0.72443E+00  0.74252E+00  0.75775E+00  0.77049E+00  0.78111E+00 
      0.79000E+00  0.79726E+00  0.80312E+00  0.80778E+00  0.81137E+00 
      0.81391E+00  0.81584E+00  0.81704E+00  0.81755E+00  0.81752E+00 
      0.81699E+00  0.81602E+00  0.81470E+00  0.81303E+00  0.81107E+00 
      0.23247E+00  0.31276E+00  0.39076E+00  0.45684E+00  0.51235E+00 
      0.55878E+00  0.59768E+00  0.62959E+00  0.65750E+00  0.68082E+00 
      0.70016E+00  0.71628E+00  0.72969E+00  0.74074E+00  0.74981E+00 
      0.75726E+00  0.76319E+00  0.76782E+00  0.77134E+00  0.77388E+00 
      0.77546E+00  0.77648E+00  0.77684E+00  0.77658E+00  0.77583E+00 
      0.77465E+00  0.77307E+00  0.77117E+00  0.76898E+00  0.76654E+00 
      0.23705E+00  0.31396E+00  0.38859E+00  0.45137E+00  0.50371E+00 
      0.54714E+00  0.58325E+00  0.61259E+00  0.63808E+00  0.65916E+00 
      0.67645E+00  0.69068E+00  0.70234E+00  0.71180E+00  0.71939E+00 
      0.72547E+00  0.73015E+00  0.73362E+00  0.73608E+00  0.73763E+00 
      0.73831E+00  0.73849E+00  0.73807E+00  0.73710E+00  0.73569E+00 
      0.73390E+00  0.73176E+00  0.72935E+00  0.72668E+00  0.72380E+00 
      0.24163E+00  0.31517E+00  0.38643E+00  0.44593E+00  0.49515E+00 
      0.53565E+00  0.56904E+00  0.59588E+00  0.61903E+00  0.63796E+00 
      0.65328E+00  0.66569E+00  0.67570E+00  0.68363E+00  0.68982E+00 
      0.69461E+00  0.69810E+00  0.70048E+00  0.70194E+00  0.70258E+00 
      0.70242E+00  0.70182E+00  0.70068E+00  0.69905E+00  0.69703E+00 
      0.69468E+00  0.69204E+00  0.68916E+00  0.68606E+00  0.68278E+00 
      0.24619E+00  0.31637E+00  0.38428E+00  0.44054E+00  0.48668E+00 
      0.52432E+00  0.55505E+00  0.57947E+00  0.60035E+00  0.61721E+00 
      0.63063E+00  0.64131E+00  0.64973E+00  0.65622E+00  0.66108E+00 
      0.66465E+00  0.66702E+00  0.66838E+00  0.66890E+00  0.66868E+00 
      0.66775E+00  0.66642E+00  0.66462E+00  0.66238E+00  0.65981E+00 
      0.65696E+00  0.65385E+00  0.65054E+00  0.64706E+00  0.64343E+00 
      0.25075E+00  0.31757E+00  0.38214E+00  0.43519E+00  0.47831E+00 
      0.51314E+00  0.54127E+00  0.56335E+00  0.58204E+00  0.59689E+00 
      0.60850E+00  0.61752E+00  0.62443E+00  0.62954E+00  0.63314E+00 
      0.63556E+00  0.63688E+00  0.63729E+00  0.63693E+00  0.63591E+00 
      0.63426E+00  0.63226E+00  0.62984E+00  0.62706E+00  0.62398E+00 
      0.62067E+00  0.61714E+00  0.61346E+00  0.60963E+00  0.60568E+00 
      0.25528E+00  0.31875E+00  0.38000E+00  0.42987E+00  0.47002E+00 
      0.50210E+00  0.52771E+00  0.54751E+00  0.56407E+00  0.57700E+00 
      0.58686E+00  0.59430E+00  0.59976E+00  0.60356E+00  0.60598E+00 
      0.60731E+00  0.60765E+00  0.60715E+00  0.60598E+00  0.60422E+00 
      0.60190E+00  0.59928E+00  0.59631E+00  0.59301E+00  0.58948E+00 
      0.58575E+00  0.58185E+00  0.57783E+00  0.57369E+00  0.56948E+00
      
      0.25980E+00  0.31993E+00  0.37787E+00  0.42459E+00  0.46181E+00 
      0.49120E+00  0.51435E+00  0.53195E+00  0.54646E+00  0.55752E+00 
      0.56570E+00  0.57163E+00  0.57572E+00  0.57828E+00  0.57957E+00 
      0.57988E+00  0.57929E+00  0.57795E+00  0.57602E+00  0.57357E+00 
      0.57065E+00  0.56746E+00  0.56397E+00  0.56022E+00  0.55628E+00 
      0.55217E+00  0.54794E+00  0.54362E+00  0.53921E+00  0.53476E+00 
      0.26430E+00  0.32111E+00  0.37574E+00  0.41935E+00  0.45369E+00 
      0.48044E+00  0.50119E+00  0.51664E+00  0.52916E+00  0.53844E+00 
      0.54501E+00  0.54949E+00  0.55228E+00  0.55366E+00  0.55389E+00 
      0.55323E+00  0.55177E+00  0.54966E+00  0.54702E+00  0.54394E+00 
      0.54045E+00  0.53674E+00  0.53278E+00  0.52862E+00  0.52430E+00 
      0.51987E+00  0.51534E+00  0.51076E+00  0.50612E+00  0.50146E+00 
      0.26880E+00  0.32228E+00  0.37362E+00  0.41414E+00  0.44564E+00 
      0.46980E+00  0.48822E+00  0.50159E+00  0.51219E+00  0.51974E+00 
      0.52478E+00  0.52787E+00  0.52941E+00  0.52968E+00  0.52891E+00 
      0.52734E+00  0.52508E+00  0.52223E+00  0.51894E+00  0.51527E+00 
      0.51127E+00  0.50709E+00  0.50271E+00  0.49818E+00  0.49353E+00 
      0.48880E+00  0.48402E+00  0.47921E+00  0.47437E+00  0.46954E+00 
      0.27328E+00  0.32344E+00  0.37150E+00  0.40897E+00  0.43766E+00 
      0.45929E+00  0.47543E+00  0.48677E+00  0.49552E+00  0.50141E+00 
      0.50497E+00  0.50674E+00  0.50710E+00  0.50631E+00  0.50460E+00 
      0.50218E+00  0.49916E+00  0.49564E+00  0.49175E+00  0.48754E+00 
      0.48307E+00  0.47846E+00  0.47371E+00  0.46884E+00  0.46390E+00 
      0.45892E+00  0.45391E+00  0.44890E+00  0.44391E+00  0.43893E+00 
      0.27775E+00  0.32459E+00  0.36938E+00  0.40382E+00  0.42975E+00 
      0.44890E+00  0.46281E+00  0.47219E+00  0.47914E+00  0.48343E+00 
      0.48557E+00  0.48608E+00  0.48532E+00  0.48353E+00  0.48093E+00 
      0.47773E+00  0.47399E+00  0.46985E+00  0.46540E+00  0.46071E+00 
      0.45581E+00  0.45082E+00  0.44573E+00  0.44057E+00  0.43537E+00 
      0.43017E+00  0.42498E+00  0.41981E+00  0.41468E+00  0.40959E+00 
      0.28220E+00  0.32574E+00  0.36726E+00  0.39869E+00  0.42190E+00 
      0.43861E+00  0.45034E+00  0.45782E+00  0.46303E+00  0.46578E+00 
      0.46656E+00  0.46587E+00  0.46404E+00  0.46131E+00  0.45788E+00 
      0.45393E+00  0.44955E+00  0.44483E+00  0.43987E+00  0.43473E+00 
      0.42945E+00  0.42412E+00  0.41872E+00  0.41331E+00  0.40790E+00 
      0.40251E+00  0.39716E+00  0.39186E+00  0.38663E+00  0.38145E+00 
      0.28666E+00  0.32688E+00  0.36513E+00  0.39358E+00  0.41411E+00 
      0.42842E+00  0.43802E+00  0.44365E+00  0.44718E+00  0.44844E+00 
      0.44792E+00  0.44609E+00  0.44325E+00  0.43963E+00  0.43542E+00 
      0.43078E+00  0.42578E+00  0.42054E+00  0.41512E+00  0.40958E+00 
      0.40396E+00  0.39832E+00  0.39266E+00  0.38703E+00  0.38144E+00 
      0.37590E+00  0.37043E+00  0.36503E+00  0.35971E+00  0.35448E+00 
      0.29110E+00  0.32802E+00  0.36301E+00  0.38848E+00  0.40635E+00 
      0.41831E+00  0.42584E+00  0.42966E+00  0.43155E+00  0.43139E+00 
      0.42962E+00  0.42670E+00  0.42290E+00  0.41845E+00  0.41350E+00 
      0.40822E+00  0.40267E+00  0.39694E+00  0.39110E+00  0.38520E+00 
      0.37928E+00  0.37337E+00  0.36750E+00  0.36168E+00  0.35594E+00 
      0.35028E+00  0.34471E+00  0.33924E+00  0.33388E+00  0.32862E+00 
      0.29556E+00  0.32915E+00  0.36087E+00  0.38339E+00  0.39863E+00 
      0.40827E+00  0.41376E+00  0.41584E+00  0.41615E+00  0.41460E+00 
      0.41164E+00  0.40767E+00  0.40297E+00  0.39773E+00  0.39211E+00 
      0.38623E+00  0.38017E+00  0.37400E+00  0.36779E+00  0.36157E+00 
      0.35539E+00  0.34925E+00  0.34319E+00  0.33723E+00  0.33136E+00 
      0.32562E+00  0.31999E+00  0.31448E+00  0.30909E+00  0.30383E+00 
      0.30002E+00  0.33027E+00  0.35871E+00  0.37829E+00  0.39093E+00 
      0.39828E+00  0.40177E+00  0.40214E+00  0.40092E+00  0.39805E+00 
      0.39394E+00  0.38898E+00  0.38343E+00  0.37745E+00  0.37120E+00 
      0.36477E+00  0.35825E+00  0.35169E+00  0.34514E+00  0.33864E+00 
      0.33224E+00  0.32591E+00  0.31970E+00  0.31362E+00  0.30767E+00 
      0.30186E+00  0.29620E+00  0.29068E+00  0.28530E+00  0.28006E+00

      0.30448E+00  0.33138E+00  0.35654E+00  0.37318E+00  0.38322E+00 
      0.38832E+00  0.38986E+00  0.38856E+00  0.38585E+00  0.38169E+00 
      0.37649E+00  0.37060E+00  0.36424E+00  0.35758E+00  0.35073E+00 
      0.34381E+00  0.33686E+00  0.32995E+00  0.32311E+00  0.31638E+00 
      0.30979E+00  0.30331E+00  0.29698E+00  0.29082E+00  0.28482E+00 
      0.27898E+00  0.27332E+00  0.26781E+00  0.26246E+00  0.25726E+00 
      0.30897E+00  0.33250E+00  0.35434E+00  0.36804E+00  0.37551E+00 
      0.37837E+00  0.37798E+00  0.37506E+00  0.37090E+00  0.36551E+00 
      0.35926E+00  0.35248E+00  0.34536E+00  0.33806E+00  0.33068E+00 
      0.32330E+00  0.31598E+00  0.30876E+00  0.30167E+00  0.29474E+00 
      0.28800E+00  0.28141E+00  0.27500E+00  0.26879E+00  0.26277E+00 
      0.25693E+00  0.25129E+00  0.24582E+00  0.24053E+00  0.23541E+00 
      0.31348E+00  0.33360E+00  0.35211E+00  0.36285E+00  0.36775E+00 
      0.36840E+00  0.36611E+00  0.36160E+00  0.35604E+00  0.34945E+00 
      0.34221E+00  0.33458E+00  0.32675E+00  0.31886E+00  0.31099E+00 
      0.30320E+00  0.29555E+00  0.28807E+00  0.28077E+00  0.27368E+00 
      0.26684E+00  0.26017E+00  0.25371E+00  0.24749E+00  0.24148E+00 
      0.23568E+00  0.23009E+00  0.22469E+00  0.21948E+00  0.21445E+00 
      0.31804E+00  0.33471E+00  0.34983E+00  0.35760E+00  0.35992E+00 
      0.35837E+00  0.35421E+00  0.34814E+00  0.34121E+00  0.33348E+00 
      0.32528E+00  0.31686E+00  0.30837E+00  0.29994E+00  0.29163E+00 
      0.28348E+00  0.27554E+00  0.26784E+00  0.26038E+00  0.25318E+00 
      0.24627E+00  0.23955E+00  0.23309E+00  0.22689E+00  0.22092E+00 
      0.21519E+00  0.20968E+00  0.20437E+00  0.19927E+00  0.19436E+00 
      0.32267E+00  0.33581E+00  0.34750E+00  0.35225E+00  0.35198E+00 
      0.34824E+00  0.34222E+00  0.33464E+00  0.32637E+00  0.31754E+00 
      0.30843E+00  0.29926E+00  0.29017E+00  0.28124E+00  0.27254E+00 
      0.26408E+00  0.25591E+00  0.24803E+00  0.24045E+00  0.23318E+00 
      0.22624E+00  0.21953E+00  0.21309E+00  0.20694E+00  0.20106E+00 
      0.19542E+00  0.19002E+00  0.18484E+00  0.17988E+00  0.17512E+00 
      0.32738E+00  0.33692E+00  0.34509E+00  0.34678E+00  0.34390E+00 
      0.33796E+00  0.33011E+00  0.32102E+00  0.31147E+00  0.30157E+00 
      0.29160E+00  0.28174E+00  0.27209E+00  0.26272E+00  0.25368E+00 
      0.24496E+00  0.23660E+00  0.22861E+00  0.22096E+00  0.21365E+00 
      0.20674E+00  0.20006E+00  0.19369E+00  0.18764E+00  0.18186E+00 
      0.17635E+00  0.17110E+00  0.16607E+00  0.16127E+00  0.15668E+00 
      0.33220E+00  0.33804E+00  0.34258E+00  0.34115E+00  0.33562E+00 
      0.32747E+00  0.31778E+00  0.30723E+00  0.29642E+00  0.28550E+00 
      0.27473E+00  0.26422E+00  0.25407E+00  0.24433E+00  0.23500E+00 
      0.22608E+00  0.21759E+00  0.20952E+00  0.20185E+00  0.19457E+00 
      0.18771E+00  0.18112E+00  0.17486E+00  0.16894E+00  0.16331E+00 
      0.15797E+00  0.15289E+00  0.14805E+00  0.14344E+00  0.13905E+00 
      0.33717E+00  0.33915E+00  0.33995E+00  0.33530E+00  0.32707E+00 
      0.31669E+00  0.30518E+00  0.29318E+00  0.28115E+00  0.26926E+00 
      0.25773E+00  0.24665E+00  0.23606E+00  0.22599E+00  0.21644E+00 
      0.20738E+00  0.19882E+00  0.19074E+00  0.18310E+00  0.17589E+00 
      0.16914E+00  0.16268E+00  0.15658E+00  0.15083E+00  0.14539E+00 
      0.14025E+00  0.13538E+00  0.13075E+00  0.12637E+00  0.12220E+00 
      0.34234E+00  0.34029E+00  0.33715E+00  0.32917E+00  0.31816E+00 
      0.30552E+00  0.29218E+00  0.27877E+00  0.26555E+00  0.25275E+00 
      0.24053E+00  0.22893E+00  0.21797E+00  0.20765E+00  0.19796E+00 
      0.18882E+00  0.18025E+00  0.17222E+00  0.16467E+00  0.15760E+00 
      0.15101E+00  0.14473E+00  0.13883E+00  0.13330E+00  0.12809E+00 
      0.12319E+00  0.11857E+00  0.11419E+00  0.11006E+00  0.10614E+00 
      0.34776E+00  0.34144E+00  0.33415E+00  0.32266E+00  0.30879E+00 
      0.29384E+00  0.27867E+00  0.26388E+00  0.24952E+00  0.23586E+00 
      0.22302E+00  0.21098E+00  0.19973E+00  0.18925E+00  0.17948E+00 
      0.17035E+00  0.16185E+00  0.15393E+00  0.14655E+00  0.13967E+00 
      0.13331E+00  0.12726E+00  0.12161E+00  0.11635E+00  0.11142E+00 
      0.10679E+00  0.10245E+00  0.98358E-01  0.94510E-01  0.90877E-01

      0.35352E+00  0.34261E+00  0.33087E+00  0.31567E+00  0.29880E+00 
      0.28149E+00  0.26449E+00  0.24834E+00  0.23291E+00  0.21847E+00 
      0.20509E+00  0.19271E+00  0.18127E+00  0.17071E+00  0.16096E+00 
      0.15192E+00  0.14357E+00  0.13586E+00  0.12871E+00  0.12209E+00 
      0.11602E+00  0.11028E+00  0.10494E+00  0.99994E-01  0.95382E-01 
      0.91077E-01  0.87063E-01  0.83290E-01  0.79760E-01  0.76440E-01 
      0.35975E+00  0.34381E+00  0.32720E+00  0.30802E+00  0.28799E+00 
      0.26825E+00  0.24942E+00  0.23197E+00  0.21553E+00  0.20041E+00 
      0.18661E+00  0.17400E+00  0.16247E+00  0.15196E+00  0.14234E+00 
      0.13350E+00  0.12540E+00  0.11798E+00  0.11116E+00  0.10489E+00 
      0.99175E-01  0.93798E-01  0.88831E-01  0.84262E-01  0.80024E-01 
      0.76088E-01  0.72438E-01  0.69024E-01  0.65846E-01  0.62870E-01 
      0.36660E+00  0.34505E+00  0.32302E+00  0.29948E+00  0.27609E+00 
      0.25384E+00  0.23319E+00  0.21452E+00  0.19717E+00  0.18149E+00 
      0.16741E+00  0.15472E+00  0.14326E+00  0.13292E+00  0.12357E+00 
      0.11505E+00  0.10733E+00  0.10031E+00  0.93914E-01  0.88076E-01 
      0.82808E-01  0.77873E-01  0.73347E-01  0.69214E-01  0.65403E-01 
      0.61886E-01  0.58644E-01  0.55627E-01  0.52834E-01  0.50232E-01 
      0.37432E+00  0.34632E+00  0.31809E+00  0.28971E+00  0.26270E+00 
      0.23785E+00  0.21541E+00  0.19563E+00  0.17753E+00  0.16148E+00 
      0.14731E+00  0.13473E+00  0.12353E+00  0.11355E+00  0.10463E+00 
      0.96591E-01  0.89378E-01  0.82894E-01  0.77031E-01  0.71733E-01 
      0.66997E-01  0.62589E-01  0.58578E-01  0.54944E-01  0.51617E-01 
      0.48568E-01  0.45777E-01  0.43195E-01  0.40819E-01  0.38619E-01 
      0.38327E+00  0.34760E+00  0.31205E+00  0.27814E+00  0.24718E+00 
      0.21967E+00  0.19553E+00  0.17485E+00  0.15624E+00  0.14008E+00 
      0.12609E+00  0.11388E+00  0.10318E+00  0.93795E-01  0.85518E-01 
      0.78144E-01  0.71612E-01  0.65809E-01  0.60618E-01  0.55976E-01 
      0.51874E-01  0.48082E-01  0.44663E-01  0.41595E-01  0.38810E-01 
      0.36277E-01  0.33977E-01  0.31864E-01  0.29933E-01  0.28157E-01 
      0.39406E+00  0.34884E+00  0.30423E+00  0.26382E+00  0.22853E+00 
      0.19836E+00  0.17274E+00  0.15150E+00  0.13276E+00  0.11690E+00 
      0.10348E+00  0.92023E-01  0.82165E-01  0.73667E-01  0.66298E-01 
      0.59828E-01  0.54183E-01  0.49237E-01  0.44870E-01  0.41014E-01 
      0.37652E-01  0.34570E-01  0.31822E-01  0.29383E-01  0.27191E-01 
      0.25216E-01  0.23440E-01  0.21821E-01  0.20355E-01  0.19016E-01 
      0.40777E+00  0.34980E+00  0.29325E+00  0.24492E+00  0.20488E+00 
      0.17224E+00  0.14567E+00  0.12452E+00  0.10634E+00  0.91441E-01 
      0.79217E-01  0.69042E-01  0.60499E-01  0.53298E-01  0.47183E-01 
      0.41911E-01  0.37396E-01  0.33510E-01  0.30132E-01  0.27197E-01 
      0.24679E-01  0.22394E-01  0.20385E-01  0.18626E-01  0.17064E-01 
      0.15673E-01  0.14435E-01  0.13319E-01  0.12318E-01  0.11413E-01 
      0.42666E+00  0.34960E+00  0.27548E+00  0.21700E+00  0.17210E+00 
      0.13796E+00  0.11181E+00  0.92183E-01  0.75908E-01  0.63158E-01 
      0.53124E-01  0.45066E-01  0.38515E-01  0.33155E-01  0.28727E-01 
      0.24999E-01  0.21883E-01  0.19260E-01  0.17027E-01  0.15124E-01 
      0.13525E-01  0.12094E-01  0.10856E-01  0.97906E-02  0.88582E-02 
      0.80398E-02  0.73218E-02  0.66820E-02  0.61157E-02  0.56094E-02 
      0.46200E+00  0.34438E+00  0.23544E+00  0.16485E+00  0.11865E+00 
      0.87819E-01  0.66525E-01  0.51971E-01  0.40547E-01  0.32186E-01 
      0.25987E-01  0.21253E-01  0.17569E-01  0.14673E-01  0.12365E-01 
      0.10481E-01  0.89545E-02  0.77060E-02  0.66701E-02  0.58089E-02 
      0.51037E-02  0.44820E-02  0.39554E-02  0.35118E-02  0.31302E-02 
      0.28009E-02  0.25168E-02  0.22673E-02  0.20497E-02  0.18578E-02 
      0.67325E-01  0.49479E-01  0.33017E-01  0.22594E-01  0.15925E-01 
      0.11568E-01  0.86153E-02  0.66346E-02  0.50982E-02  0.39912E-02 
      0.31823E-02  0.25724E-02  0.21033E-02  0.17387E-02  0.14512E-02 
      0.12186E-02  0.10320E-02  0.88070E-03  0.75622E-03  0.65357E-03 
      0.57025E-03  0.49719E-03  0.43577E-03  0.38440E-03  0.34050E-03 
      0.30286E-03  0.27058E-03  0.24239E-03  0.21795E-03  0.19650E-03
