      -0.90699e-02 -0.33085e-02  0.25418e-02  0.92831e-02  0.16907e-01 
       0.25283e-01  0.34281e-01  0.43857e-01  0.53764e-01  0.64047e-01 
       0.74653e-01  0.85519e-01  0.96598e-01  0.10786e+00  0.11926e+00 
       0.13078e+00  0.14240e+00  0.15410e+00  0.16585e+00  0.17765e+00 
       0.18948e+00  0.20132e+00  0.21318e+00  0.22503e+00  0.23688e+00 
       0.24874e+00  0.26059e+00  0.27244e+00  0.28430e+00  0.29615e+00 
      -0.90001e-02 -0.32830e-02  0.25204e-02  0.91891e-02  0.16712e-01 
       0.24960e-01  0.33805e-01  0.43203e-01  0.52916e-01  0.62985e-01 
       0.73360e-01  0.83978e-01  0.94795e-01  0.10578e+00  0.11690e+00 
       0.12812e+00  0.13943e+00  0.15081e+00  0.16223e+00  0.17370e+00 
       0.18519e+00  0.19668e+00  0.20819e+00  0.21969e+00  0.23119e+00 
       0.24269e+00  0.25419e+00  0.26569e+00  0.27719e+00  0.28869e+00 
      -0.89302e-02 -0.32575e-02  0.24991e-02  0.90955e-02  0.16518e-01 
       0.24639e-01  0.33333e-01  0.42556e-01  0.52078e-01  0.61937e-01 
       0.72084e-01  0.82459e-01  0.93020e-01  0.10373e+00  0.11457e+00 
       0.12550e+00  0.13651e+00  0.14758e+00  0.15868e+00  0.16982e+00 
       0.18098e+00  0.19213e+00  0.20329e+00  0.21445e+00  0.22561e+00 
       0.23677e+00  0.24793e+00  0.25909e+00  0.27025e+00  0.28140e+00 
      -0.88602e-02 -0.32320e-02  0.24778e-02  0.90023e-02  0.16325e-01 
       0.24321e-01  0.32866e-01  0.41915e-01  0.51248e-01  0.60901e-01 
       0.70825e-01  0.80961e-01  0.91269e-01  0.10172e+00  0.11228e+00 
       0.12292e+00  0.13364e+00  0.14440e+00  0.15520e+00  0.16602e+00 
       0.17684e+00  0.18767e+00  0.19850e+00  0.20932e+00  0.22015e+00 
       0.23097e+00  0.24180e+00  0.25262e+00  0.26345e+00  0.27427e+00 
      -0.87902e-02 -0.32064e-02  0.24565e-02  0.89093e-02  0.16133e-01 
       0.24005e-01  0.32402e-01  0.41281e-01  0.50429e-01  0.59878e-01 
       0.69582e-01  0.79485e-01  0.89545e-01  0.99735e-01  0.11003e+00 
       0.12039e+00  0.13081e+00  0.14128e+00  0.15177e+00  0.16228e+00 
       0.17279e+00  0.18330e+00  0.19379e+00  0.20429e+00  0.21479e+00 
       0.22528e+00  0.23578e+00  0.24628e+00  0.25678e+00  0.26727e+00 
      -0.87200e-02 -0.31808e-02  0.24353e-02  0.88167e-02  0.15943e-01 
       0.23691e-01  0.31943e-01  0.40653e-01  0.49618e-01  0.58868e-01 
       0.68356e-01  0.78028e-01  0.87846e-01  0.97782e-01  0.10781e+00 
       0.11790e+00  0.12804e+00  0.13822e+00  0.14841e+00  0.15862e+00 
       0.16881e+00  0.17900e+00  0.18918e+00  0.19936e+00  0.20954e+00 
       0.21972e+00  0.22990e+00  0.24008e+00  0.25026e+00  0.26044e+00 
      -0.86497e-02 -0.31552e-02  0.24140e-02  0.87244e-02  0.15753e-01 
       0.23380e-01  0.31489e-01  0.40032e-01  0.48817e-01  0.57871e-01 
       0.67146e-01  0.76592e-01  0.86172e-01  0.95859e-01  0.10563e+00 
       0.11545e+00  0.12531e+00  0.13521e+00  0.14511e+00  0.15502e+00 
       0.16491e+00  0.17479e+00  0.18466e+00  0.19453e+00  0.20440e+00 
       0.21427e+00  0.22414e+00  0.23401e+00  0.24388e+00  0.25374e+00 
      -0.85794e-02 -0.31295e-02  0.23927e-02  0.86325e-02  0.15565e-01 
       0.23072e-01  0.31038e-01  0.39417e-01  0.48026e-01  0.56885e-01 
       0.65952e-01  0.75177e-01  0.84523e-01  0.93965e-01  0.10348e+00 
       0.11304e+00  0.12263e+00  0.13225e+00  0.14187e+00  0.15149e+00 
       0.16109e+00  0.17067e+00  0.18024e+00  0.18980e+00  0.19937e+00 
       0.20894e+00  0.21851e+00  0.22807e+00  0.23764e+00  0.24721e+00 
      -0.85090e-02 -0.31038e-02  0.23714e-02  0.85409e-02  0.15378e-01 
       0.22765e-01  0.30591e-01  0.38809e-01  0.47243e-01  0.55912e-01 
       0.64774e-01  0.73781e-01  0.82899e-01  0.92101e-01  0.10137e+00 
       0.11067e+00  0.12000e+00  0.12934e+00  0.13869e+00  0.14802e+00 
       0.15733e+00  0.16662e+00  0.17590e+00  0.18517e+00  0.19444e+00 
       0.20371e+00  0.21299e+00  0.22226e+00  0.23153e+00  0.24081e+00 
      -0.84385e-02 -0.30781e-02  0.23502e-02  0.84496e-02  0.15192e-01 
       0.22461e-01  0.30149e-01  0.38208e-01  0.46469e-01  0.54951e-01 
       0.63612e-01  0.72405e-01  0.81298e-01  0.90266e-01  0.99288e-01 
       0.10834e+00  0.11741e+00  0.12649e+00  0.13556e+00  0.14462e+00 
       0.15365e+00  0.16266e+00  0.17164e+00  0.18063e+00  0.18961e+00 
       0.19860e+00  0.20759e+00  0.21657e+00  0.22556e+00  0.23454e+00 

      -0.83679e-02 -0.30523e-02  0.23289e-02  0.83586e-02  0.15007e-01 
       0.22160e-01  0.29711e-01  0.37612e-01  0.45704e-01  0.54002e-01 
       0.62465e-01  0.71049e-01  0.79722e-01  0.88460e-01  0.97243e-01 
       0.10605e+00  0.11487e+00  0.12369e+00  0.13250e+00  0.14129e+00 
       0.15004e+00  0.15877e+00  0.16747e+00  0.17618e+00  0.18489e+00 
       0.19359e+00  0.20230e+00  0.21101e+00  0.21971e+00  0.22842e+00 
      -0.82972e-02 -0.30265e-02  0.23077e-02  0.82680e-02  0.14823e-01 
       0.21860e-01  0.29276e-01  0.37023e-01  0.44949e-01  0.53066e-01 
       0.61334e-01  0.69712e-01  0.78169e-01  0.86682e-01  0.95232e-01 
       0.10380e+00  0.11237e+00  0.12094e+00  0.12949e+00  0.13801e+00 
       0.14650e+00  0.15496e+00  0.16339e+00  0.17182e+00  0.18026e+00 
       0.18869e+00  0.19712e+00  0.20556e+00  0.21399e+00  0.22242e+00 
      -0.82264e-02 -0.30007e-02  0.22865e-02  0.81777e-02  0.14640e-01 
       0.21563e-01  0.28846e-01  0.36441e-01  0.44202e-01  0.52141e-01 
       0.60218e-01  0.68394e-01  0.76640e-01  0.84932e-01  0.93254e-01 
       0.10159e+00  0.10992e+00  0.11824e+00  0.12654e+00  0.13480e+00 
       0.14303e+00  0.15122e+00  0.15939e+00  0.16756e+00  0.17572e+00 
       0.18389e+00  0.19206e+00  0.20023e+00  0.20840e+00  0.21656e+00 
      -0.81556e-02 -0.29749e-02  0.22653e-02  0.80878e-02  0.14458e-01 
       0.21269e-01  0.28420e-01  0.35864e-01  0.43464e-01  0.51227e-01 
       0.59117e-01  0.67095e-01  0.75133e-01  0.83210e-01  0.91308e-01 
       0.99410e-01  0.10751e+00  0.11558e+00  0.12364e+00  0.13165e+00 
       0.13962e+00  0.14756e+00  0.15547e+00  0.16338e+00  0.17129e+00 
       0.17919e+00  0.18710e+00  0.19501e+00  0.20292e+00  0.21083e+00 
      -0.80847e-02 -0.29490e-02  0.22441e-02  0.79982e-02  0.14278e-01 
       0.20976e-01  0.27997e-01  0.35294e-01  0.42734e-01  0.50326e-01 
       0.58032e-01  0.65815e-01  0.73650e-01  0.81515e-01  0.89394e-01 
       0.97271e-01  0.10514e+00  0.11298e+00  0.12079e+00  0.12856e+00 
       0.13629e+00  0.14397e+00  0.15163e+00  0.15928e+00  0.16694e+00 
       0.17460e+00  0.18225e+00  0.18991e+00  0.19757e+00  0.20522e+00 
      -0.80137e-02 -0.29230e-02  0.22229e-02  0.79089e-02  0.14098e-01 
       0.20686e-01  0.27579e-01  0.34729e-01  0.42013e-01  0.49436e-01 
       0.56961e-01  0.64553e-01  0.72189e-01  0.79847e-01  0.87512e-01 
       0.95169e-01  0.10281e+00  0.11042e+00  0.11800e+00  0.12553e+00 
       0.13301e+00  0.14045e+00  0.14787e+00  0.15528e+00  0.16269e+00 
       0.17010e+00  0.17751e+00  0.18492e+00  0.19233e+00  0.19974e+00 
      -0.79426e-02 -0.28971e-02  0.22017e-02  0.78200e-02  0.13920e-01 
       0.20399e-01  0.27165e-01  0.34171e-01  0.41301e-01  0.48557e-01 
       0.55905e-01  0.63310e-01  0.70750e-01  0.78205e-01  0.85661e-01 
       0.93103e-01  0.10052e+00  0.10791e+00  0.11526e+00  0.12256e+00 
       0.12981e+00  0.13701e+00  0.14418e+00  0.15135e+00  0.15852e+00 
       0.16569e+00  0.17287e+00  0.18004e+00  0.18721e+00  0.19438e+00 
      -0.78715e-02 -0.28711e-02  0.21806e-02  0.77315e-02  0.13742e-01 
       0.20113e-01  0.26755e-01  0.33619e-01  0.40598e-01  0.47690e-01 
       0.54863e-01  0.62085e-01  0.69334e-01  0.76590e-01  0.83840e-01 
       0.91073e-01  0.98278e-01  0.10545e+00  0.11257e+00  0.11965e+00 
       0.12666e+00  0.13363e+00  0.14057e+00  0.14751e+00  0.15445e+00 
       0.16139e+00  0.16832e+00  0.17526e+00  0.18220e+00  0.18914e+00 
      -0.78002e-02 -0.28451e-02  0.21595e-02  0.76433e-02  0.13566e-01 
       0.19830e-01  0.26348e-01  0.33073e-01  0.39902e-01  0.46834e-01 
       0.53836e-01  0.60878e-01  0.67939e-01  0.75001e-01  0.82051e-01 
       0.89078e-01  0.96073e-01  0.10303e+00  0.10993e+00  0.11679e+00 
       0.12358e+00  0.13033e+00  0.13704e+00  0.14375e+00  0.15046e+00 
       0.15717e+00  0.16388e+00  0.17059e+00  0.17730e+00  0.18402e+00 
      -0.77290e-02 -0.28191e-02  0.21384e-02  0.75555e-02  0.13391e-01 
       0.19550e-01  0.25946e-01  0.32533e-01  0.39216e-01  0.45989e-01 
       0.52823e-01  0.59689e-01  0.66566e-01  0.73438e-01  0.80292e-01 
       0.87118e-01  0.93907e-01  0.10065e+00  0.10735e+00  0.11399e+00 
       0.12056e+00  0.12709e+00  0.13358e+00  0.14007e+00  0.14656e+00 
       0.15305e+00  0.15954e+00  0.16603e+00  0.17252e+00  0.17901e+00 

      -0.76577e-02 -0.27930e-02  0.21173e-02  0.74680e-02  0.13217e-01 
       0.19271e-01  0.25547e-01  0.32000e-01  0.38537e-01  0.45156e-01 
       0.51825e-01  0.58517e-01  0.65214e-01  0.71899e-01  0.78562e-01 
       0.85192e-01  0.91781e-01  0.98321e-01  0.10481e+00  0.11124e+00 
       0.11760e+00  0.12391e+00  0.13019e+00  0.13646e+00  0.14274e+00 
       0.14901e+00  0.15529e+00  0.16156e+00  0.16784e+00  0.17411e+00 
      -0.75863e-02 -0.27669e-02  0.20963e-02  0.73810e-02  0.13045e-01 
       0.18995e-01  0.25153e-01  0.31472e-01  0.37867e-01  0.44333e-01 
       0.50840e-01  0.57363e-01  0.63884e-01  0.70387e-01  0.76861e-01 
       0.83300e-01  0.89693e-01  0.96034e-01  0.10232e+00  0.10855e+00 
       0.11470e+00  0.12080e+00  0.12687e+00  0.13293e+00  0.13900e+00 
       0.14507e+00  0.15113e+00  0.15720e+00  0.16326e+00  0.16933e+00 
      -0.75149e-02 -0.27408e-02  0.20754e-02  0.72943e-02  0.12873e-01 
       0.18722e-01  0.24762e-01  0.30950e-01  0.37205e-01  0.43521e-01 
       0.49870e-01  0.56226e-01  0.62574e-01  0.68898e-01  0.75190e-01 
       0.81441e-01  0.87643e-01  0.93790e-01  0.99879e-01  0.10591e+00 
       0.11186e+00  0.11776e+00  0.12362e+00  0.12948e+00  0.13534e+00 
       0.14121e+00  0.14707e+00  0.15293e+00  0.15879e+00  0.16466e+00 
      -0.74434e-02 -0.27146e-02  0.20544e-02  0.72081e-02  0.12703e-01 
       0.18450e-01  0.24376e-01  0.30434e-01  0.36552e-01  0.42721e-01 
       0.48913e-01  0.55107e-01  0.61285e-01  0.67435e-01  0.73547e-01 
       0.79615e-01  0.85631e-01  0.91588e-01  0.97485e-01  0.10332e+00 
       0.10907e+00  0.11477e+00  0.12044e+00  0.12610e+00  0.13177e+00 
       0.13743e+00  0.14310e+00  0.14876e+00  0.15442e+00  0.16009e+00 
      -0.73720e-02 -0.26885e-02  0.20335e-02  0.71223e-02  0.12533e-01 
       0.18181e-01  0.23993e-01  0.29924e-01  0.35906e-01  0.41931e-01 
       0.47970e-01  0.54004e-01  0.60017e-01  0.65996e-01  0.71933e-01 
       0.77822e-01  0.83655e-01  0.89428e-01  0.95138e-01  0.10078e+00 
       0.10634e+00  0.11185e+00  0.11733e+00  0.12280e+00  0.12827e+00 
       0.13374e+00  0.13921e+00  0.14468e+00  0.15016e+00  0.15563e+00 
      -0.73005e-02 -0.26623e-02  0.20127e-02  0.70369e-02  0.12365e-01 
       0.17915e-01  0.23614e-01  0.29420e-01  0.35269e-01  0.41151e-01 
       0.47041e-01  0.52918e-01  0.58769e-01  0.64581e-01  0.70346e-01 
       0.76061e-01  0.81717e-01  0.87309e-01  0.92836e-01  0.98294e-01 
       0.10367e+00  0.10900e+00  0.11428e+00  0.11956e+00  0.12485e+00 
       0.13013e+00  0.13542e+00  0.14070e+00  0.14599e+00  0.15127e+00 
      -0.72290e-02 -0.26361e-02  0.19920e-02  0.69519e-02  0.12199e-01 
       0.17651e-01  0.23239e-01  0.28921e-01  0.34640e-01  0.40383e-01 
       0.46125e-01  0.51849e-01  0.57541e-01  0.63189e-01  0.68787e-01 
       0.74332e-01  0.79814e-01  0.85230e-01  0.90579e-01  0.95858e-01 
       0.10105e+00  0.10620e+00  0.11130e+00  0.11640e+00  0.12150e+00 
       0.12660e+00  0.13171e+00  0.13681e+00  0.14191e+00  0.14701e+00 
      -0.71575e-02 -0.26098e-02  0.19713e-02  0.68675e-02  0.12033e-01 
       0.17389e-01  0.22869e-01  0.28429e-01  0.34019e-01  0.39625e-01 
       0.45224e-01  0.50797e-01  0.56333e-01  0.61822e-01  0.67256e-01 
       0.72634e-01  0.77947e-01  0.83192e-01  0.88368e-01  0.93472e-01 
       0.98492e-01  0.10346e+00  0.10838e+00  0.11331e+00  0.11823e+00 
       0.12316e+00  0.12808e+00  0.13300e+00  0.13793e+00  0.14285e+00 
      -0.70861e-02 -0.25836e-02  0.19507e-02  0.67835e-02  0.11869e-01 
       0.17130e-01  0.22502e-01  0.27943e-01  0.33407e-01  0.38878e-01 
       0.44335e-01  0.49761e-01  0.55145e-01  0.60477e-01  0.65752e-01 
       0.70967e-01  0.76115e-01  0.81192e-01  0.86200e-01  0.91134e-01 
       0.95983e-01  0.10078e+00  0.10553e+00  0.11028e+00  0.11503e+00 
       0.11978e+00  0.12454e+00  0.12929e+00  0.13404e+00  0.13879e+00 
      -0.70147e-02 -0.25573e-02  0.19302e-02  0.67001e-02  0.11706e-01 
       0.16873e-01  0.22139e-01  0.27463e-01  0.32802e-01  0.38142e-01 
       0.43459e-01  0.48742e-01  0.53977e-01  0.59156e-01  0.64275e-01 
       0.69331e-01  0.74318e-01  0.79232e-01  0.84075e-01  0.88844e-01 
       0.93526e-01  0.98152e-01  0.10274e+00  0.10732e+00  0.11191e+00 
       0.11649e+00  0.12107e+00  0.12566e+00  0.13024e+00  0.13483e+00 

      -0.69433e-02 -0.25310e-02  0.19099e-02  0.66172e-02  0.11545e-01 
       0.16619e-01  0.21780e-01  0.26988e-01  0.32206e-01  0.37416e-01 
       0.42597e-01  0.47738e-01  0.52828e-01  0.57858e-01  0.62824e-01 
       0.67725e-01  0.72555e-01  0.77311e-01  0.81994e-01  0.86601e-01 
       0.91121e-01  0.95584e-01  0.10001e+00  0.10443e+00  0.10885e+00 
       0.11327e+00  0.11769e+00  0.12211e+00  0.12654e+00  0.13096e+00 
      -0.68720e-02 -0.25047e-02  0.18896e-02  0.65348e-02  0.11384e-01 
       0.16367e-01  0.21426e-01  0.26520e-01  0.31617e-01  0.36700e-01 
       0.41749e-01  0.46751e-01  0.51698e-01  0.56582e-01  0.61399e-01 
       0.66149e-01  0.70826e-01  0.75427e-01  0.79954e-01  0.84404e-01 
       0.88767e-01  0.93072e-01  0.97336e-01  0.10160e+00  0.10586e+00 
       0.11013e+00  0.11439e+00  0.11865e+00  0.12292e+00  0.12718e+00 
      -0.68007e-02 -0.24784e-02  0.18696e-02  0.64531e-02  0.11226e-01 
       0.16118e-01  0.21075e-01  0.26058e-01  0.31037e-01  0.35995e-01 
       0.40913e-01  0.45780e-01  0.50588e-01  0.55329e-01  0.60001e-01 
       0.64604e-01  0.69131e-01  0.73581e-01  0.77956e-01  0.82254e-01 
       0.86463e-01  0.90615e-01  0.94724e-01  0.98834e-01  0.10294e+00 
       0.10705e+00  0.11116e+00  0.11527e+00  0.11938e+00  0.12349e+00 
      -0.67296e-02 -0.24520e-02  0.18497e-02  0.63720e-02  0.11068e-01 
       0.15872e-01  0.20729e-01  0.25601e-01  0.30465e-01  0.35301e-01 
       0.40090e-01  0.44825e-01  0.49496e-01  0.54098e-01  0.58628e-01 
       0.63087e-01  0.67469e-01  0.71772e-01  0.76000e-01  0.80149e-01 
       0.84209e-01  0.88211e-01  0.92172e-01  0.96132e-01  0.10009e+00 
       0.10405e+00  0.10801e+00  0.11197e+00  0.11594e+00  0.11990e+00 
      -0.66585e-02 -0.24256e-02  0.18300e-02  0.62916e-02  0.10913e-01 
       0.15628e-01  0.20387e-01  0.25151e-01  0.29901e-01  0.34617e-01 
       0.39281e-01  0.43886e-01  0.48424e-01  0.52890e-01  0.57281e-01 
       0.61600e-01  0.65840e-01  0.70000e-01  0.74084e-01  0.78088e-01 
       0.82004e-01  0.85861e-01  0.89677e-01  0.93492e-01  0.97308e-01 
       0.10112e+00  0.10494e+00  0.10875e+00  0.11257e+00  0.11639e+00 
      -0.65876e-02 -0.23991e-02  0.18105e-02  0.62119e-02  0.10758e-01 
       0.15387e-01  0.20049e-01  0.24707e-01  0.29345e-01  0.33943e-01 
       0.38485e-01  0.42962e-01  0.47370e-01  0.51703e-01  0.55959e-01 
       0.60141e-01  0.64243e-01  0.68264e-01  0.72208e-01  0.76072e-01 
       0.79846e-01  0.83563e-01  0.87238e-01  0.90913e-01  0.94588e-01 
       0.98262e-01  0.10194e+00  0.10561e+00  0.10929e+00  0.11296e+00 
      -0.65167e-02 -0.23727e-02  0.17913e-02  0.61330e-02  0.10606e-01 
       0.15149e-01  0.19716e-01  0.24269e-01  0.28798e-01  0.33280e-01 
       0.37701e-01  0.42055e-01  0.46336e-01  0.50539e-01  0.54663e-01 
       0.58711e-01  0.62678e-01  0.66564e-01  0.70371e-01  0.74099e-01 
       0.77737e-01  0.81317e-01  0.84855e-01  0.88394e-01  0.91932e-01 
       0.95470e-01  0.99008e-01  0.10255e+00  0.10608e+00  0.10962e+00 
      -0.64461e-02 -0.23461e-02  0.17724e-02  0.60549e-02  0.10455e-01 
       0.14914e-01  0.19387e-01  0.23837e-01  0.28258e-01  0.32628e-01 
       0.36931e-01  0.41163e-01  0.45319e-01  0.49396e-01  0.53391e-01 
       0.57309e-01  0.61146e-01  0.64899e-01  0.68574e-01  0.72169e-01 
       0.75674e-01  0.79122e-01  0.82528e-01  0.85934e-01  0.89340e-01 
       0.92745e-01  0.96151e-01  0.99557e-01  0.10296e+00  0.10637e+00 
      -0.63756e-02 -0.23195e-02  0.17538e-02  0.59778e-02  0.10306e-01 
       0.14682e-01  0.19062e-01  0.23412e-01  0.27728e-01  0.31986e-01 
       0.36174e-01  0.40287e-01  0.44322e-01  0.48274e-01  0.52144e-01 
       0.55936e-01  0.59644e-01  0.63270e-01  0.66816e-01  0.70282e-01 
       0.73658e-01  0.76977e-01  0.80255e-01  0.83532e-01  0.86809e-01 
       0.90086e-01  0.93363e-01  0.96640e-01  0.99917e-01  0.10319e+00 
      -0.63053e-02 -0.22928e-02  0.17356e-02  0.59016e-02  0.10159e-01 
       0.14453e-01  0.18742e-01  0.22993e-01  0.27205e-01  0.31355e-01 
       0.35430e-01  0.39427e-01  0.43343e-01  0.47175e-01  0.50922e-01 
       0.54591e-01  0.58175e-01  0.61675e-01  0.65096e-01  0.68437e-01 
       0.71688e-01  0.74882e-01  0.78035e-01  0.81187e-01  0.84339e-01 
       0.87492e-01  0.90644e-01  0.93796e-01  0.96949e-01  0.10010e+00 

      -0.62352e-02 -0.22659e-02  0.17179e-02  0.58265e-02  0.10014e-01 
       0.14227e-01  0.18427e-01  0.22581e-01  0.26691e-01  0.30735e-01 
       0.34700e-01  0.38583e-01  0.42383e-01  0.46097e-01  0.49725e-01 
       0.53273e-01  0.56736e-01  0.60115e-01  0.63415e-01  0.66634e-01 
       0.69763e-01  0.72836e-01  0.75868e-01  0.78899e-01  0.81931e-01 
       0.84962e-01  0.87993e-01  0.91025e-01  0.94056e-01  0.97088e-01 
      -0.61652e-02 -0.22389e-02  0.17007e-02  0.57526e-02  0.98708e-02 
       0.14005e-01  0.18117e-01  0.22175e-01  0.26186e-01  0.30125e-01 
       0.33982e-01  0.37755e-01  0.41441e-01  0.45040e-01  0.48552e-01 
       0.51983e-01  0.55328e-01  0.58589e-01  0.61770e-01  0.64871e-01 
       0.67883e-01  0.70839e-01  0.73753e-01  0.76667e-01  0.79581e-01 
       0.82495e-01  0.85409e-01  0.88323e-01  0.91238e-01  0.94152e-01 
      -0.60955e-02 -0.22118e-02  0.16841e-02  0.56799e-02  0.97301e-02 
       0.13786e-01  0.17812e-01  0.21777e-01  0.25690e-01  0.29527e-01 
       0.33278e-01  0.36942e-01  0.40518e-01  0.44005e-01  0.47404e-01 
       0.50721e-01  0.53951e-01  0.57098e-01  0.60164e-01  0.63150e-01 
       0.66048e-01  0.68889e-01  0.71690e-01  0.74490e-01  0.77290e-01 
       0.80091e-01  0.82891e-01  0.85692e-01  0.88492e-01  0.91292e-01 
      -0.60259e-02 -0.21844e-02  0.16681e-02  0.56086e-02  0.95917e-02 
       0.13570e-01  0.17512e-01  0.21385e-01  0.25203e-01  0.28940e-01 
       0.32588e-01  0.36146e-01  0.39614e-01  0.42992e-01  0.46280e-01 
       0.49486e-01  0.52605e-01  0.55639e-01  0.58594e-01  0.61469e-01 
       0.64256e-01  0.66987e-01  0.69677e-01  0.72367e-01  0.75057e-01 
       0.77747e-01  0.80438e-01  0.83128e-01  0.85818e-01  0.88508e-01 
      -0.59566e-02 -0.21567e-02  0.16529e-02  0.55388e-02  0.94559e-02 
       0.13359e-01  0.17217e-01  0.21001e-01  0.24724e-01  0.28364e-01 
       0.31911e-01  0.35366e-01  0.38729e-01  0.42000e-01  0.45181e-01 
       0.48278e-01  0.51289e-01  0.54215e-01  0.57062e-01  0.59828e-01 
       0.62508e-01  0.65132e-01  0.67715e-01  0.70299e-01  0.72882e-01 
       0.75466e-01  0.78050e-01  0.80633e-01  0.83217e-01  0.85801e-01 
      -0.58874e-02 -0.21287e-02  0.16386e-02  0.54707e-02  0.93228e-02 
       0.13152e-01  0.16928e-01  0.20623e-01  0.24256e-01  0.27800e-01 
       0.31248e-01  0.34601e-01  0.37862e-01  0.41029e-01  0.44105e-01 
       0.47098e-01  0.50003e-01  0.52824e-01  0.55565e-01  0.58227e-01 
       0.60802e-01  0.63323e-01  0.65803e-01  0.68283e-01  0.70763e-01 
       0.73243e-01  0.75723e-01  0.78204e-01  0.80684e-01  0.83164e-01 
      -0.58183e-02 -0.21002e-02  0.16253e-02  0.54044e-02  0.91926e-02 
       0.12949e-01  0.16645e-01  0.20254e-01  0.23796e-01  0.27247e-01 
       0.30598e-01  0.33854e-01  0.37014e-01  0.40080e-01  0.43055e-01 
       0.45945e-01  0.48748e-01  0.51467e-01  0.54106e-01  0.56666e-01 
       0.59140e-01  0.61560e-01  0.63940e-01  0.66321e-01  0.68701e-01 
       0.71081e-01  0.73461e-01  0.75841e-01  0.78222e-01  0.80602e-01 
      -0.57493e-02 -0.20712e-02  0.16132e-02  0.53402e-02  0.90656e-02 
       0.12750e-01  0.16368e-01  0.19892e-01  0.23347e-01  0.26706e-01 
       0.29964e-01  0.33123e-01  0.36186e-01  0.39153e-01  0.42028e-01 
       0.44819e-01  0.47523e-01  0.50142e-01  0.52682e-01  0.55144e-01 
       0.57521e-01  0.59843e-01  0.62126e-01  0.64410e-01  0.66693e-01 
       0.68977e-01  0.71260e-01  0.73543e-01  0.75827e-01  0.78110e-01 
      -0.56805e-02 -0.20416e-02  0.16024e-02  0.52782e-02  0.89421e-02 
       0.12557e-01  0.16098e-01  0.19539e-01  0.22908e-01  0.26178e-01 
       0.29343e-01  0.32409e-01  0.35377e-01  0.38248e-01  0.41027e-01 
       0.43721e-01  0.46328e-01  0.48851e-01  0.51295e-01  0.53662e-01 
       0.55943e-01  0.58172e-01  0.60361e-01  0.62551e-01  0.64740e-01 
       0.66930e-01  0.69120e-01  0.71309e-01  0.73499e-01  0.75688e-01 
      -0.56115e-02 -0.20112e-02  0.15932e-02  0.52188e-02  0.88222e-02 
       0.12368e-01  0.15834e-01  0.19194e-01  0.22479e-01  0.25662e-01 
       0.28737e-01  0.31711e-01  0.34587e-01  0.37365e-01  0.40050e-01 
       0.42651e-01  0.45164e-01  0.47593e-01  0.49944e-01  0.52218e-01 
       0.54408e-01  0.56545e-01  0.58644e-01  0.60743e-01  0.62842e-01 
       0.64941e-01  0.67040e-01  0.69139e-01  0.71238e-01  0.73337e-01 

      -0.55425e-02 -0.19799e-02  0.15858e-02  0.51622e-02  0.87065e-02 
       0.12185e-01  0.15577e-01  0.18858e-01  0.22061e-01  0.25158e-01 
       0.28147e-01  0.31032e-01  0.33817e-01  0.36504e-01  0.39099e-01 
       0.41608e-01  0.44030e-01  0.46368e-01  0.48629e-01  0.50814e-01 
       0.52915e-01  0.54964e-01  0.56975e-01  0.58987e-01  0.60998e-01 
       0.63009e-01  0.65021e-01  0.67032e-01  0.69043e-01  0.71055e-01 
      -0.54732e-02 -0.19474e-02  0.15804e-02  0.51087e-02  0.85951e-02 
       0.12008e-01  0.15328e-01  0.18532e-01  0.21654e-01  0.24669e-01 
       0.27572e-01  0.30370e-01  0.33068e-01  0.35667e-01  0.38172e-01 
       0.40593e-01  0.42927e-01  0.45177e-01  0.47351e-01  0.49448e-01 
       0.51463e-01  0.53427e-01  0.55354e-01  0.57281e-01  0.59207e-01 
       0.61134e-01  0.63061e-01  0.64987e-01  0.66914e-01  0.68840e-01 
      -0.54035e-02 -0.19136e-02  0.15774e-02  0.50588e-02  0.84886e-02 
       0.11837e-01  0.15086e-01  0.18215e-01  0.21259e-01  0.24193e-01 
       0.27013e-01  0.29727e-01  0.32339e-01  0.34852e-01  0.37271e-01 
       0.39606e-01  0.41854e-01  0.44019e-01  0.46108e-01  0.48121e-01 
       0.50054e-01  0.51935e-01  0.53780e-01  0.55624e-01  0.57469e-01 
       0.59314e-01  0.61158e-01  0.63003e-01  0.64848e-01  0.66692e-01 
      -0.53333e-02 -0.18781e-02  0.15771e-02  0.50128e-02  0.83874e-02 
       0.11673e-01  0.14854e-01  0.17908e-01  0.20876e-01  0.23731e-01 
       0.26470e-01  0.29102e-01  0.31631e-01  0.34061e-01  0.36396e-01 
       0.38647e-01  0.40812e-01  0.42895e-01  0.44902e-01  0.46834e-01 
       0.48686e-01  0.50488e-01  0.52253e-01  0.54019e-01  0.55785e-01 
       0.57551e-01  0.59316e-01  0.61082e-01  0.62848e-01  0.64613e-01 
      -0.52622e-02 -0.18406e-02  0.15800e-02  0.49713e-02  0.82921e-02 
       0.11516e-01  0.14630e-01  0.17613e-01  0.20507e-01  0.23284e-01 
       0.25944e-01  0.28496e-01  0.30945e-01  0.33293e-01  0.35548e-01 
       0.37718e-01  0.39802e-01  0.41805e-01  0.43732e-01  0.45586e-01 
       0.47360e-01  0.49085e-01  0.50774e-01  0.52463e-01  0.54153e-01 
       0.55842e-01  0.57531e-01  0.59220e-01  0.60910e-01  0.62599e-01 
      -0.51900e-02 -0.18008e-02  0.15866e-02  0.49347e-02  0.82033e-02 
       0.11368e-01  0.14416e-01  0.17329e-01  0.20150e-01  0.22853e-01 
       0.25437e-01  0.27910e-01  0.30280e-01  0.32550e-01  0.34726e-01 
       0.36818e-01  0.38824e-01  0.40749e-01  0.42599e-01  0.44377e-01 
       0.46076e-01  0.47727e-01  0.49342e-01  0.50958e-01  0.52573e-01 
       0.54189e-01  0.55804e-01  0.57420e-01  0.59035e-01  0.60651e-01 
      -0.51164e-02 -0.17581e-02  0.15973e-02  0.49039e-02  0.81216e-02 
       0.11228e-01  0.14213e-01  0.17058e-01  0.19808e-01  0.22438e-01 
       0.24947e-01  0.27345e-01  0.29639e-01  0.31832e-01  0.33932e-01 
       0.35947e-01  0.37878e-01  0.39728e-01  0.41504e-01  0.43208e-01 
       0.44835e-01  0.46414e-01  0.47958e-01  0.49502e-01  0.51046e-01 
       0.52591e-01  0.54135e-01  0.55679e-01  0.57223e-01  0.58767e-01 
      -0.50408e-02 -0.17120e-02  0.16130e-02  0.48794e-02  0.80480e-02 
       0.11098e-01  0.14021e-01  0.16799e-01  0.19481e-01  0.22040e-01 
       0.24477e-01  0.26802e-01  0.29021e-01  0.31140e-01  0.33166e-01 
       0.35107e-01  0.36965e-01  0.38742e-01  0.40446e-01  0.42079e-01 
       0.43636e-01  0.45146e-01  0.46621e-01  0.48096e-01  0.49572e-01 
       0.51047e-01  0.52523e-01  0.53998e-01  0.55473e-01  0.56949e-01 
      -0.49628e-02 -0.16619e-02  0.16342e-02  0.48622e-02  0.79832e-02 
       0.10978e-01  0.13842e-01  0.16555e-01  0.19171e-01  0.21661e-01 
       0.24027e-01  0.26280e-01  0.28428e-01  0.30475e-01  0.32428e-01 
       0.34299e-01  0.36085e-01  0.37792e-01  0.39427e-01  0.40991e-01 
       0.42480e-01  0.43923e-01  0.45332e-01  0.46741e-01  0.48151e-01 
       0.49560e-01  0.50969e-01  0.52378e-01  0.53787e-01  0.55197e-01 
      -0.48818e-02 -0.16070e-02  0.16620e-02  0.48532e-02  0.79284e-02 
       0.10871e-01  0.13675e-01  0.16327e-01  0.18877e-01  0.21300e-01 
       0.23598e-01  0.25782e-01  0.27860e-01  0.29837e-01  0.31721e-01 
       0.33522e-01  0.35240e-01  0.36879e-01  0.38446e-01  0.39944e-01 
       0.41368e-01  0.42746e-01  0.44092e-01  0.45437e-01  0.46782e-01 
       0.48128e-01  0.49473e-01  0.50818e-01  0.52164e-01  0.53509e-01 

      -0.47970e-02 -0.15464e-02  0.16973e-02  0.48535e-02  0.78846e-02 
       0.10776e-01  0.13524e-01  0.16114e-01  0.18602e-01  0.20960e-01 
       0.23191e-01  0.25308e-01  0.27318e-01  0.29228e-01  0.31044e-01 
       0.32778e-01  0.34429e-01  0.36002e-01  0.37505e-01  0.38939e-01 
       0.40300e-01  0.41616e-01  0.42899e-01  0.44183e-01  0.45466e-01 
       0.46750e-01  0.48033e-01  0.49317e-01  0.50601e-01  0.51884e-01 
      -0.47074e-02 -0.14791e-02  0.17413e-02  0.48644e-02  0.78533e-02 
       0.10695e-01  0.13389e-01  0.15920e-01  0.18347e-01  0.20642e-01 
       0.22808e-01  0.24860e-01  0.26805e-01  0.28649e-01  0.30400e-01 
       0.32068e-01  0.33655e-01  0.35165e-01  0.36604e-01  0.37976e-01 
       0.39276e-01  0.40532e-01  0.41756e-01  0.42980e-01  0.44204e-01 
       0.45428e-01  0.46652e-01  0.47876e-01  0.49100e-01  0.50324e-01 
      -0.46120e-02 -0.14039e-02  0.17954e-02  0.48873e-02  0.78359e-02 
       0.10630e-01  0.13271e-01  0.15745e-01  0.18113e-01  0.20346e-01 
       0.22450e-01  0.24438e-01  0.26320e-01  0.28100e-01  0.29788e-01 
       0.31394e-01  0.32918e-01  0.34366e-01  0.35745e-01  0.37057e-01 
       0.38298e-01  0.39496e-01  0.40663e-01  0.41829e-01  0.42996e-01 
       0.44162e-01  0.45329e-01  0.46495e-01  0.47662e-01  0.48828e-01 
      -0.45095e-02 -0.13192e-02  0.18611e-02  0.49240e-02  0.78341e-02 
       0.10583e-01  0.13173e-01  0.15592e-01  0.17902e-01  0.20076e-01 
       0.22119e-01  0.24046e-01  0.25865e-01  0.27584e-01  0.29210e-01 
       0.30755e-01  0.32219e-01  0.33608e-01  0.34928e-01  0.36182e-01 
       0.37366e-01  0.38508e-01  0.39620e-01  0.40731e-01  0.41842e-01 
       0.42953e-01  0.44064e-01  0.45175e-01  0.46286e-01  0.47398e-01 
      -0.43983e-02 -0.12235e-02  0.19403e-02  0.49763e-02  0.78500e-02 
       0.10555e-01  0.13095e-01  0.15461e-01  0.17716e-01  0.19832e-01 
       0.21817e-01  0.23684e-01  0.25443e-01  0.27102e-01  0.28669e-01 
       0.30155e-01  0.31560e-01  0.32891e-01  0.34154e-01  0.35352e-01 
       0.36482e-01  0.37570e-01  0.38628e-01  0.39685e-01  0.40743e-01 
       0.41800e-01  0.42858e-01  0.43916e-01  0.44973e-01  0.46031e-01 
      -0.42767e-02 -0.11148e-02  0.20350e-02  0.50463e-02  0.78856e-02 
       0.10548e-01  0.13042e-01  0.15356e-01  0.17556e-01  0.19617e-01 
       0.21545e-01  0.23354e-01  0.25055e-01  0.26656e-01  0.28165e-01 
       0.29593e-01  0.30942e-01  0.32217e-01  0.33425e-01  0.34570e-01 
       0.35646e-01  0.36682e-01  0.37688e-01  0.38694e-01  0.39700e-01 
       0.40706e-01  0.41713e-01  0.42719e-01  0.43725e-01  0.44731e-01 
      -0.41424e-02 -0.99077e-03  0.21477e-02  0.51367e-02  0.79436e-02 
       0.10566e-01  0.13014e-01  0.15278e-01  0.17427e-01  0.19433e-01 
       0.21305e-01  0.23058e-01  0.24703e-01  0.26248e-01  0.27700e-01 
       0.29073e-01  0.30367e-01  0.31588e-01  0.32743e-01  0.33835e-01 
       0.34860e-01  0.35845e-01  0.36801e-01  0.37757e-01  0.38713e-01 
       0.39670e-01  0.40626e-01  0.41582e-01  0.42538e-01  0.43494e-01 
      -0.39930e-02 -0.84876e-03  0.22811e-02  0.52502e-02  0.80268e-02 
       0.10611e-01  0.13015e-01  0.15231e-01  0.17329e-01  0.19283e-01 
       0.21101e-01  0.22799e-01  0.24389e-01  0.25879e-01  0.27277e-01 
       0.28596e-01  0.29837e-01  0.31005e-01  0.32108e-01  0.33149e-01 
       0.34125e-01  0.35061e-01  0.35968e-01  0.36876e-01  0.37783e-01 
       0.38691e-01  0.39599e-01  0.40506e-01  0.41414e-01  0.42321e-01 
      -0.38254e-02 -0.68569e-03  0.24385e-02  0.53900e-02  0.81384e-02 
       0.10687e-01  0.13048e-01  0.15217e-01  0.17266e-01  0.19169e-01 
       0.20934e-01  0.22579e-01  0.24116e-01  0.25552e-01  0.26898e-01 
       0.28164e-01  0.29353e-01  0.30470e-01  0.31522e-01  0.32514e-01 
       0.33442e-01  0.34330e-01  0.35191e-01  0.36052e-01  0.36912e-01 
       0.37773e-01  0.38633e-01  0.39494e-01  0.40355e-01  0.41215e-01 
      -0.36362e-02 -0.49795e-03  0.26235e-02  0.55599e-02  0.82820e-02 
       0.10796e-01  0.13117e-01  0.15240e-01  0.17241e-01  0.19095e-01 
       0.20809e-01  0.22402e-01  0.23886e-01  0.25270e-01  0.26564e-01 
       0.27779e-01  0.28917e-01  0.29984e-01  0.30988e-01  0.31932e-01 
       0.32812e-01  0.33655e-01  0.34470e-01  0.35285e-01  0.36100e-01 
       0.36915e-01  0.37730e-01  0.38545e-01  0.39360e-01  0.40176e-01 

      -0.34212e-02 -0.28137e-03  0.28403e-02  0.57640e-02  0.84618e-02 
       0.10942e-01  0.13224e-01  0.15303e-01  0.17258e-01  0.19063e-01 
       0.20727e-01  0.22269e-01  0.23703e-01  0.25036e-01  0.26278e-01 
       0.27444e-01  0.28532e-01  0.29550e-01  0.30506e-01  0.31403e-01 
       0.32238e-01  0.33035e-01  0.33806e-01  0.34576e-01  0.35347e-01 
       0.36117e-01  0.36888e-01  0.37658e-01  0.38429e-01  0.39199e-01 
      -0.31756e-02 -0.31165e-04  0.30937e-02  0.60071e-02  0.86824e-02 
       0.11131e-01  0.13375e-01  0.15411e-01  0.17321e-01  0.19077e-01 
       0.20692e-01  0.22185e-01  0.23568e-01  0.24851e-01  0.26044e-01 
       0.27160e-01  0.28200e-01  0.29170e-01  0.30079e-01  0.30930e-01 
       0.31720e-01  0.32473e-01  0.33200e-01  0.33927e-01  0.34654e-01 
       0.35381e-01  0.36108e-01  0.36835e-01  0.37562e-01  0.38289e-01 
      -0.28940e-02  0.25817e-03  0.33892e-02  0.62944e-02  0.89488e-02 
       0.11367e-01  0.13574e-01  0.15568e-01  0.17433e-01  0.19142e-01 
       0.20709e-01  0.22152e-01  0.23486e-01  0.24719e-01  0.25863e-01 
       0.26930e-01  0.27922e-01  0.28846e-01  0.29709e-01  0.30514e-01 
       0.31260e-01  0.31970e-01  0.32654e-01  0.33338e-01  0.34022e-01 
       0.34706e-01  0.35391e-01  0.36075e-01  0.36759e-01  0.37443e-01 
      -0.25697e-02  0.59305e-03  0.37331e-02  0.66322e-02  0.92670e-02 
       0.11656e-01  0.13826e-01  0.15778e-01  0.17599e-01  0.19262e-01 
       0.20780e-01  0.22174e-01  0.23459e-01  0.24643e-01  0.25738e-01 
       0.26757e-01  0.27702e-01  0.28579e-01  0.29396e-01  0.30156e-01 
       0.30859e-01  0.31526e-01  0.32168e-01  0.32810e-01  0.33451e-01 
       0.34093e-01  0.34735e-01  0.35377e-01  0.36019e-01  0.36661e-01 
      -0.21952e-02  0.98079e-03  0.41324e-02  0.70270e-02  0.96432e-02 
       0.12003e-01  0.14137e-01  0.16048e-01  0.17824e-01  0.19440e-01 
       0.20910e-01  0.22256e-01  0.23491e-01  0.24626e-01  0.25673e-01 
       0.26644e-01  0.27541e-01  0.28371e-01  0.29143e-01  0.29859e-01 
       0.30518e-01  0.31142e-01  0.31742e-01  0.32342e-01  0.32942e-01 
       0.33542e-01  0.34141e-01  0.34741e-01  0.35341e-01  0.35941e-01 
      -0.17624e-02  0.14295e-02  0.45952e-02  0.74865e-02  0.10085e-01 
       0.12416e-01  0.14513e-01  0.16382e-01  0.18113e-01  0.19682e-01 
       0.21104e-01  0.22400e-01  0.23585e-01  0.24671e-01  0.25669e-01 
       0.26591e-01  0.27441e-01  0.28225e-01  0.28951e-01  0.29622e-01 
       0.30237e-01  0.30819e-01  0.31377e-01  0.31935e-01  0.32493e-01 
       0.33051e-01  0.33608e-01  0.34166e-01  0.34724e-01  0.35282e-01 
      -0.12601e-02  0.19491e-02  0.51302e-02  0.80190e-02  0.10599e-01 
       0.12901e-01  0.14961e-01  0.16786e-01  0.18472e-01  0.19993e-01 
       0.21365e-01  0.22610e-01  0.23745e-01  0.24781e-01  0.25729e-01 
       0.26602e-01  0.27404e-01  0.28140e-01  0.28820e-01  0.29446e-01 
       0.30018e-01  0.30557e-01  0.31072e-01  0.31588e-01  0.32104e-01 
       0.32619e-01  0.33135e-01  0.33651e-01  0.34166e-01  0.34682e-01 
      -0.67771e-03  0.25501e-02  0.57477e-02  0.86339e-02  0.11195e-01 
       0.13466e-01  0.15487e-01  0.17267e-01  0.18906e-01  0.20377e-01 
       0.21697e-01  0.22891e-01  0.23974e-01  0.24958e-01  0.25855e-01 
       0.26678e-01  0.27430e-01  0.28118e-01  0.28751e-01  0.29331e-01 
       0.29859e-01  0.30354e-01  0.30827e-01  0.31300e-01  0.31772e-01 
       0.32245e-01  0.32718e-01  0.33191e-01  0.33664e-01  0.34137e-01 
      -0.19997e-05  0.32445e-02  0.64587e-02  0.93410e-02  0.11881e-01 
       0.14118e-01  0.16098e-01  0.17831e-01  0.19420e-01  0.20838e-01 
       0.22105e-01  0.23244e-01  0.24273e-01  0.25204e-01  0.26047e-01 
       0.26819e-01  0.27520e-01  0.28159e-01  0.28743e-01  0.29276e-01 
       0.29758e-01  0.30209e-01  0.30637e-01  0.31066e-01  0.31495e-01 
       0.31924e-01  0.32353e-01  0.32782e-01  0.33211e-01  0.33640e-01 
       0.78258e-03  0.40464e-02  0.72755e-02  0.10152e-01  0.12667e-01 
       0.14868e-01  0.16802e-01  0.18485e-01  0.20019e-01  0.21382e-01 
       0.22591e-01  0.23673e-01  0.24645e-01  0.25519e-01  0.26308e-01 
       0.27025e-01  0.27673e-01  0.28260e-01  0.28794e-01  0.29278e-01 
       0.29713e-01  0.30117e-01  0.30501e-01  0.30884e-01  0.31268e-01 
       0.31651e-01  0.32035e-01  0.32418e-01  0.32802e-01  0.33185e-01 

       0.16917e-02  0.49701e-02  0.82114e-02  0.11077e-01  0.13563e-01 
       0.15722e-01  0.17606e-01  0.19232e-01  0.20708e-01  0.22010e-01 
       0.23158e-01  0.24179e-01  0.25090e-01  0.25905e-01  0.26634e-01 
       0.27294e-01  0.27887e-01  0.28419e-01  0.28901e-01  0.29334e-01 
       0.29719e-01  0.30076e-01  0.30412e-01  0.30748e-01  0.31085e-01 
       0.31421e-01  0.31757e-01  0.32094e-01  0.32430e-01  0.32766e-01 
       0.27450e-02  0.60327e-02  0.92808e-02  0.12130e-01  0.14580e-01 
       0.16690e-01  0.18517e-01  0.20080e-01  0.21491e-01  0.22726e-01 
       0.23808e-01  0.24762e-01  0.25608e-01  0.26357e-01  0.27025e-01 
       0.27623e-01  0.28156e-01  0.28632e-01  0.29057e-01  0.29436e-01 
       0.29770e-01  0.30076e-01  0.30363e-01  0.30649e-01  0.30936e-01 
       0.31223e-01  0.31510e-01  0.31796e-01  0.32083e-01  0.32370e-01 
       0.39627e-02  0.72517e-02  0.10499e-01  0.13322e-01  0.15727e-01 
       0.17778e-01  0.19538e-01  0.21030e-01  0.22369e-01  0.23530e-01 
       0.24538e-01  0.25419e-01  0.26193e-01  0.26874e-01  0.27473e-01 
       0.28006e-01  0.28475e-01  0.28889e-01  0.29255e-01  0.29577e-01 
       0.29855e-01  0.30108e-01  0.30343e-01  0.30578e-01  0.30812e-01 
       0.31047e-01  0.31282e-01  0.31516e-01  0.31751e-01  0.31986e-01 
       0.53678e-02  0.86465e-02  0.11880e-01  0.14665e-01  0.17012e-01 
       0.18993e-01  0.20676e-01  0.22086e-01  0.23341e-01  0.24420e-01 
       0.25345e-01  0.26145e-01  0.26841e-01  0.27445e-01  0.27970e-01 
       0.28432e-01  0.28832e-01  0.29180e-01  0.29482e-01  0.29743e-01 
       0.29963e-01  0.30159e-01  0.30338e-01  0.30517e-01  0.30697e-01 
       0.30876e-01  0.31055e-01  0.31234e-01  0.31413e-01  0.31592e-01 
       0.69849e-02  0.10237e-01  0.13441e-01  0.16171e-01  0.18444e-01 
       0.20339e-01  0.21929e-01  0.23245e-01  0.24405e-01  0.25389e-01 
       0.26221e-01  0.26932e-01  0.27540e-01  0.28060e-01  0.28504e-01 
       0.28888e-01  0.29214e-01  0.29490e-01  0.29723e-01  0.29918e-01 
       0.30076e-01  0.30211e-01  0.30331e-01  0.30451e-01  0.30571e-01 
       0.30691e-01  0.30811e-01  0.30931e-01  0.31051e-01  0.31171e-01 
       0.88397e-02  0.12043e-01  0.15196e-01  0.17849e-01  0.20026e-01 
       0.21816e-01  0.23296e-01  0.24501e-01  0.25550e-01  0.26426e-01 
       0.27153e-01  0.27763e-01  0.28274e-01  0.28700e-01  0.29056e-01 
       0.29354e-01  0.29598e-01  0.29796e-01  0.29956e-01  0.30080e-01 
       0.30170e-01  0.30241e-01  0.30298e-01  0.30355e-01  0.30412e-01 
       0.30469e-01  0.30526e-01  0.30583e-01  0.30640e-01  0.30697e-01 
       0.10958e-01  0.14084e-01  0.17155e-01  0.19703e-01  0.21759e-01 
       0.23419e-01  0.24767e-01  0.25841e-01  0.26762e-01  0.27513e-01 
       0.28122e-01  0.28617e-01  0.29019e-01  0.29342e-01  0.29599e-01 
       0.29804e-01  0.29959e-01  0.30073e-01  0.30152e-01  0.30200e-01 
       0.30218e-01  0.30220e-01  0.30210e-01  0.30199e-01  0.30189e-01 
       0.30179e-01  0.30168e-01  0.30158e-01  0.30148e-01  0.30138e-01 
       0.13367e-01  0.16375e-01  0.19327e-01  0.21733e-01  0.23634e-01 
       0.25134e-01  0.26324e-01  0.27244e-01  0.28016e-01  0.28624e-01 
       0.29097e-01  0.29463e-01  0.29744e-01  0.29952e-01  0.30100e-01 
       0.30201e-01  0.30260e-01  0.30282e-01  0.30274e-01  0.30240e-01 
       0.30182e-01  0.30110e-01  0.30028e-01  0.29947e-01  0.29865e-01 
       0.29783e-01  0.29702e-01  0.29620e-01  0.29538e-01  0.29457e-01 
       0.16085e-01  0.18927e-01  0.21710e-01  0.23929e-01  0.25634e-01 
       0.26938e-01  0.27938e-01  0.28676e-01  0.29274e-01  0.29718e-01 
       0.30036e-01  0.30257e-01  0.30402e-01  0.30483e-01  0.30512e-01 
       0.30500e-01  0.30453e-01  0.30377e-01  0.30276e-01  0.30155e-01 
       0.30016e-01  0.29866e-01  0.29710e-01  0.29553e-01  0.29397e-01 
       0.29240e-01  0.29084e-01  0.28927e-01  0.28771e-01  0.28614e-01 
       0.19131e-01  0.21742e-01  0.24292e-01  0.26267e-01  0.27726e-01 
       0.28790e-01  0.29562e-01  0.30088e-01  0.30483e-01  0.30738e-01 
       0.30882e-01  0.30941e-01  0.30934e-01  0.30875e-01  0.30774e-01 
       0.30641e-01  0.30481e-01  0.30298e-01  0.30099e-01  0.29887e-01 
       0.29662e-01  0.29432e-01  0.29197e-01  0.28963e-01  0.28729e-01 
       0.28494e-01  0.28260e-01  0.28026e-01  0.27791e-01  0.27557e-01 

       0.22506e-01  0.24805e-01  0.27043e-01  0.28701e-01  0.29853e-01 
       0.30627e-01  0.31128e-01  0.31405e-01  0.31567e-01  0.31608e-01 
       0.31556e-01  0.31435e-01  0.31263e-01  0.31051e-01  0.30809e-01 
       0.30546e-01  0.30266e-01  0.29973e-01  0.29672e-01  0.29364e-01 
       0.29052e-01  0.28740e-01  0.28426e-01  0.28113e-01  0.27799e-01 
       0.27486e-01  0.27173e-01  0.26859e-01  0.26546e-01  0.26232e-01 
       0.26193e-01  0.28078e-01  0.29903e-01  0.31158e-01  0.31930e-01 
       0.32354e-01  0.32535e-01  0.32526e-01  0.32422e-01  0.32223e-01 
       0.31953e-01  0.31635e-01  0.31284e-01  0.30910e-01  0.30520e-01 
       0.30121e-01  0.29717e-01  0.29311e-01  0.28905e-01  0.28502e-01 
       0.28104e-01  0.27710e-01  0.27319e-01  0.26928e-01  0.26537e-01 
       0.26146e-01  0.25755e-01  0.25365e-01  0.24974e-01  0.24583e-01 
       0.30145e-01  0.31487e-01  0.32770e-01  0.33516e-01  0.33824e-01 
       0.33831e-01  0.33641e-01  0.33306e-01  0.32904e-01  0.32440e-01 
       0.31935e-01  0.31407e-01  0.30869e-01  0.30326e-01  0.29785e-01 
       0.29249e-01  0.28721e-01  0.28203e-01  0.27697e-01  0.27202e-01 
       0.26722e-01  0.26252e-01  0.25790e-01  0.25327e-01  0.24864e-01 
       0.24401e-01  0.23938e-01  0.23476e-01  0.23013e-01  0.22550e-01 
       0.34254e-01  0.34892e-01  0.35477e-01  0.35589e-01  0.35337e-01 
       0.34858e-01  0.34244e-01  0.33548e-01  0.32821e-01  0.32074e-01 
       0.31323e-01  0.30580e-01  0.29852e-01  0.29143e-01  0.28455e-01 
       0.27789e-01  0.27145e-01  0.26525e-01  0.25927e-01  0.25352e-01 
       0.24802e-01  0.24268e-01  0.23744e-01  0.23221e-01  0.22698e-01 
       0.22175e-01  0.21651e-01  0.21128e-01  0.20605e-01  0.20082e-01 
       0.38316e-01  0.38056e-01  0.37754e-01  0.37087e-01  0.36176e-01 
       0.35142e-01  0.34062e-01  0.32980e-01  0.31914e-01  0.30880e-01 
       0.29888e-01  0.28939e-01  0.28035e-01  0.27175e-01  0.26358e-01 
       0.25579e-01  0.24840e-01  0.24138e-01  0.23470e-01  0.22834e-01 
       0.22234e-01  0.21655e-01  0.21092e-01  0.20528e-01  0.19965e-01 
       0.19401e-01  0.18838e-01  0.18275e-01  0.17711e-01  0.17148e-01 
       0.41968e-01  0.40578e-01  0.39163e-01  0.37564e-01  0.35900e-01 
       0.34264e-01  0.32699e-01  0.31236e-01  0.29845e-01  0.28548e-01 
       0.27344e-01  0.26224e-01  0.25180e-01  0.24208e-01  0.23300e-01 
       0.22447e-01  0.21650e-01  0.20902e-01  0.20199e-01  0.19538e-01 
       0.18921e-01  0.18331e-01  0.17759e-01  0.17187e-01  0.16616e-01 
       0.16044e-01  0.15472e-01  0.14901e-01  0.14329e-01  0.13757e-01 
       0.44532e-01  0.41748e-01  0.38970e-01  0.36303e-01  0.33841e-01 
       0.31611e-01  0.29604e-01  0.27822e-01  0.26177e-01  0.24694e-01 
       0.23357e-01  0.22143e-01  0.21036e-01  0.20024e-01  0.19095e-01 
       0.18236e-01  0.17444e-01  0.16711e-01  0.16031e-01  0.15398e-01 
       0.14815e-01  0.14261e-01  0.13727e-01  0.13194e-01  0.12661e-01 
       0.12127e-01  0.11594e-01  0.11060e-01  0.10527e-01  0.99935e-02 
       0.44613e-01  0.40205e-01  0.35855e-01  0.32104e-01  0.28947e-01 
       0.26285e-01  0.24017e-01  0.22103e-01  0.20386e-01  0.18890e-01 
       0.17582e-01  0.16425e-01  0.15393e-01  0.14470e-01  0.13638e-01 
       0.12881e-01  0.12194e-01  0.11568e-01  0.10995e-01  0.10469e-01 
       0.99906e-02  0.95400e-02  0.91091e-02  0.86781e-02  0.82472e-02 
       0.78162e-02  0.73852e-02  0.69543e-02  0.65233e-02  0.60924e-02 
       0.38291e-01  0.32582e-01  0.27016e-01  0.22732e-01  0.19486e-01 
       0.16969e-01  0.14963e-01  0.13368e-01  0.11987e-01  0.10833e-01 
       0.98628e-02  0.90307e-02  0.83094e-02  0.76800e-02  0.71262e-02 
       0.66322e-02  0.61930e-02  0.58004e-02  0.54466e-02  0.51274e-02 
       0.48418e-02  0.45757e-02  0.43231e-02  0.40706e-02  0.38180e-02 
       0.35655e-02  0.33129e-02  0.30604e-02  0.28078e-02  0.25553e-02 
       0.53648e-02  0.45170e-02  0.36915e-02  0.30654e-02  0.25980e-02 
       0.22404e-02  0.19584e-02  0.17367e-02  0.15460e-02  0.13880e-02 
       0.12561e-02  0.11438e-02  0.10470e-02  0.96303e-03  0.88954e-03 
       0.82429e-03  0.76656e-03  0.71518e-03  0.66907e-03  0.62764e-03 
       0.59074e-03  0.55643e-03  0.52395e-03  0.49147e-03  0.45899e-03 
       0.42651e-03  0.39403e-03  0.36155e-03  0.32907e-03  0.29659e-03 

      -0.89403e-01  0.59195e-01  0.21121e+00  0.39774e+00  0.61864e+00 
       0.86853e+00  0.11417e+01  0.14356e+01  0.17406e+01  0.20579e+01 
       0.23849e+01  0.27188e+01  0.30577e+01  0.34001e+01  0.37448e+01 
       0.40906e+01  0.44368e+01  0.47825e+01  0.51273e+01  0.54706e+01 
       0.58115e+01  0.61506e+01  0.64884e+01  0.68262e+01  0.71639e+01 
       0.75017e+01  0.78395e+01  0.81772e+01  0.85150e+01  0.88528e+01 
      -0.87786e-01  0.59792e-01  0.21071e+00  0.39524e+00  0.61310e+00 
       0.85891e+00  0.11271e+01  0.14149e+01  0.17133e+01  0.20232e+01 
       0.23421e+01  0.26673e+01  0.29971e+01  0.33299e+01  0.36646e+01 
       0.40000e+01  0.43356e+01  0.46704e+01  0.50041e+01  0.53359e+01 
       0.56653e+01  0.59928e+01  0.63188e+01  0.66448e+01  0.69709e+01 
       0.72969e+01  0.76229e+01  0.79489e+01  0.82750e+01  0.86010e+01 
      -0.86149e-01  0.60396e-01  0.21020e+00  0.39275e+00  0.60759e+00 
       0.84937e+00  0.11125e+01  0.13944e+01  0.16863e+01  0.19889e+01 
       0.22999e+01  0.26167e+01  0.29375e+01  0.32609e+01  0.35858e+01 
       0.39111e+01  0.42363e+01  0.45605e+01  0.48832e+01  0.52041e+01 
       0.55222e+01  0.58383e+01  0.61529e+01  0.64675e+01  0.67822e+01 
       0.70968e+01  0.74114e+01  0.77260e+01  0.80406e+01  0.83552e+01 
      -0.84531e-01  0.60993e-01  0.20970e+00  0.39027e+00  0.60212e+00 
       0.83991e+00  0.10982e+01  0.13742e+01  0.16596e+01  0.19551e+01 
       0.22583e+01  0.25668e+01  0.28788e+01  0.31930e+01  0.35083e+01 
       0.38238e+01  0.41388e+01  0.44527e+01  0.47648e+01  0.50749e+01 
       0.53821e+01  0.56872e+01  0.59907e+01  0.62942e+01  0.65977e+01 
       0.69012e+01  0.72047e+01  0.75082e+01  0.78117e+01  0.81152e+01 
      -0.82912e-01  0.61591e-01  0.20920e+00  0.38781e+00  0.59669e+00 
       0.83053e+00  0.10839e+01  0.13542e+01  0.16333e+01  0.19218e+01 
       0.22174e+01  0.25177e+01  0.28211e+01  0.31263e+01  0.34323e+01 
       0.37381e+01  0.40432e+01  0.43469e+01  0.46488e+01  0.49484e+01 
       0.52449e+01  0.55393e+01  0.58320e+01  0.61247e+01  0.64174e+01 
       0.67101e+01  0.70029e+01  0.72956e+01  0.75883e+01  0.78810e+01 
      -0.81293e-01  0.62190e-01  0.20870e+00  0.38535e+00  0.59130e+00 
       0.82123e+00  0.10698e+01  0.13344e+01  0.16073e+01  0.18889e+01 
       0.21770e+01  0.24693e+01  0.27643e+01  0.30607e+01  0.33575e+01 
       0.36540e+01  0.39495e+01  0.42433e+01  0.45351e+01  0.48245e+01 
       0.51106e+01  0.53946e+01  0.56768e+01  0.59591e+01  0.62413e+01 
       0.65235e+01  0.68058e+01  0.70880e+01  0.73703e+01  0.76525e+01 
      -0.79672e-01  0.62790e-01  0.20820e+00  0.38291e+00  0.58594e+00 
       0.81200e+00  0.10559e+01  0.13148e+01  0.15816e+01  0.18564e+01 
       0.21372e+01  0.24216e+01  0.27084e+01  0.29962e+01  0.32841e+01 
       0.35714e+01  0.38575e+01  0.41417e+01  0.44237e+01  0.47031e+01 
       0.49792e+01  0.52530e+01  0.55251e+01  0.57972e+01  0.60692e+01 
       0.63413e+01  0.66134e+01  0.68854e+01  0.71575e+01  0.74295e+01 
      -0.78070e-01  0.63384e-01  0.20770e+00  0.38049e+00  0.58061e+00 
       0.80286e+00  0.10421e+01  0.12955e+01  0.15562e+01  0.18244e+01 
       0.20979e+01  0.23747e+01  0.26534e+01  0.29328e+01  0.32120e+01 
       0.34904e+01  0.37672e+01  0.40420e+01  0.43145e+01  0.45843e+01 
       0.48506e+01  0.51146e+01  0.53767e+01  0.56389e+01  0.59011e+01 
       0.61632e+01  0.64254e+01  0.66876e+01  0.69497e+01  0.72119e+01 
      -0.76448e-01  0.63986e-01  0.20721e+00  0.37807e+00  0.57533e+00 
       0.79379e+00  0.10284e+01  0.12764e+01  0.15311e+01  0.17928e+01 
       0.20593e+01  0.23286e+01  0.25993e+01  0.28705e+01  0.31412e+01 
       0.34108e+01  0.36787e+01  0.39444e+01  0.42076e+01  0.44680e+01 
       0.47248e+01  0.49792e+01  0.52317e+01  0.54843e+01  0.57369e+01 
       0.59894e+01  0.62420e+01  0.64945e+01  0.67471e+01  0.69997e+01 
      -0.74824e-01  0.64589e-01  0.20672e+00  0.37567e+00  0.57008e+00 
       0.78480e+00  0.10148e+01  0.12575e+01  0.15064e+01  0.17616e+01 
       0.20212e+01  0.22831e+01  0.25461e+01  0.28093e+01  0.30716e+01 
       0.33327e+01  0.35918e+01  0.38486e+01  0.41028e+01  0.43540e+01 
       0.46016e+01  0.48467e+01  0.50899e+01  0.53331e+01  0.55764e+01 
       0.58196e+01  0.60628e+01  0.63060e+01  0.65492e+01  0.67924e+01 

      -0.73219e-01  0.65186e-01  0.20623e+00  0.37328e+00  0.56487e+00 
       0.77588e+00  0.10014e+01  0.12388e+01  0.14819e+01  0.17309e+01 
       0.19836e+01  0.22383e+01  0.24938e+01  0.27491e+01  0.30033e+01 
       0.32560e+01  0.35067e+01  0.37548e+01  0.40002e+01  0.42425e+01 
       0.44811e+01  0.47172e+01  0.49514e+01  0.51855e+01  0.54197e+01 
       0.56538e+01  0.58880e+01  0.61221e+01  0.63563e+01  0.65904e+01 
      -0.71612e-01  0.65785e-01  0.20574e+00  0.37090e+00  0.55969e+00 
       0.76704e+00  0.98817e+00  0.12203e+01  0.14578e+01  0.17006e+01 
       0.19466e+01  0.21943e+01  0.24423e+01  0.26899e+01  0.29362e+01 
       0.31808e+01  0.34232e+01  0.36628e+01  0.38997e+01  0.41334e+01 
       0.43632e+01  0.45905e+01  0.48159e+01  0.50413e+01  0.52666e+01 
       0.54920e+01  0.57174e+01  0.59427e+01  0.61681e+01  0.63935e+01 
      -0.69985e-01  0.66392e-01  0.20526e+00  0.36853e+00  0.55455e+00 
       0.75828e+00  0.97503e+00  0.12020e+01  0.14340e+01  0.16707e+01 
       0.19102e+01  0.21509e+01  0.23917e+01  0.26318e+01  0.28703e+01 
       0.31070e+01  0.33413e+01  0.35727e+01  0.38012e+01  0.40265e+01 
       0.42479e+01  0.44667e+01  0.46835e+01  0.49003e+01  0.51172e+01 
       0.53340e+01  0.55508e+01  0.57676e+01  0.59845e+01  0.62013e+01 
      -0.68374e-01  0.66994e-01  0.20478e+00  0.36618e+00  0.54944e+00 
       0.74959e+00  0.96202e+00  0.11840e+01  0.14105e+01  0.16411e+01 
       0.18742e+01  0.21082e+01  0.23419e+01  0.25746e+01  0.28056e+01 
       0.30346e+01  0.32610e+01  0.34844e+01  0.37048e+01  0.39219e+01 
       0.41351e+01  0.43456e+01  0.45541e+01  0.47627e+01  0.49712e+01 
       0.51798e+01  0.53883e+01  0.55968e+01  0.58054e+01  0.60139e+01 
      -0.66764e-01  0.67596e-01  0.20430e+00  0.36384e+00  0.54437e+00 
       0.74098e+00  0.94914e+00  0.11661e+01  0.13872e+01  0.16121e+01 
       0.18388e+01  0.20662e+01  0.22930e+01  0.25185e+01  0.27421e+01 
       0.29635e+01  0.31822e+01  0.33979e+01  0.36104e+01  0.38196e+01 
       0.40247e+01  0.42272e+01  0.44277e+01  0.46282e+01  0.48287e+01 
       0.50292e+01  0.52297e+01  0.54302e+01  0.56307e+01  0.58312e+01 
      -0.65151e-01  0.68201e-01  0.20382e+00  0.36151e+00  0.53933e+00 
       0.73244e+00  0.93639e+00  0.11485e+01  0.13643e+01  0.15834e+01 
       0.18040e+01  0.20248e+01  0.22448e+01  0.24633e+01  0.26798e+01 
       0.28938e+01  0.31050e+01  0.33131e+01  0.35180e+01  0.37194e+01 
       0.39168e+01  0.41115e+01  0.43042e+01  0.44969e+01  0.46896e+01 
       0.48823e+01  0.50750e+01  0.52677e+01  0.54604e+01  0.56531e+01 
      -0.63536e-01  0.68808e-01  0.20335e+00  0.35920e+00  0.53433e+00 
       0.72397e+00  0.92378e+00  0.11311e+01  0.13417e+01  0.15551e+01 
       0.17696e+01  0.19841e+01  0.21975e+01  0.24091e+01  0.26185e+01 
       0.28254e+01  0.30293e+01  0.32300e+01  0.34275e+01  0.36214e+01 
       0.38112e+01  0.39984e+01  0.41835e+01  0.43687e+01  0.45538e+01 
       0.47390e+01  0.49241e+01  0.51092e+01  0.52944e+01  0.54795e+01 
      -0.61919e-01  0.69417e-01  0.20288e+00  0.35689e+00  0.52937e+00 
       0.71558e+00  0.91128e+00  0.11138e+01  0.13193e+01  0.15272e+01 
       0.17358e+01  0.19440e+01  0.21509e+01  0.23559e+01  0.25584e+01 
       0.27583e+01  0.29551e+01  0.31487e+01  0.33388e+01  0.35255e+01 
       0.37080e+01  0.38878e+01  0.40656e+01  0.42434e+01  0.44212e+01 
       0.45990e+01  0.47768e+01  0.49547e+01  0.51325e+01  0.53103e+01 
      -0.60280e-01  0.70036e-01  0.20242e+00  0.35460e+00  0.52444e+00 
       0.70726e+00  0.89892e+00  0.10968e+01  0.12972e+01  0.14996e+01 
       0.17024e+01  0.19046e+01  0.21051e+01  0.23036e+01  0.24994e+01 
       0.26925e+01  0.28824e+01  0.30689e+01  0.32521e+01  0.34316e+01 
       0.36071e+01  0.37798e+01  0.39505e+01  0.41212e+01  0.42919e+01 
       0.44626e+01  0.46332e+01  0.48039e+01  0.49746e+01  0.51453e+01 
      -0.58678e-01  0.70642e-01  0.20195e+00  0.35233e+00  0.51954e+00 
       0.69901e+00  0.88669e+00  0.10800e+01  0.12755e+01  0.14725e+01 
       0.16696e+01  0.18657e+01  0.20601e+01  0.22522e+01  0.24415e+01 
       0.26279e+01  0.28111e+01  0.29909e+01  0.31672e+01  0.33398e+01 
       0.35084e+01  0.36742e+01  0.38380e+01  0.40018e+01  0.41656e+01 
       0.43294e+01  0.44932e+01  0.46570e+01  0.48208e+01  0.49846e+01 

      -0.57074e-01  0.71250e-01  0.20149e+00  0.35006e+00  0.51468e+00 
       0.69084e+00  0.87457e+00  0.10633e+01  0.12540e+01  0.14457e+01 
       0.16373e+01  0.18275e+01  0.20159e+01  0.22017e+01  0.23846e+01 
       0.25646e+01  0.27412e+01  0.29144e+01  0.30840e+01  0.32500e+01 
       0.34119e+01  0.35710e+01  0.37281e+01  0.38853e+01  0.40424e+01 
       0.41996e+01  0.43567e+01  0.45138e+01  0.46710e+01  0.48281e+01 
      -0.55448e-01  0.71868e-01  0.20104e+00  0.34781e+00  0.50986e+00 
       0.68273e+00  0.86259e+00  0.10469e+01  0.12327e+01  0.14194e+01 
       0.16054e+01  0.17900e+01  0.19724e+01  0.21521e+01  0.23289e+01 
       0.25025e+01  0.26728e+01  0.28395e+01  0.30027e+01  0.31622e+01 
       0.33176e+01  0.34702e+01  0.36209e+01  0.37715e+01  0.39222e+01 
       0.40728e+01  0.42235e+01  0.43741e+01  0.45248e+01  0.46754e+01 
      -0.53818e-01  0.72490e-01  0.20058e+00  0.34557e+00  0.50507e+00 
       0.67470e+00  0.85072e+00  0.10306e+01  0.12118e+01  0.13933e+01 
       0.15740e+01  0.17530e+01  0.19296e+01  0.21034e+01  0.22741e+01 
       0.24416e+01  0.26057e+01  0.27661e+01  0.29230e+01  0.30763e+01 
       0.32254e+01  0.33717e+01  0.35161e+01  0.36605e+01  0.38049e+01 
       0.39493e+01  0.40937e+01  0.42381e+01  0.43825e+01  0.45269e+01 
      -0.52186e-01  0.73115e-01  0.20013e+00  0.34335e+00  0.50031e+00 
       0.66674e+00  0.83898e+00  0.10146e+01  0.11911e+01  0.13677e+01 
       0.15431e+01  0.17166e+01  0.18876e+01  0.20556e+01  0.22204e+01 
       0.23819e+01  0.25399e+01  0.26943e+01  0.28451e+01  0.29923e+01 
       0.31352e+01  0.32755e+01  0.34138e+01  0.35522e+01  0.36905e+01 
       0.38288e+01  0.39671e+01  0.41054e+01  0.42437e+01  0.43821e+01 
      -0.50569e-01  0.73736e-01  0.19969e+00  0.34114e+00  0.49559e+00 
       0.65885e+00  0.82736e+00  0.99871e+00  0.11707e+01  0.13424e+01 
       0.15127e+01  0.16808e+01  0.18463e+01  0.20086e+01  0.21676e+01 
       0.23234e+01  0.24755e+01  0.26240e+01  0.27689e+01  0.29101e+01 
       0.30472e+01  0.31816e+01  0.33140e+01  0.34465e+01  0.35789e+01 
       0.37113e+01  0.38438e+01  0.39762e+01  0.41087e+01  0.42411e+01 
      -0.48930e-01  0.74367e-01  0.19925e+00  0.33894e+00  0.49091e+00 
       0.65103e+00  0.81586e+00  0.98303e+00  0.11505e+01  0.13175e+01 
       0.14827e+01  0.16456e+01  0.18056e+01  0.19625e+01  0.21159e+01 
       0.22660e+01  0.24124e+01  0.25551e+01  0.26943e+01  0.28298e+01 
       0.29611e+01  0.30898e+01  0.32166e+01  0.33433e+01  0.34701e+01 
       0.35968e+01  0.37236e+01  0.38503e+01  0.39771e+01  0.41038e+01 
      -0.47306e-01  0.74995e-01  0.19881e+00  0.33675e+00  0.48626e+00 
       0.64328e+00  0.80448e+00  0.96754e+00  0.11307e+01  0.12929e+01 
       0.14532e+01  0.16110e+01  0.17657e+01  0.19172e+01  0.20651e+01 
       0.22097e+01  0.23506e+01  0.24877e+01  0.26213e+01  0.27512e+01 
       0.28770e+01  0.30002e+01  0.31214e+01  0.32427e+01  0.33639e+01 
       0.34852e+01  0.36064e+01  0.37277e+01  0.38489e+01  0.39702e+01 
      -0.45678e-01  0.75627e-01  0.19838e+00  0.33458e+00  0.48164e+00 
       0.63560e+00  0.79322e+00  0.95223e+00  0.11110e+01  0.12687e+01 
       0.14242e+01  0.15769e+01  0.17265e+01  0.18727e+01  0.20153e+01 
       0.21545e+01  0.22900e+01  0.24217e+01  0.25499e+01  0.26744e+01 
       0.27948e+01  0.29127e+01  0.30286e+01  0.31445e+01  0.32604e+01 
       0.33763e+01  0.34923e+01  0.36082e+01  0.37241e+01  0.38400e+01 
      -0.44027e-01  0.76270e-01  0.19796e+00  0.33243e+00  0.47706e+00 
       0.62799e+00  0.78208e+00  0.93710e+00  0.10917e+01  0.12448e+01 
       0.13955e+01  0.15434e+01  0.16880e+01  0.18290e+01  0.19665e+01 
       0.21004e+01  0.22307e+01  0.23571e+01  0.24800e+01  0.25993e+01 
       0.27146e+01  0.28272e+01  0.29380e+01  0.30487e+01  0.31595e+01 
       0.32703e+01  0.33810e+01  0.34918e+01  0.36026e+01  0.37133e+01 
      -0.42390e-01  0.76912e-01  0.19754e+00  0.33029e+00  0.47252e+00 
       0.62045e+00  0.77106e+00  0.92216e+00  0.10726e+01  0.12213e+01 
       0.13674e+01  0.15104e+01  0.16501e+01  0.17862e+01  0.19186e+01 
       0.20474e+01  0.21726e+01  0.22939e+01  0.24117e+01  0.25259e+01 
       0.26361e+01  0.27438e+01  0.28496e+01  0.29554e+01  0.30611e+01 
       0.31669e+01  0.32727e+01  0.33785e+01  0.34843e+01  0.35901e+01 

      -0.40748e-01  0.77558e-01  0.19713e+00  0.32816e+00  0.46801e+00 
       0.61297e+00  0.76015e+00  0.90740e+00  0.10537e+01  0.11981e+01 
       0.13396e+01  0.14780e+01  0.16129e+01  0.17441e+01  0.18716e+01 
       0.19955e+01  0.21156e+01  0.22321e+01  0.23449e+01  0.24542e+01 
       0.25595e+01  0.26623e+01  0.27633e+01  0.28642e+01  0.29652e+01 
       0.30662e+01  0.31671e+01  0.32681e+01  0.33690e+01  0.34700e+01 
      -0.39101e-01  0.78210e-01  0.19672e+00  0.32605e+00  0.46354e+00 
       0.60557e+00  0.74937e+00  0.89282e+00  0.10351e+01  0.11752e+01 
       0.13123e+01  0.14461e+01  0.15763e+01  0.17028e+01  0.18255e+01 
       0.19446e+01  0.20599e+01  0.21715e+01  0.22796e+01  0.23841e+01 
       0.24847e+01  0.25828e+01  0.26792e+01  0.27755e+01  0.28718e+01 
       0.29681e+01  0.30644e+01  0.31607e+01  0.32570e+01  0.33533e+01 
      -0.37447e-01  0.78869e-01  0.19632e+00  0.32396e+00  0.45910e+00 
       0.59824e+00  0.73869e+00  0.87841e+00  0.10168e+01  0.11527e+01 
       0.12855e+01  0.14147e+01  0.15404e+01  0.16622e+01  0.17802e+01 
       0.18947e+01  0.20053e+01  0.21123e+01  0.22157e+01  0.23156e+01 
       0.24117e+01  0.25053e+01  0.25970e+01  0.26888e+01  0.27806e+01 
       0.28724e+01  0.29642e+01  0.30560e+01  0.31478e+01  0.32396e+01 
      -0.35787e-01  0.79533e-01  0.19593e+00  0.32188e+00  0.45470e+00 
       0.59098e+00  0.72814e+00  0.86418e+00  0.99867e+00  0.11305e+01 
       0.12590e+01  0.13839e+01  0.15051e+01  0.16224e+01  0.17359e+01 
       0.18458e+01  0.19519e+01  0.20543e+01  0.21533e+01  0.22487e+01 
       0.23403e+01  0.24295e+01  0.25170e+01  0.26044e+01  0.26919e+01 
       0.27793e+01  0.28668e+01  0.29542e+01  0.30417e+01  0.31291e+01 
      -0.34141e-01  0.80196e-01  0.19555e+00  0.31982e+00  0.45033e+00 
       0.58378e+00  0.71769e+00  0.85012e+00  0.98081e+00  0.11086e+01 
       0.12330e+01  0.13536e+01  0.14704e+01  0.15833e+01  0.16924e+01 
       0.17979e+01  0.18996e+01  0.19976e+01  0.20922e+01  0.21833e+01 
       0.22707e+01  0.23557e+01  0.24389e+01  0.25222e+01  0.26054e+01 
       0.26887e+01  0.27719e+01  0.28552e+01  0.29385e+01  0.30217e+01 
      -0.32467e-01  0.80875e-01  0.19517e+00  0.31777e+00  0.44600e+00 
       0.57665e+00  0.70735e+00  0.83623e+00  0.96318e+00  0.10871e+01 
       0.12073e+01  0.13238e+01  0.14364e+01  0.15450e+01  0.16498e+01 
       0.17509e+01  0.18484e+01  0.19421e+01  0.20325e+01  0.21194e+01 
       0.22027e+01  0.22836e+01  0.23628e+01  0.24420e+01  0.25212e+01 
       0.26004e+01  0.26796e+01  0.27588e+01  0.28380e+01  0.29172e+01 
      -0.30786e-01  0.81561e-01  0.19480e+00  0.31574e+00  0.44170e+00 
       0.56958e+00  0.69713e+00  0.82251e+00  0.94578e+00  0.10658e+01 
       0.11821e+01  0.12944e+01  0.14029e+01  0.15074e+01  0.16080e+01 
       0.17050e+01  0.17982e+01  0.18879e+01  0.19741e+01  0.20570e+01 
       0.21363e+01  0.22132e+01  0.22885e+01  0.23638e+01  0.24390e+01 
       0.25143e+01  0.25896e+01  0.26649e+01  0.27401e+01  0.28154e+01 
      -0.29115e-01  0.82248e-01  0.19444e+00  0.31373e+00  0.43744e+00 
       0.56258e+00  0.68701e+00  0.80895e+00  0.92862e+00  0.10449e+01 
       0.11572e+01  0.12656e+01  0.13700e+01  0.14704e+01  0.15670e+01 
       0.16599e+01  0.17491e+01  0.18348e+01  0.19171e+01  0.19961e+01 
       0.20715e+01  0.21446e+01  0.22161e+01  0.22876e+01  0.23591e+01 
       0.24307e+01  0.25022e+01  0.25737e+01  0.26452e+01  0.27167e+01 
      -0.27417e-01  0.82952e-01  0.19409e+00  0.31173e+00  0.43321e+00 
       0.55565e+00  0.67700e+00  0.79556e+00  0.91169e+00  0.10243e+01 
       0.11328e+01  0.12373e+01  0.13378e+01  0.14342e+01  0.15268e+01 
       0.16158e+01  0.17011e+01  0.17829e+01  0.18613e+01  0.19365e+01 
       0.20082e+01  0.20777e+01  0.21455e+01  0.22134e+01  0.22812e+01 
       0.23491e+01  0.24170e+01  0.24848e+01  0.25527e+01  0.26205e+01 
      -0.25688e-01  0.83673e-01  0.19375e+00  0.30974e+00  0.42901e+00 
       0.54877e+00  0.66710e+00  0.78233e+00  0.89499e+00  0.10039e+01 
       0.11087e+01  0.12094e+01  0.13060e+01  0.13987e+01  0.14874e+01 
       0.15726e+01  0.16541e+01  0.17321e+01  0.18069e+01  0.18784e+01 
       0.19465e+01  0.20124e+01  0.20768e+01  0.21411e+01  0.22055e+01 
       0.22698e+01  0.23342e+01  0.23985e+01  0.24629e+01  0.25272e+01 

      -0.23968e-01  0.84397e-01  0.19342e+00  0.30778e+00  0.42485e+00 
       0.54197e+00  0.65730e+00  0.76927e+00  0.87851e+00  0.98389e+00 
       0.10850e+01  0.11820e+01  0.12749e+01  0.13638e+01  0.14488e+01 
       0.15302e+01  0.16081e+01  0.16825e+01  0.17536e+01  0.18216e+01 
       0.18863e+01  0.19488e+01  0.20097e+01  0.20707e+01  0.21316e+01 
       0.21926e+01  0.22535e+01  0.23145e+01  0.23754e+01  0.24364e+01 
      -0.22237e-01  0.85132e-01  0.19310e+00  0.30583e+00  0.42073e+00 
       0.53522e+00  0.64761e+00  0.75636e+00  0.86226e+00  0.96415e+00 
       0.10617e+01  0.11551e+01  0.12443e+01  0.13296e+01  0.14109e+01 
       0.14888e+01  0.15631e+01  0.16339e+01  0.17016e+01  0.17662e+01 
       0.18275e+01  0.18867e+01  0.19444e+01  0.20021e+01  0.20598e+01 
       0.21174e+01  0.21751e+01  0.22328e+01  0.22905e+01  0.23482e+01 
      -0.20494e-01  0.85880e-01  0.19279e+00  0.30390e+00  0.41664e+00 
       0.52855e+00  0.63803e+00  0.74362e+00  0.84623e+00  0.94471e+00 
       0.10388e+01  0.11286e+01  0.12143e+01  0.12960e+01  0.13738e+01 
       0.14482e+01  0.15190e+01  0.15865e+01  0.16508e+01  0.17121e+01 
       0.17702e+01  0.18262e+01  0.18807e+01  0.19353e+01  0.19899e+01 
       0.20444e+01  0.20990e+01  0.21535e+01  0.22081e+01  0.22627e+01 
      -0.18738e-01  0.86641e-01  0.19250e+00  0.30199e+00  0.41258e+00 
       0.52194e+00  0.62855e+00  0.73103e+00  0.83042e+00  0.92556e+00 
       0.10162e+01  0.11026e+01  0.11849e+01  0.12631e+01  0.13375e+01 
       0.14085e+01  0.14759e+01  0.15401e+01  0.16012e+01  0.16593e+01 
       0.17142e+01  0.17672e+01  0.18187e+01  0.18702e+01  0.19217e+01 
       0.19733e+01  0.20248e+01  0.20763e+01  0.21278e+01  0.21793e+01 
      -0.16949e-01  0.87423e-01  0.19222e+00  0.30010e+00  0.40856e+00 
       0.51539e+00  0.61918e+00  0.71861e+00  0.81482e+00  0.90670e+00 
       0.99402e+00  0.10770e+01  0.11559e+01  0.12308e+01  0.13019e+01 
       0.13696e+01  0.14338e+01  0.14947e+01  0.15527e+01  0.16078e+01 
       0.16597e+01  0.17097e+01  0.17583e+01  0.18069e+01  0.18556e+01 
       0.19042e+01  0.19528e+01  0.20014e+01  0.20501e+01  0.20987e+01 
      -0.15143e-01  0.88220e-01  0.19196e+00  0.29823e+00  0.40458e+00 
       0.50890e+00  0.60991e+00  0.70633e+00  0.79944e+00  0.88811e+00 
       0.97217e+00  0.10519e+01  0.11275e+01  0.11991e+01  0.12670e+01 
       0.13315e+01  0.13925e+01  0.14504e+01  0.15054e+01  0.15574e+01 
       0.16065e+01  0.16537e+01  0.16995e+01  0.17453e+01  0.17911e+01 
       0.18369e+01  0.18827e+01  0.19286e+01  0.19744e+01  0.20202e+01 
      -0.13321e-01  0.89035e-01  0.19171e+00  0.29638e+00  0.40064e+00 
       0.50248e+00  0.60074e+00  0.69421e+00  0.78427e+00  0.86980e+00 
       0.95068e+00  0.10272e+01  0.10996e+01  0.11681e+01  0.12328e+01 
       0.12942e+01  0.13522e+01  0.14071e+01  0.14591e+01  0.15084e+01 
       0.15546e+01  0.15991e+01  0.16422e+01  0.16853e+01  0.17284e+01 
       0.17715e+01  0.18147e+01  0.18578e+01  0.19009e+01  0.19440e+01 
      -0.11462e-01  0.89874e-01  0.19147e+00  0.29455e+00  0.39673e+00 
       0.49612e+00  0.59168e+00  0.68224e+00  0.76931e+00  0.85177e+00 
       0.92954e+00  0.10029e+01  0.10723e+01  0.11376e+01  0.11993e+01 
       0.12577e+01  0.13128e+01  0.13648e+01  0.14140e+01  0.14605e+01 
       0.15040e+01  0.15459e+01  0.15864e+01  0.16269e+01  0.16674e+01 
       0.17079e+01  0.17485e+01  0.17890e+01  0.18295e+01  0.18700e+01 
      -0.95828e-02  0.90732e-01  0.19126e+00  0.29274e+00  0.39285e+00 
       0.48983e+00  0.58272e+00  0.67043e+00  0.75457e+00  0.83402e+00 
       0.90875e+00  0.97912e+00  0.10454e+01  0.11078e+01  0.11665e+01 
       0.12220e+01  0.12742e+01  0.13235e+01  0.13699e+01  0.14137e+01 
       0.14547e+01  0.14940e+01  0.15321e+01  0.15701e+01  0.16081e+01 
       0.16462e+01  0.16842e+01  0.17222e+01  0.17603e+01  0.17983e+01 
      -0.76828e-02  0.91611e-01  0.19107e+00  0.29096e+00  0.38902e+00 
       0.48361e+00  0.57386e+00  0.65877e+00  0.74002e+00  0.81654e+00 
       0.88830e+00  0.95570e+00  0.10190e+01  0.10785e+01  0.11343e+01 
       0.11870e+01  0.12365e+01  0.12831e+01  0.13269e+01  0.13682e+01 
       0.14067e+01  0.14435e+01  0.14792e+01  0.15148e+01  0.15505e+01 
       0.15861e+01  0.16218e+01  0.16574e+01  0.16931e+01  0.17287e+01 

      -0.57605e-02  0.92513e-01  0.19089e+00  0.28920e+00  0.38523e+00 
       0.47745e+00  0.56511e+00  0.64726e+00  0.72569e+00  0.79932e+00 
       0.86818e+00  0.93269e+00  0.99316e+00  0.10498e+01  0.11029e+01 
       0.11528e+01  0.11997e+01  0.12436e+01  0.12849e+01  0.13237e+01 
       0.13599e+01  0.13944e+01  0.14277e+01  0.14611e+01  0.14944e+01 
       0.15278e+01  0.15612e+01  0.15945e+01  0.16279e+01  0.16612e+01 
      -0.38138e-02  0.93439e-01  0.19074e+00  0.28747e+00  0.38148e+00 
       0.47135e+00  0.55645e+00  0.63590e+00  0.71156e+00  0.78237e+00 
       0.84841e+00  0.91010e+00  0.96777e+00  0.10217e+01  0.10721e+01 
       0.11194e+01  0.11636e+01  0.12051e+01  0.12440e+01  0.12804e+01 
       0.13142e+01  0.13465e+01  0.13776e+01  0.14088e+01  0.14399e+01 
       0.14711e+01  0.15022e+01  0.15334e+01  0.15645e+01  0.15956e+01 
      -0.18038e-02  0.94405e-01  0.19062e+00  0.28577e+00  0.37777e+00 
       0.46532e+00  0.54790e+00  0.62469e+00  0.69763e+00  0.76569e+00 
       0.82896e+00  0.88790e+00  0.94287e+00  0.99409e+00  0.10419e+01 
       0.10866e+01  0.11284e+01  0.11675e+01  0.12040e+01  0.12381e+01 
       0.12698e+01  0.12999e+01  0.13289e+01  0.13580e+01  0.13870e+01 
       0.14160e+01  0.14451e+01  0.14741e+01  0.15031e+01  0.15322e+01 
       0.23775e-03  0.95401e-01  0.19052e+00  0.28409e+00  0.37410e+00 
       0.45937e+00  0.53946e+00  0.61363e+00  0.68390e+00  0.74927e+00 
       0.80984e+00  0.86611e+00  0.91844e+00  0.96708e+00  0.10123e+01 
       0.10546e+01  0.10940e+01  0.11307e+01  0.11650e+01  0.11969e+01 
       0.12265e+01  0.12545e+01  0.12815e+01  0.13085e+01  0.13355e+01 
       0.13625e+01  0.13895e+01  0.14166e+01  0.14436e+01  0.14706e+01 
       0.23103e-02  0.96428e-01  0.19045e+00  0.28245e+00  0.37048e+00 
       0.45347e+00  0.53111e+00  0.60271e+00  0.67038e+00  0.73310e+00 
       0.79104e+00  0.84471e+00  0.89448e+00  0.94061e+00  0.98342e+00 
       0.10233e+01  0.10604e+01  0.10948e+01  0.11269e+01  0.11568e+01 
       0.11843e+01  0.12103e+01  0.12354e+01  0.12605e+01  0.12855e+01 
       0.13106e+01  0.13357e+01  0.13607e+01  0.13858e+01  0.14108e+01 
       0.44153e-02  0.97487e-01  0.19041e+00  0.28084e+00  0.36690e+00 
       0.44765e+00  0.52288e+00  0.59195e+00  0.65706e+00  0.71720e+00 
       0.77257e+00  0.82371e+00  0.87099e+00  0.91469e+00  0.95513e+00 
       0.99274e+00  0.10276e+01  0.10598e+01  0.10898e+01  0.11176e+01 
       0.11432e+01  0.11674e+01  0.11906e+01  0.12138e+01  0.12369e+01 
       0.12601e+01  0.12833e+01  0.13065e+01  0.13297e+01  0.13529e+01 
       0.65945e-02  0.98597e-01  0.19040e+00  0.27927e+00  0.36337e+00 
       0.44190e+00  0.51474e+00  0.58134e+00  0.64393e+00  0.70155e+00 
       0.75442e+00  0.80308e+00  0.84795e+00  0.88929e+00  0.92744e+00 
       0.96282e+00  0.99550e+00  0.10257e+01  0.10536e+01  0.10795e+01 
       0.11032e+01  0.11255e+01  0.11470e+01  0.11684e+01  0.11898e+01 
       0.12112e+01  0.12326e+01  0.12540e+01  0.12754e+01  0.12968e+01 
       0.88154e-02  0.99747e-01  0.19043e+00  0.27773e+00  0.35989e+00 
       0.43623e+00  0.50672e+00  0.57088e+00  0.63101e+00  0.68616e+00 
       0.73659e+00  0.78285e+00  0.82537e+00  0.86442e+00  0.90035e+00 
       0.93358e+00  0.96417e+00  0.99234e+00  0.10184e+01  0.10424e+01 
       0.10643e+01  0.10849e+01  0.11046e+01  0.11243e+01  0.11440e+01 
       0.11637e+01  0.11834e+01  0.12032e+01  0.12229e+01  0.12426e+01 
       0.11079e-01  0.10094e+00  0.19051e+00  0.27624e+00  0.35646e+00 
       0.43063e+00  0.49881e+00  0.56057e+00  0.61829e+00  0.67103e+00 
       0.71907e+00  0.76300e+00  0.80323e+00  0.84007e+00  0.87385e+00 
       0.90500e+00  0.93359e+00  0.95982e+00  0.98398e+00  0.10062e+01 
       0.10264e+01  0.10453e+01  0.10634e+01  0.10815e+01  0.10996e+01 
       0.11177e+01  0.11358e+01  0.11539e+01  0.11720e+01  0.11900e+01 
       0.13427e-01  0.10219e+00  0.19062e+00  0.27478e+00  0.35309e+00 
       0.42511e+00  0.49100e+00  0.55041e+00  0.60577e+00  0.65615e+00 
       0.70187e+00  0.74352e+00  0.78154e+00  0.81623e+00  0.84794e+00 
       0.87708e+00  0.90373e+00  0.92811e+00  0.95047e+00  0.97096e+00 
       0.98949e+00  0.10069e+01  0.10234e+01  0.10399e+01  0.10565e+01 
       0.10730e+01  0.10895e+01  0.11061e+01  0.11226e+01  0.11391e+01 

       0.15828e-01  0.10350e+00  0.19078e+00  0.27338e+00  0.34978e+00 
       0.41967e+00  0.48331e+00  0.54041e+00  0.59345e+00  0.64153e+00 
       0.68498e+00  0.72442e+00  0.76029e+00  0.79290e+00  0.82260e+00 
       0.84981e+00  0.87459e+00  0.89718e+00  0.91782e+00  0.93665e+00 
       0.95362e+00  0.96946e+00  0.98450e+00  0.99954e+00  0.10146e+01 
       0.10296e+01  0.10447e+01  0.10597e+01  0.10748e+01  0.10898e+01 
       0.18304e-01  0.10487e+00  0.19100e+00  0.27203e+00  0.34653e+00 
       0.41431e+00  0.47574e+00  0.53057e+00  0.58134e+00  0.62716e+00 
       0.66840e+00  0.70570e+00  0.73948e+00  0.77008e+00  0.79783e+00 
       0.82317e+00  0.84616e+00  0.86703e+00  0.88602e+00  0.90327e+00 
       0.91873e+00  0.93312e+00  0.94674e+00  0.96037e+00  0.97399e+00 
       0.98762e+00  0.10012e+01  0.10149e+01  0.10285e+01  0.10421e+01 
       0.20841e-01  0.10629e+00  0.19127e+00  0.27073e+00  0.34335e+00 
       0.40905e+00  0.46829e+00  0.52089e+00  0.56943e+00  0.61305e+00 
       0.65214e+00  0.68734e+00  0.71911e+00  0.74775e+00  0.77363e+00 
       0.79717e+00  0.81843e+00  0.83764e+00  0.85505e+00  0.87078e+00 
       0.88480e+00  0.89780e+00  0.91007e+00  0.92234e+00  0.93462e+00 
       0.94689e+00  0.95916e+00  0.97143e+00  0.98370e+00  0.99597e+00 
       0.23482e-01  0.10780e+00  0.19161e+00  0.26950e+00  0.34024e+00 
       0.40387e+00  0.46096e+00  0.51137e+00  0.55773e+00  0.59920e+00 
       0.63620e+00  0.66936e+00  0.69916e+00  0.72592e+00  0.74999e+00 
       0.77178e+00  0.79138e+00  0.80900e+00  0.82489e+00  0.83918e+00 
       0.85183e+00  0.86350e+00  0.87448e+00  0.88546e+00  0.89644e+00 
       0.90742e+00  0.91840e+00  0.92939e+00  0.94037e+00  0.95135e+00 
       0.26198e-01  0.10939e+00  0.19201e+00  0.26834e+00  0.33721e+00 
       0.39880e+00  0.45376e+00  0.50202e+00  0.54624e+00  0.58561e+00 
       0.62056e+00  0.65175e+00  0.67965e+00  0.70458e+00  0.72690e+00 
       0.74701e+00  0.76501e+00  0.78110e+00  0.79554e+00  0.80844e+00 
       0.81978e+00  0.83018e+00  0.83993e+00  0.84968e+00  0.85943e+00 
       0.86918e+00  0.87893e+00  0.88868e+00  0.89843e+00  0.90818e+00 
       0.29031e-01  0.11106e+00  0.19249e+00  0.26724e+00  0.33426e+00 
       0.39383e+00  0.44669e+00  0.49285e+00  0.53497e+00  0.57229e+00 
       0.60525e+00  0.63451e+00  0.66056e+00  0.68373e+00  0.70436e+00 
       0.72286e+00  0.73931e+00  0.75394e+00  0.76698e+00  0.77855e+00 
       0.78864e+00  0.79784e+00  0.80642e+00  0.81500e+00  0.82358e+00 
       0.83216e+00  0.84073e+00  0.84931e+00  0.85789e+00  0.86647e+00 
       0.31956e-01  0.11283e+00  0.19305e+00  0.26624e+00  0.33140e+00 
       0.38897e+00  0.43977e+00  0.48385e+00  0.52392e+00  0.55923e+00 
       0.59025e+00  0.61764e+00  0.64191e+00  0.66336e+00  0.68236e+00 
       0.69930e+00  0.71427e+00  0.72749e+00  0.73920e+00  0.74950e+00 
       0.75839e+00  0.76644e+00  0.77391e+00  0.78137e+00  0.78884e+00 
       0.79630e+00  0.80376e+00  0.81123e+00  0.81869e+00  0.82615e+00 
       0.34995e-01  0.11470e+00  0.19371e+00  0.26532e+00  0.32865e+00 
       0.38424e+00  0.43299e+00  0.47504e+00  0.51309e+00  0.54644e+00 
       0.57557e+00  0.60115e+00  0.62368e+00  0.64347e+00  0.66090e+00 
       0.67634e+00  0.68989e+00  0.70176e+00  0.71218e+00  0.72127e+00 
       0.72902e+00  0.73598e+00  0.74238e+00  0.74878e+00  0.75519e+00 
       0.76159e+00  0.76799e+00  0.77439e+00  0.78079e+00  0.78719e+00 
       0.38161e-01  0.11668e+00  0.19447e+00  0.26450e+00  0.32600e+00 
       0.37963e+00  0.42637e+00  0.46641e+00  0.50250e+00  0.53394e+00 
       0.56122e+00  0.58504e+00  0.60588e+00  0.62407e+00  0.63997e+00 
       0.65397e+00  0.66615e+00  0.67672e+00  0.68592e+00  0.69385e+00 
       0.70051e+00  0.70643e+00  0.71182e+00  0.71721e+00  0.72261e+00 
       0.72800e+00  0.73339e+00  0.73878e+00  0.74417e+00  0.74957e+00 
       0.41484e-01  0.11879e+00  0.19534e+00  0.26379e+00  0.32347e+00 
       0.37516e+00  0.41991e+00  0.45799e+00  0.49215e+00  0.52171e+00 
       0.54719e+00  0.56930e+00  0.58850e+00  0.60515e+00  0.61958e+00 
       0.63218e+00  0.64305e+00  0.65238e+00  0.66040e+00  0.66722e+00 
       0.67284e+00  0.67777e+00  0.68220e+00  0.68663e+00  0.69106e+00 
       0.69550e+00  0.69993e+00  0.70436e+00  0.70879e+00  0.71322e+00 

       0.44941e-01  0.12104e+00  0.19634e+00  0.26321e+00  0.32108e+00 
       0.37084e+00  0.41364e+00  0.44978e+00  0.48204e+00  0.50977e+00 
       0.53350e+00  0.55394e+00  0.57156e+00  0.58670e+00  0.59972e+00 
       0.61098e+00  0.62057e+00  0.62871e+00  0.63561e+00  0.64137e+00 
       0.64600e+00  0.64998e+00  0.65350e+00  0.65702e+00  0.66054e+00 
       0.66406e+00  0.66758e+00  0.67109e+00  0.67461e+00  0.67813e+00 
       0.48563e-01  0.12344e+00  0.19748e+00  0.26277e+00  0.31883e+00 
       0.36668e+00  0.40755e+00  0.44179e+00  0.47219e+00  0.49813e+00 
       0.52015e+00  0.53896e+00  0.55504e+00  0.56874e+00  0.58038e+00 
       0.59034e+00  0.59872e+00  0.60571e+00  0.61153e+00  0.61628e+00 
       0.61997e+00  0.62305e+00  0.62570e+00  0.62835e+00  0.63100e+00 
       0.63365e+00  0.63630e+00  0.63895e+00  0.64160e+00  0.64425e+00 
       0.52368e-01  0.12601e+00  0.19878e+00  0.26248e+00  0.31675e+00 
       0.36271e+00  0.40166e+00  0.43404e+00  0.46261e+00  0.48679e+00 
       0.50715e+00  0.52438e+00  0.53896e+00  0.55125e+00  0.56157e+00 
       0.57028e+00  0.57749e+00  0.58338e+00  0.58816e+00  0.59194e+00 
       0.59473e+00  0.59696e+00  0.59878e+00  0.60061e+00  0.60243e+00 
       0.60425e+00  0.60608e+00  0.60790e+00  0.60972e+00  0.61155e+00 
       0.56393e-01  0.12878e+00  0.20026e+00  0.26237e+00  0.31484e+00 
       0.35893e+00  0.39600e+00  0.42653e+00  0.45331e+00  0.47578e+00 
       0.49450e+00  0.51019e+00  0.52332e+00  0.53424e+00  0.54328e+00 
       0.55078e+00  0.55686e+00  0.56169e+00  0.56548e+00  0.56833e+00 
       0.57027e+00  0.57168e+00  0.57271e+00  0.57375e+00  0.57479e+00 
       0.57583e+00  0.57686e+00  0.57790e+00  0.57894e+00  0.57997e+00 
       0.60646e-01  0.13176e+00  0.20194e+00  0.26245e+00  0.31315e+00 
       0.35537e+00  0.39057e+00  0.41929e+00  0.44430e+00  0.46509e+00 
       0.48222e+00  0.49640e+00  0.50812e+00  0.51771e+00  0.52551e+00 
       0.53184e+00  0.53683e+00  0.54064e+00  0.54348e+00  0.54545e+00 
       0.54656e+00  0.54719e+00  0.54748e+00  0.54777e+00  0.54806e+00 
       0.54835e+00  0.54864e+00  0.54893e+00  0.54922e+00  0.54951e+00 
       0.65114e-01  0.13497e+00  0.20384e+00  0.26276e+00  0.31168e+00 
       0.35205e+00  0.38541e+00  0.41233e+00  0.43561e+00  0.45474e+00 
       0.47030e+00  0.48302e+00  0.49336e+00  0.50166e+00  0.50825e+00 
       0.51346e+00  0.51739e+00  0.52022e+00  0.52215e+00  0.52326e+00 
       0.52359e+00  0.52348e+00  0.52305e+00  0.52263e+00  0.52221e+00 
       0.52178e+00  0.52136e+00  0.52093e+00  0.52051e+00  0.52009e+00 
       0.69877e-01  0.13845e+00  0.20601e+00  0.26333e+00  0.31047e+00 
       0.34900e+00  0.38053e+00  0.40568e+00  0.42724e+00  0.44474e+00 
       0.45878e+00  0.47006e+00  0.47905e+00  0.48609e+00  0.49151e+00 
       0.49562e+00  0.49853e+00  0.50042e+00  0.50146e+00  0.50176e+00 
       0.50134e+00  0.50052e+00  0.49941e+00  0.49831e+00  0.49720e+00 
       0.49610e+00  0.49499e+00  0.49389e+00  0.49278e+00  0.49168e+00 
       0.74942e-01  0.14223e+00  0.20847e+00  0.26418e+00  0.30955e+00 
       0.34625e+00  0.37596e+00  0.39936e+00  0.41923e+00  0.43512e+00 
       0.44765e+00  0.45751e+00  0.46519e+00  0.47100e+00  0.47528e+00 
       0.47832e+00  0.48025e+00  0.48122e+00  0.48141e+00  0.48092e+00 
       0.47978e+00  0.47827e+00  0.47652e+00  0.47476e+00  0.47300e+00 
       0.47125e+00  0.46949e+00  0.46774e+00  0.46598e+00  0.46422e+00 
       0.80366e-01  0.14636e+00  0.21127e+00  0.26537e+00  0.30896e+00 
       0.34384e+00  0.37174e+00  0.39339e+00  0.41159e+00  0.42589e+00 
       0.43693e+00  0.44540e+00  0.45178e+00  0.45640e+00  0.45955e+00 
       0.46156e+00  0.46252e+00  0.46260e+00  0.46197e+00  0.46072e+00 
       0.45888e+00  0.45673e+00  0.45435e+00  0.45197e+00  0.44959e+00 
       0.44721e+00  0.44483e+00  0.44245e+00  0.44007e+00  0.43769e+00 
       0.86202e-01  0.15089e+00  0.21445e+00  0.26695e+00  0.30876e+00 
       0.34180e+00  0.36789e+00  0.38782e+00  0.40434e+00  0.41707e+00 
       0.42663e+00  0.43373e+00  0.43883e+00  0.44226e+00  0.44432e+00 
       0.44531e+00  0.44533e+00  0.44455e+00  0.44312e+00  0.44113e+00 
       0.43863e+00  0.43584e+00  0.43286e+00  0.42989e+00  0.42691e+00 
       0.42393e+00  0.42095e+00  0.41797e+00  0.41499e+00  0.41201e+00 

       0.92493e-01  0.15587e+00  0.21809e+00  0.26896e+00  0.30899e+00 
       0.34020e+00  0.36448e+00  0.38267e+00  0.39752e+00  0.40867e+00 
       0.41678e+00  0.42251e+00  0.42635e+00  0.42861e+00  0.42958e+00 
       0.42957e+00  0.42867e+00  0.42704e+00  0.42483e+00  0.42213e+00 
       0.41898e+00  0.41559e+00  0.41203e+00  0.40847e+00  0.40492e+00 
       0.40136e+00  0.39781e+00  0.39425e+00  0.39069e+00  0.38714e+00 
       0.99313e-01  0.16138e+00  0.22226e+00  0.27150e+00  0.30973e+00 
       0.33909e+00  0.36154e+00  0.37798e+00  0.39116e+00  0.40074e+00 
       0.40737e+00  0.41174e+00  0.41431e+00  0.41541e+00  0.41532e+00 
       0.41432e+00  0.41251e+00  0.41005e+00  0.40707e+00  0.40367e+00 
       0.39989e+00  0.39591e+00  0.39180e+00  0.38768e+00  0.38357e+00 
       0.37946e+00  0.37534e+00  0.37123e+00  0.36712e+00  0.36300e+00 
       0.10675e+00  0.16750e+00  0.22704e+00  0.27464e+00  0.31104e+00 
       0.33853e+00  0.35914e+00  0.37381e+00  0.38529e+00  0.39328e+00 
       0.39843e+00  0.40143e+00  0.40274e+00  0.40267e+00  0.40151e+00 
       0.39953e+00  0.39682e+00  0.39353e+00  0.38981e+00  0.38572e+00 
       0.38133e+00  0.37678e+00  0.37212e+00  0.36747e+00  0.36281e+00 
       0.35815e+00  0.35350e+00  0.34884e+00  0.34419e+00  0.33953e+00 
       0.11493e+00  0.17437e+00  0.23255e+00  0.27849e+00  0.31304e+00 
       0.33862e+00  0.35734e+00  0.37021e+00  0.37996e+00  0.38632e+00 
       0.38997e+00  0.39158e+00  0.39161e+00  0.39037e+00  0.38814e+00 
       0.38517e+00  0.38156e+00  0.37746e+00  0.37299e+00  0.36823e+00 
       0.36323e+00  0.35812e+00  0.35294e+00  0.34776e+00  0.34258e+00 
       0.33739e+00  0.33221e+00  0.32703e+00  0.32184e+00  0.31666e+00 
       0.12396e+00  0.18210e+00  0.23894e+00  0.28319e+00  0.31584e+00 
       0.33944e+00  0.35622e+00  0.36723e+00  0.37520e+00  0.37989e+00 
       0.38200e+00  0.38219e+00  0.38092e+00  0.37849e+00  0.37516e+00 
       0.37120e+00  0.36669e+00  0.36177e+00  0.35656e+00  0.35113e+00 
       0.34554e+00  0.33988e+00  0.33418e+00  0.32848e+00  0.32278e+00 
       0.31709e+00  0.31139e+00  0.30569e+00  0.29999e+00  0.29429e+00 
       0.13405e+00  0.19089e+00  0.24639e+00  0.28890e+00  0.31958e+00 
       0.34113e+00  0.35587e+00  0.36495e+00  0.37106e+00  0.37402e+00 
       0.37452e+00  0.37325e+00  0.37063e+00  0.36697e+00  0.36254e+00 
       0.35756e+00  0.35213e+00  0.34639e+00  0.34044e+00  0.33435e+00 
       0.32817e+00  0.32197e+00  0.31577e+00  0.30956e+00  0.30336e+00 
       0.29716e+00  0.29095e+00  0.28475e+00  0.27855e+00  0.27234e+00 
       0.14544e+00  0.20099e+00  0.25513e+00  0.29584e+00  0.32445e+00 
       0.34384e+00  0.35642e+00  0.36344e+00  0.36758e+00  0.36871e+00 
       0.36754e+00  0.36473e+00  0.36071e+00  0.35578e+00  0.35020e+00 
       0.34418e+00  0.33782e+00  0.33125e+00  0.32454e+00  0.31778e+00 
       0.31102e+00  0.30430e+00  0.29760e+00  0.29090e+00  0.28420e+00 
       0.27750e+00  0.27080e+00  0.26410e+00  0.25740e+00  0.25070e+00 
       0.15848e+00  0.21270e+00  0.26547e+00  0.30429e+00  0.33068e+00 
       0.34773e+00  0.35799e+00  0.36279e+00  0.36483e+00  0.36400e+00 
       0.36103e+00  0.35659e+00  0.35109e+00  0.34483e+00  0.33806e+00 
       0.33096e+00  0.32364e+00  0.31621e+00  0.30875e+00  0.30132e+00 
       0.29398e+00  0.28673e+00  0.27955e+00  0.27236e+00  0.26517e+00 
       0.25799e+00  0.25080e+00  0.24362e+00  0.23643e+00  0.22925e+00 
       0.17357e+00  0.22646e+00  0.27782e+00  0.31460e+00  0.33856e+00 
       0.35303e+00  0.36073e+00  0.36310e+00  0.36283e+00  0.35986e+00 
       0.35496e+00  0.34876e+00  0.34168e+00  0.33401e+00  0.32598e+00 
       0.31776e+00  0.30944e+00  0.30114e+00  0.29291e+00  0.28481e+00 
       0.27690e+00  0.26913e+00  0.26147e+00  0.25381e+00  0.24616e+00 
       0.23850e+00  0.23084e+00  0.22318e+00  0.21553e+00  0.20787e+00 
       0.19141e+00  0.24289e+00  0.29275e+00  0.32727e+00  0.34848e+00 
       0.36003e+00  0.36484e+00  0.36448e+00  0.36162e+00  0.35628e+00 
       0.34924e+00  0.34112e+00  0.33233e+00  0.32315e+00  0.31379e+00 
       0.30438e+00  0.29504e+00  0.28583e+00  0.27682e+00  0.26805e+00 
       0.25957e+00  0.25131e+00  0.24319e+00  0.23508e+00  0.22697e+00 
       0.21886e+00  0.21074e+00  0.20263e+00  0.19452e+00  0.18640e+00 

       0.21291e+00  0.26285e+00  0.31106e+00  0.34295e+00  0.36095e+00 
       0.36908e+00  0.37052e+00  0.36701e+00  0.36119e+00  0.35317e+00 
       0.34373e+00  0.33349e+00  0.32284e+00  0.31202e+00  0.30122e+00 
       0.29057e+00  0.28015e+00  0.27003e+00  0.26023e+00  0.25079e+00 
       0.24177e+00  0.23303e+00  0.22449e+00  0.21596e+00  0.20742e+00 
       0.19889e+00  0.19035e+00  0.18182e+00  0.17328e+00  0.16474e+00 
       0.23952e+00  0.28766e+00  0.33391e+00  0.36258e+00  0.37664e+00 
       0.38062e+00  0.37802e+00  0.37078e+00  0.36149e+00  0.35036e+00 
       0.33820e+00  0.32558e+00  0.31285e+00  0.30025e+00  0.28792e+00 
       0.27595e+00  0.26442e+00  0.25336e+00  0.24279e+00  0.23270e+00 
       0.22317e+00  0.21400e+00  0.20509e+00  0.19618e+00  0.18727e+00 
       0.17836e+00  0.16944e+00  0.16053e+00  0.15162e+00  0.14271e+00 
       0.27365e+00  0.31941e+00  0.36308e+00  0.38754e+00  0.39651e+00 
       0.39522e+00  0.38758e+00  0.37579e+00  0.36233e+00  0.34753e+00 
       0.33221e+00  0.31688e+00  0.30184e+00  0.28730e+00  0.27334e+00 
       0.26000e+00  0.24733e+00  0.23535e+00  0.22403e+00  0.21336e+00 
       0.20339e+00  0.19387e+00  0.18466e+00  0.17545e+00  0.16625e+00 
       0.15704e+00  0.14784e+00  0.13863e+00  0.12943e+00  0.12022e+00 
       0.31932e+00  0.36154e+00  0.40140e+00  0.41990e+00  0.42190e+00 
       0.41359e+00  0.39942e+00  0.38189e+00  0.36327e+00  0.34406e+00 
       0.32503e+00  0.30660e+00  0.28900e+00  0.27234e+00  0.25667e+00 
       0.24193e+00  0.22816e+00  0.21532e+00  0.20334e+00  0.19219e+00 
       0.18190e+00  0.17216e+00  0.16279e+00  0.15342e+00  0.14406e+00 
       0.13469e+00  0.12532e+00  0.11596e+00  0.10659e+00  0.97222e-01 
       0.38409e+00  0.42027e+00  0.45371e+00  0.46298e+00  0.45473e+00 
       0.43655e+00  0.41352e+00  0.38852e+00  0.36335e+00  0.33873e+00 
       0.31532e+00  0.29336e+00  0.27294e+00  0.25408e+00  0.23669e+00 
       0.22062e+00  0.20587e+00  0.19234e+00  0.17989e+00  0.16846e+00 
       0.15808e+00  0.14832e+00  0.13901e+00  0.12970e+00  0.12040e+00 
       0.11109e+00  0.10178e+00  0.92467e-01  0.83158e-01  0.73849e-01 
       0.48368e+00  0.50801e+00  0.52906e+00  0.52243e+00  0.49781e+00 
       0.46478e+00  0.42913e+00  0.39407e+00  0.36039e+00  0.32909e+00 
       0.30057e+00  0.27472e+00  0.25138e+00  0.23038e+00  0.21148e+00 
       0.19436e+00  0.17897e+00  0.16511e+00  0.15257e+00  0.14125e+00 
       0.13115e+00  0.12175e+00  0.11286e+00  0.10396e+00  0.95068e-01 
       0.86173e-01  0.77278e-01  0.68384e-01  0.59489e-01  0.50594e-01 
       0.65642e+00  0.65351e+00  0.64663e+00  0.60855e+00  0.55473e+00 
       0.49747e+00  0.44283e+00  0.39386e+00  0.34912e+00  0.30982e+00 
       0.27573e+00  0.24608e+00  0.22022e+00  0.19771e+00  0.17802e+00 
       0.16064e+00  0.14539e+00  0.13197e+00  0.12009e+00  0.10957e+00 
       0.10038e+00  0.91942e-01  0.84036e-01  0.76130e-01  0.68224e-01 
       0.60318e-01  0.52412e-01  0.44506e-01  0.36599e-01  0.28693e-01 
       0.10244e+01  0.94218e+00  0.85504e+00  0.73932e+00  0.62458e+00 
       0.52419e+00  0.44036e+00  0.37319e+00  0.31553e+00  0.26851e+00 
       0.23026e+00  0.19871e+00  0.17245e+00  0.15052e+00  0.13206e+00 
       0.11627e+00  0.10285e+00  0.91400e-01  0.81519e-01  0.72993e-01 
       0.65736e-01  0.59184e-01  0.53121e-01  0.47058e-01  0.40995e-01 
       0.34932e-01  0.28869e-01  0.22806e-01  0.16743e-01  0.10680e-01 
       0.24805e+01  0.18712e+01  0.12846e+01  0.89328e+00  0.64194e+00 
       0.47609e+00  0.36215e+00  0.28438e+00  0.22329e+00  0.17846e+00 
       0.14507e+00  0.11945e+00  0.99391e-01  0.83533e-01  0.70821e-01 
       0.60379e-01  0.51868e-01  0.44863e-01  0.39016e-01  0.34126e-01 
       0.30096e-01  0.26529e-01  0.23278e-01  0.20027e-01  0.16776e-01 
       0.13526e-01  0.10275e-01  0.70242e-02  0.37735e-02  0.52278e-03 
       0.39081e+00  0.29072e+00  0.19456e+00  0.13189e+00  0.92635e-01 
       0.67334e-01  0.50306e-01  0.38915e-01  0.30078e-01  0.23698e-01 
       0.19020e-01  0.15476e-01  0.12736e-01  0.10594e-01  0.88958e-02 
       0.75135e-02  0.63980e-02  0.54881e-02  0.47351e-02  0.41105e-02 
       0.36003e-02  0.31511e-02  0.27436e-02  0.23361e-02  0.19286e-02 
       0.15210e-02  0.11135e-02  0.70600e-03  0.29848e-03 -0.10904e-03 
