   0.0000   0.0132   0.0314   0.0642   0.1189   0.2069   0.2716   0.3833   0.5733   0.9275   0.9613   1.1902   1.2351   1.2604   1.2333   1.0437   1.0525   0.9035   0.8657   0.8206   0.7680   0.7906   0.7505   0.7025   0.6508   0.5869   0.5494   0.5247   0.4704   0.2724
   0.1455
   0.0050   0.1393   0.2474   0.4081   0.6620   0.9929   1.2675   1.6747   2.3204   3.4063   3.8673   4.1152   4.2145   4.2406   4.0933   3.9061   3.4554   3.3542   3.2094   3.0388   2.8393   2.5855   2.4505   2.3024   2.1380   1.9547   1.7417   1.4958   1.2149   0.9034
   0.4998
   0.0100   0.3672   0.5438   0.7693   1.0813   1.4527   1.7409   2.1595   2.8123   3.8666   4.2264   4.4206   4.4518   4.3903   4.1355   3.8502   3.3871   3.2432   3.0926   2.9179   2.7168   2.4906   2.3568   2.2094   2.0472   1.8662   1.6678   1.4449   1.1841   0.8591
   0.4761
   0.0150   0.6929   0.9264   1.2008   1.5539   1.9449   2.2356   2.6393   3.2489   4.2508   4.6256   4.7730   4.7737   4.6569   4.3109   3.9892   3.4324   3.2956   3.1305   2.9417   2.7272   2.4730   2.3344   2.1834   2.0184   1.8366   1.6324   1.4010   1.1373   0.8354
   0.4620
   0.0200   1.0827   1.3512   1.6504   2.0169   2.4051   2.6838   3.0606   3.6118   4.5070   4.8608   5.0213   5.0242   4.8952   4.4991   4.1230   3.5053   3.3482   3.1681   2.9643   2.7354   2.4713   2.3265   2.1702   2.0002   1.8140   1.6079   1.3778   1.1165   0.8138
   0.4475
   0.0250   1.5038   1.7847   2.0847   2.4372   2.7962   3.0455   3.3734   3.8349   4.5477   4.8243   4.9650   4.9694   4.8483   4.4488   4.0481   3.4059   3.2355   3.0484   2.8385   2.6046   2.3433   2.1983   2.0423   1.8747   1.6926   1.4952   1.2775   1.0320   0.7444
   0.4076
   0.0300   1.9307   2.2088   2.4979   2.8290   3.1566   3.3800   3.6673   4.0603   4.6381   4.8632   4.9614   4.9642   4.8580   4.4803   4.0900   3.4127   3.2433   3.0463   2.8254   2.5802   2.2999   2.1499   1.9901   1.8190   1.6352   1.4345   1.2144   0.9713   0.7014
   0.3808
   0.0350   2.3403   2.6026   2.8695   3.1686   3.4582   3.6519   3.8972   4.2253   4.6853   4.8476   4.9148   4.9068   4.8069   4.4562   4.0697   3.3923   3.2113   3.0080   2.7797   2.5262   2.2423   2.0883   1.9249   1.7509   1.5650   1.3659   1.1511   0.9158   0.6517
   0.3500
   0.0400   2.7190   2.9566   3.1937   3.4537   3.6989   3.8589   4.0562   4.3087   4.6273   4.7195   4.7330   4.7037   4.5993   4.2824   3.9272   3.2746   3.0954   2.8920   2.6623   2.4058   2.1189   1.9633   1.7981   1.6239   1.4393   1.2440   1.0360   0.8127   0.5688
   0.3000
   0.0450   3.0586   3.2680   3.4746   3.6986   3.9063   4.0406   4.2037   4.4088   4.6557   4.7220   4.7054   4.6625   4.5491   4.2410   3.9064   3.2596   3.0842   2.8783   2.6440   2.3809   2.0812   1.9209   1.7517   1.5730   1.3846   1.1851   0.9746   0.7529   0.5212
   0.2690
   0.0500   3.3536   3.5319   3.7057   3.8912   4.0596   4.1659   4.2919   4.4430   4.5973   4.6137   4.5685   4.5087   4.3849   4.0910   3.7754   3.1672   2.9909   2.7882   2.5551   2.2909   1.9923   1.8295   1.6573   1.4760   1.2855   1.0871   0.8814   0.6683   0.4465
   0.2217
   0.0550   3.6038   3.7510   3.8930   4.0422   4.1738   4.2548   4.3471   4.4498   4.5250   4.5087   4.4324   4.3583   4.2229   3.9339   3.6407   3.0630   2.8957   2.6983   2.4687   2.2056   1.9039   1.7394   1.5648   1.3813   1.1891   0.9896   0.7843   0.5764   0.3709
   0.1736
   0.0600   3.8104   3.9283   4.0414   4.1591   4.2604   4.3214   4.3883   4.4566   4.4790   4.4405   4.3439   4.2589   4.1146   3.8276   3.5512   3.0021   2.8423   2.6500   2.4238   2.1613   1.8548   1.6874   1.5097   1.3216   1.1245   0.9198   0.7113   0.5041   0.3076
   0.1305
   0.0650   3.9751   4.0648   4.1498   4.2362   4.3071   4.3469   4.3867   4.4168   4.3779   4.3078   4.1942   4.0986   3.9454   3.6602   3.3935   2.8836   2.7287   2.5453   2.3271   2.0706   1.7707   1.6033   1.4239   1.2340   1.0344   0.8289   0.6214   0.4185   0.2297
   0.0789
   0.0700   4.1021   4.1663   4.2267   4.2863   4.3314   4.3545   4.3723   4.3725   4.2881   4.2025   4.0704   3.9672   3.8070   3.5215   3.2689   2.7842   2.6412   2.4663   2.2562   2.0062   1.7071   1.5398   1.3594   1.1673   0.9647   0.7547   0.5428   0.3390   0.1605
   0.0314
   0.0750   4.1944   4.2360   4.2746   4.3112   4.3350   4.3442   4.3451   4.3231   4.2066   4.1065   3.9656   3.8565   3.6917   3.4064   3.1612   2.7027   2.5664   2.4000   2.1983   1.9555   1.6608   1.4940   1.3134   1.1187   0.9121   0.6969   0.4806   0.2745   0.0985
  -0.0136
   0.0800   4.2557   4.2765   4.2950   4.3095   4.3121   4.3068   4.2892   4.2417   4.0854   3.9664   3.8153   3.7010   3.5318   3.2481   3.0087   2.5790   2.4496   2.2933   2.1026   1.8706   1.5875   1.4239   1.2443   1.0500   0.8422   0.6256   0.4071   0.2003   0.0280
  -0.0634
   0.0850   4.2902   4.2933   4.2951   4.2922   4.2786   4.2632   4.2329   4.1689   3.9898   3.8655   3.7053   3.5879   3.4166   3.1340   2.9043   2.4908   2.3715   2.2235   2.0422   1.8198   1.5420   1.3812   1.2037   1.0093   0.7995   0.5779   0.3530   0.1409  -0.0283
  -0.1062
   0.0900   4.3007   4.2883   4.2754   4.2570   4.2294   4.2048   4.1635   4.0855   3.8869   3.7525   3.5900   3.4702   3.2977   3.0175   2.7915   2.3991   2.2843   2.1446   1.9729   1.7611   1.4946   1.3379   1.1634   0.9701   0.7592   0.5348   0.3059   0.0896  -0.0827
  -0.1488
   0.0950   4.2907   4.2647   4.2386   4.2061   4.1649   4.1313   4.0785   3.9846   3.7624   3.6186   3.4501   3.3287   3.1554   2.8787   2.6585   2.2853   2.1772   2.0461   1.8849   1.6848   1.4319   1.2808   1.1101   0.9202   0.7107   0.4858   0.2536   0.0332  -0.1395
  -0.1924
   0.1000   4.2633   4.2262   4.1899   4.1469   4.0966   4.0576   3.9983   3.8968   3.6663   3.5225   3.3514   3.2296   3.0572   2.7837   2.5712   2.2092   2.1082   1.9835   1.8304   1.6402   1.3952   1.2490   1.0834   0.8961   0.6873   0.4593   0.2217  -0.0057  -0.1811
  -0.2284
   0.1050   4.2207   4.1739   4.1283   4.0756   4.0164   3.9715   3.9052   3.7948   3.5522   3.4015   3.2312   3.1092   2.9379   2.6690   2.4594   2.1152   2.0170   1.8992   1.7548   1.5752   1.3446   1.2046   1.0444   0.8616   0.6554   0.4282   0.1886  -0.0433  -0.2252
  -0.2659
   0.1100   4.1657   4.1108   4.0575   3.9965   3.9296   3.8798   3.8072   3.6885   3.4345   3.2813   3.1080   2.9866   2.8169   2.5530   2.3500   2.0186   1.9266   1.8152   1.6791   1.5099   1.2915   1.1581   1.0036   0.8264   0.6242   0.3984   0.1563  -0.0809  -0.2661
  -0.3012
   0.1150   4.1004   4.0391   3.9800   3.9135   3.8420   3.7896   3.7144   3.5933   3.3391   3.1881   3.0167   2.8962   2.7292   2.4701   2.2734   1.9517   1.8641   1.7576   1.6279   1.4670   1.2572   1.1295   0.9818   0.8096   0.6109   0.3853   0.1406  -0.1026  -0.2944
  -0.3301
   0.1200   4.0262   3.9594   3.8950   3.8227   3.7459   3.6899   3.6104   3.4838   3.2223   3.0668   2.8974   2.7783   2.6138   2.3607   2.1673   1.8609   1.7756   1.6747   1.5522   1.4006   1.2051   1.0841   0.9426   0.7771   0.5839   0.3626   0.1185  -0.1282  -0.3276
  -0.3612
   0.1250   3.9452   3.8742   3.8059   3.7297   3.6493   3.5914   3.5094   3.3799   3.1161   2.9629   2.7929   2.6757   2.5141   2.2668   2.0806   1.7830   1.7033   1.6070   1.4907   1.3471   1.1610   1.0462   0.9112   0.7524   0.5651   0.3471   0.1024  -0.1490  -0.3532
  -0.3877
   0.1300   3.8587   3.7846   3.7135   3.6346   3.5525   3.4936   3.4111   3.2820   3.0216   2.8708   2.7053   2.5897   2.4317   2.1902   2.0090   1.7214   1.6441   1.5518   1.4405   1.3038   1.1259   1.0167   0.8890   0.7363   0.5546   0.3400   0.0964  -0.1586  -0.3710
  -0.4102
   0.1350   3.7677   3.6910   3.6173   3.5355   3.4506   3.3898   3.3050   3.1728   2.9088   2.7561   2.5926   2.4795   2.3247   2.0900   1.9129   1.6381   1.5634   1.4756   1.3703   1.2411   1.0758   0.9728   0.8506   0.7054   0.5309   0.3232   0.0824  -0.1744  -0.3937
  -0.4344
   0.1400   3.6737   3.5955   3.5204   3.4375   3.3518   3.2910   3.2063   3.0751   2.8149   2.6672   2.5054   2.3948   2.2437   2.0149   1.8450   1.5770   1.5068   1.4225   1.3216   1.1987   1.0396   0.9418   0.8262   0.6876   0.5197   0.3167   0.0779  -0.1816  -0.4062
  -0.4527
   0.1450   3.5772   3.4981   3.4221   3.3383   3.2524   3.1915   3.1072   2.9773   2.7216   2.5755   2.4193   2.3107   2.1634   1.9410   1.7754   1.5178   1.4489   1.3680   1.2715   1.1542   1.0031   0.9103   0.8012   0.6691   0.5079   0.3109   0.0763  -0.1837  -0.4164
  -0.4697
   0.1500   3.4792   3.3995   3.3227   3.2380   3.1512   3.0897   3.0046   2.8738   2.6177   2.4723   2.3178   2.2124   2.0689   1.8535   1.6924   1.4451   1.3793   1.3022   1.2105   1.0991   0.9583   0.8707   0.7660   0.6409   0.4874   0.2985   0.0685  -0.1916  -0.4296
  -0.4871
   0.1550   3.3803   3.3011   3.2245   3.1404   3.0546   2.9942   2.9109   2.7832   2.5346   2.3953   2.2445   2.1414   2.0018   1.7922   1.6380   1.3967   1.3342   1.2598   1.1715   1.0650   0.9279   0.8445   0.7462   0.6270   0.4801   0.2965   0.0710  -0.1890  -0.4320
  -0.4986
   0.1600   3.2810   3.2024   3.1261   3.0422   2.9568   2.8967   2.8141   2.6880   2.4433   2.3050   2.1595   2.0589   1.9233   1.7202   1.5696   1.3389   1.2774   1.2061   1.1217   1.0199   0.8908   0.8117   0.7186   0.6055   0.4655   0.2896   0.0704  -0.1875  -0.4369
  -0.5110
   0.1650   3.1818   3.1044   3.0285   2.9451   2.8603   2.8006   2.7185   2.5934   2.3514   2.2160   2.0720   1.9752   1.8435   1.6471   1.5015   1.2787   1.2205   1.1522   1.0716   0.9747   0.8535   0.7785   0.6887   0.5816   0.4488   0.2809   0.0674  -0.1889  -0.4417
  -0.5220
   0.1700   3.0832   3.0077   2.9330   2.8511   2.7682   2.7101   2.6305   2.5095   2.2764   2.1468   2.0083   1.9129   1.7852   1.5944   1.4549   1.2383   1.1823   1.1162   1.0383   0.9454   0.8262   0.7546   0.6713   0.5692   0.4423   0.2799   0.0729  -0.1804  -0.4370
  -0.5281
   0.1750   2.9854   2.9118   2.8380   2.7569   2.6749   2.6173   2.5385   2.4189   2.1891   2.0601   1.9258   1.8338   1.7099   1.5256   1.3893   1.1828   1.1279   1.0647   0.9904   0.9014   0.7904   0.7225   0.6425   0.5458   0.4254   0.2715   0.0718  -0.1775  -0.4385
  -0.5367
   0.1800   2.8890   2.8178   2.7452   2.6656   2.5851   2.5287   2.4515   2.3344   2.1101   1.9857   1.8531   1.7650   1.6451   1.4671   1.3357   1.1351   1.0835   1.0227   0.9513   0.8663   0.7609   0.6962   0.6187   0.5270   0.4127   0.2659   0.0723  -0.1738  -0.4361
  -0.5420
   0.1850   2.7940   2.7255   2.6546   2.5769   2.4986   2.4439   2.3692   2.2563   2.0404   1.9208   1.7952   1.7071   1.5908   1.4178   1.2924   1.0985   1.0481   0.9893   0.9203   0.8389   0.7339   0.6721   0.6018   0.5142   0.4051   0.2635   0.0779  -0.1623  -0.4269
  -0.5442
   0.1900   2.7007   2.6348   2.5651   2.4887   2.4115   2.3575   2.2838   2.1723   1.9595   1.8407   1.7171   1.6342   1.5218   1.3554   1.2324   1.0474   0.9986   0.9424   0.8767   0.7980   0.7025   0.6438   0.5737   0.4909   0.3877   0.2547   0.0759  -0.1596  -0.4263
  -0.5495
   0.1950   2.6094   2.5465   2.4786   2.4043   2.3293   2.2770   2.2056   2.0977   1.8925   1.7794   1.6576   1.5792   1.4708   1.3103   1.1909   1.0105   0.9646   0.9103   0.8468   0.7717   0.6811   0.6247   0.5557   0.4767   0.3785   0.2518   0.0789  -0.1527  -0.4192
  -0.5503
   0.2000   2.5201   2.4602   2.3941   2.3216   2.2487   2.1978   2.1284   2.0237   1.8233   1.7141   1.6167   1.5130   1.4045   1.2432   1.1440   0.9716   0.9245   0.8720   0.8108   0.7444   0.6245   0.5723   0.5385   0.4630   0.3690   0.2379   0.0827  -0.1283  -0.3908
  -0.5448
   0.2050   2.4328   2.3757   2.3112   2.2400   2.1683   2.1180   2.0494   1.9454   1.7461   1.6406   1.5529   1.4379   1.3305   1.1712   1.0953   0.9331   0.8861   0.8361   0.7777   0.7090   0.5730   0.5245   0.5151   0.4430   0.3536   0.2213   0.0798  -0.1143  -0.3715
  -0.5408
   0.2100   2.3479   2.2937   2.2311   2.1622   2.0928   2.0444   1.9784   1.8787   1.6889   1.5924   1.4902   1.3976   1.2965   1.1466   1.0647   0.9092   0.8621   0.8136   0.7570   0.6890   0.5752   0.5275   0.5035   0.4339   0.3477   0.2248   0.0833  -0.1128  -0.3693
  -0.5389
   0.2150   2.2650   2.2134   2.1527   2.0854   2.0178   1.9706   1.9064   1.8097   1.6266   1.5356   1.4356   1.3491   1.2537   1.1130   1.0203   0.8744   0.8252   0.7786   0.7242   0.6608   0.5710   0.5243   0.4856   0.4189   0.3362   0.2244   0.0841  -0.1128  -0.3709
  -0.5399
   0.2200   2.1843   2.1353   2.0764   2.0109   1.9450   1.8989   1.8363   1.7420   1.5641   1.4729   1.3795   1.2984   1.2082   1.0758   0.9778   0.8378   0.7905   0.7458   0.6938   0.6320   0.5622   0.5168   0.4650   0.4015   0.3230   0.2213   0.0823  -0.1148  -0.3721
  -0.5404
   0.2250   2.1061   2.0597   2.0031   1.9400   1.8768   1.8328   1.7731   1.6837   1.5157   1.4236   1.3366   1.2649   1.1796   1.0542   0.9506   0.8147   0.7689   0.7255   0.6750   0.6154   0.5608   0.5162   0.4537   0.3927   0.3175   0.2237   0.0865  -0.1103  -0.3665
  -0.5374
   0.2300   2.0301   1.9861   1.9316   1.8703   1.8088   1.7661   1.7082   1.6215   1.4595   1.3683   1.2830   1.2204   1.1401   1.0228   0.9084   0.7775   0.7342   0.6926   0.6443   0.5874   0.5561   0.5126   0.4331   0.3752   0.3038   0.2221   0.0856  -0.1125  -0.3705
  -0.5396
   0.2350   1.9567   1.9151   1.8630   1.8039   1.7447   1.7036   1.6480   1.5649   1.4102   1.3221   1.2359   1.1843   1.1090   0.9993   0.8747   0.7457   0.7068   0.6668   0.6203   0.5656   0.5562   0.5134   0.4153   0.3604   0.2927   0.2227   0.0855  -0.1154  -0.3731
  -0.5402
   0.2400   1.8859   1.8468   1.7972   1.7406   1.6841   1.6448   1.5918   1.5124   1.3631   1.2784   1.1970   1.1373   1.0597   0.9453   0.8499   0.7248   0.6872   0.6484   0.6033   0.5499   0.4974   0.4579   0.4036   0.3511   0.2866   0.2044   0.0886  -0.0856  -0.3276
  -0.5196
   0.2450   1.8176   1.7805   1.7331   1.6781   1.6230   1.5845   1.5322   1.4535   1.3036   1.2214   1.1467   1.0723   0.9918   0.8726   0.8095   0.6901   0.6538   0.6168   0.5737   0.5235   0.4267   0.3913   0.3853   0.3352   0.2738   0.1792   0.0859  -0.0602  -0.2864
  -0.5016
   0.2500   1.7519   1.7170   1.6719   1.6190   1.5660   1.5290   1.4789   1.4034   1.2604   1.1838   1.1087   1.0415   0.9655   0.8532   0.7854   0.6701   0.6347   0.5989   0.5572   0.5078   0.4285   0.3938   0.3752   0.3268   0.2676   0.1814   0.0861  -0.0614  -0.2871
  -0.5009
   0.2550   1.6886   1.6554   1.6126   1.5617   1.5106   1.4750   1.4269   1.3546   1.2182   1.1457   1.0715   1.0111   0.9396   0.8339   0.7589   0.6500   0.6134   0.5788   0.5385   0.4914   0.4295   0.3955   0.3648   0.3181   0.2609   0.1838   0.0871  -0.0607  -0.2883
  -0.5017
   0.2600   1.6274   1.5959   1.5550   1.5056   1.4558   1.4210   1.3739   1.3030   1.1695   1.0965   1.0264   0.9692   0.9008   0.8003   0.7243   0.6205   0.5850   0.5519   0.5134   0.4682   0.4165   0.3839   0.3479   0.3034   0.2489   0.1789   0.0835  -0.0611  -0.2876
  -0.5015
   0.2650   1.5686   1.5387   1.5001   1.4527   1.4052   1.3721   1.3273   1.2601   1.1339   1.0616   0.9957   0.9448   0.8802   0.7849   0.7056   0.6041   0.5704   0.5382   0.5009   0.4570   0.4164   0.3844   0.3397   0.2967   0.2444   0.1809   0.0850  -0.0591  -0.2837
  -0.4983
   0.2700   1.5118   1.4834   1.4467   1.4010   1.3552   1.3232   1.2800   1.2154   1.0945   1.0234   0.9589   0.9147   0.8537   0.7642   0.6785   0.5811   0.5484   0.5175   0.4815   0.4392   0.4143   0.3831   0.3267   0.2855   0.2355   0.1813   0.0844  -0.0593  -0.2861
  -0.5002
   0.2750   1.4572   1.4301   1.3953   1.3513   1.3069   1.2760   1.2342   1.1715   1.0545   0.9851   0.9206   0.8823   0.8245   0.7400   0.6499   0.5549   0.5250   0.4954   0.4609   0.4206   0.4085   0.3783   0.3115   0.2723   0.2248   0.1795   0.0815  -0.0614  -0.2885
  -0.5017
   0.2800   1.4047   1.3791   1.3464   1.3045   1.2623   1.2329   1.1932   1.1338   1.0220   0.9559   0.8947   0.8525   0.7942   0.7078   0.6350   0.5421   0.5136   0.4847   0.4512   0.4116   0.3728   0.3441   0.3044   0.2666   0.2210   0.1648   0.0833  -0.0425  -0.2465
  -0.4708
   0.2850   1.3541   1.3297   1.2987   1.2581   1.2171   1.1884   1.1495   1.0910   0.9797   0.9152   0.8586   0.8082   0.7485   0.6600   0.6066   0.5184   0.4903   0.4627   0.4306   0.3931   0.3256   0.2989   0.2917   0.2555   0.2118   0.1438   0.0809  -0.0252  -0.2061
  -0.4414
   0.2900   1.3056   1.2824   1.2530   1.2140   1.1744   1.1467   1.1091   1.0524   0.9451   0.8843   0.8277   0.7812   0.7245   0.6406   0.5857   0.5006   0.4735   0.4469   0.4159   0.3795   0.3227   0.2969   0.2822   0.2473   0.2052   0.1437   0.0788  -0.0268  -0.2078
  -0.4421
   0.2950   1.2588   1.2368   1.2092   1.1719   1.1340   1.1075   1.0718   1.0181   0.9168   0.8596   0.8039   0.7626   0.7092   0.6301   0.5707   0.4893   0.4619   0.4360   0.4059   0.3707   0.3263   0.3009   0.2768   0.2429   0.2020   0.1475   0.0799  -0.0259  -0.2089
  -0.4431
   0.3000   1.2138   1.1926   1.1663   1.1302   1.0932   1.0673   1.0323   0.9795   0.8800   0.8224   0.7697   0.7302   0.6790   0.6034   0.5440   0.4669   0.4400   0.4152   0.3865   0.3528   0.3145   0.2903   0.2638   0.2314   0.1923   0.1427   0.0763  -0.0257  -0.2070
  -0.4417
   0.3050   1.1705   1.1503   1.1255   1.0910   1.0556   1.0308   0.9973   0.9470   0.8522   0.7957   0.7457   0.7100   0.6613   0.5895   0.5290   0.4533   0.4281   0.4041   0.3762   0.3436   0.3126   0.2890   0.2567   0.2254   0.1878   0.1432   0.0756  -0.0253  -0.2050
  -0.4393
   0.3100   1.1287   1.1095   1.0861   1.0531   1.0191   0.9954   0.9635   0.9156   0.8259   0.7708   0.7222   0.6914   0.6455   0.5778   0.5131   0.4402   0.4156   0.3924   0.3654   0.3336   0.3135   0.2904   0.2495   0.2193   0.1830   0.1453   0.0756  -0.0245  -0.2062
  -0.4408
   0.3150   1.0885   1.0701   1.0478   1.0160   0.9830   0.9598   0.9287   0.8818   0.7940   0.7398   0.6915   0.6639   0.6201   0.5558   0.4892   0.4189   0.3958   0.3736   0.3479   0.3178   0.3056   0.2835   0.2368   0.2080   0.1735   0.1423   0.0719  -0.0260  -0.2078
  -0.4421
   0.3200   1.0500   1.0324   1.0116   0.9814   0.9500   0.9281   0.8985   0.8541   0.7703   0.7190   0.6728   0.6431   0.5992   0.5342   0.4789   0.4097   0.3881   0.3665   0.3414   0.3117   0.2823   0.2609   0.2318   0.2039   0.1706   0.1306   0.0723  -0.0161  -0.1751
  -0.4090
   0.3250   1.0129   0.9961   0.9763   0.9473   0.9170   0.8957   0.8670   0.8237   0.7415   0.6916   0.6488   0.6145   0.5701   0.5042   0.4609   0.3951   0.3735   0.3527   0.3285   0.3002   0.2522   0.2319   0.2242   0.1972   0.1651   0.1154   0.0710  -0.0061  -0.1422
  -0.3761
   0.3300   0.9772   0.9611   0.9422   0.9144   0.8849   0.8641   0.8361   0.7937   0.7133   0.6655   0.6230   0.5906   0.5482   0.4854   0.4419   0.3788   0.3580   0.3381   0.3149   0.2876   0.2463   0.2269   0.2151   0.1892   0.1584   0.1134   0.0678  -0.0076  -0.1438
  -0.3771
   0.3350   0.9429   0.9276   0.9098   0.8835   0.8554   0.8357   0.8092   0.7693   0.6939   0.6495   0.6075   0.5788   0.5389   0.4795   0.4335   0.3722   0.3517   0.3322   0.3096   0.2830   0.2503   0.2311   0.2123   0.1870   0.1569   0.1172   0.0687  -0.0069  -0.1450
  -0.3785
   0.3400   0.9098   0.8950   0.8781   0.8527   0.8254   0.8061   0.7802   0.7412   0.6675   0.6226   0.5832   0.5559   0.5175   0.4607   0.4145   0.3567   0.3362   0.3176   0.2959   0.2704   0.2420   0.2236   0.2033   0.1791   0.1501   0.1140   0.0661  -0.0064  -0.1429
  -0.3764
   0.3450   0.8780   0.8638   0.8477   0.8235   0.7971   0.7786   0.7536   0.7158   0.6447   0.6006   0.5628   0.5375   0.5008   0.4467   0.4006   0.3441   0.3250   0.3070   0.2861   0.2615   0.2377   0.2200   0.1963   0.1730   0.1452   0.1127   0.0640  -0.0070  -0.1419
  -0.3745
   0.3500   0.8474   0.8339   0.8187   0.7957   0.7707   0.7531   0.7295   0.6941   0.6275   0.5852   0.5485   0.5269   0.4923   0.4412   0.3924   0.3373   0.3188   0.3012   0.2808   0.2567   0.2406   0.2232   0.1929   0.1702   0.1431   0.1158   0.0646  -0.0059  -0.1428
  -0.3760
   0.3550   0.8179   0.8048   0.7903   0.7682   0.7438   0.7265   0.7034   0.6686   0.6031   0.5610   0.5250   0.5054   0.4722   0.4235   0.3735   0.3210   0.3032   0.2864   0.2669   0.2442   0.2333   0.2167   0.1831   0.1614   0.1356   0.1129   0.0613  -0.0067  -0.1436
  -0.3769
   0.3600   0.7896   0.7772   0.7634   0.7425   0.7192   0.7028   0.6807   0.6474   0.5844   0.5447   0.5098   0.4886   0.4555   0.4065   0.3645   0.3127   0.2963   0.2800   0.2610   0.2387   0.2160   0.1999   0.1785   0.1575   0.1325   0.1031   0.0605  -0.0025  -0.1204
  -0.3453
   0.3650   0.7624   0.7504   0.7374   0.7175   0.6952   0.6794   0.6583   0.6264   0.5656   0.5274   0.4951   0.4713   0.4382   0.3888   0.3545   0.3048   0.2884   0.2726   0.2542   0.2326   0.1977   0.1821   0.1746   0.1542   0.1299   0.0928   0.0604   0.0032  -0.0961
  -0.3128
   0.3700   0.7362   0.7246   0.7120   0.6929   0.6711   0.6556   0.6347   0.6031   0.5429   0.5057   0.4738   0.4510   0.4192   0.3720   0.3379   0.2907   0.2746   0.2595   0.2420   0.2214   0.1909   0.1761   0.1665   0.1470   0.1237   0.0901   0.0570   0.0020  -0.0974
  -0.3139
   0.3750   0.7110   0.7000   0.6881   0.6701   0.6494   0.6347   0.6149   0.5851   0.5287   0.4943   0.4626   0.4423   0.4123   0.3675   0.3322   0.2858   0.2704   0.2557   0.2385   0.2183   0.1937   0.1791   0.1644   0.1453   0.1226   0.0930   0.0572   0.0021  -0.0987
  -0.3158
   0.3800   0.6867   0.6761   0.6647   0.6475   0.6274   0.6132   0.5941   0.5653   0.5108   0.4764   0.4468   0.4277   0.3988   0.3560   0.3203   0.2764   0.2608   0.2466   0.2301   0.2106   0.1892   0.1751   0.1592   0.1407   0.1187   0.0915   0.0561   0.0030  -0.0966
  -0.3132
   0.3850   0.6634   0.6531   0.6421   0.6256   0.6061   0.5922   0.5735   0.5452   0.4917   0.4574   0.4290   0.4109   0.3831   0.3422   0.3069   0.2645   0.2498   0.2362   0.2203   0.2017   0.1833   0.1698   0.1522   0.1345   0.1135   0.0891   0.0532   0.0020  -0.0965
  -0.3118
   0.3900   0.6409   0.6311   0.6207   0.6052   0.5868   0.5737   0.5562   0.5299   0.4801   0.4479   0.4200   0.4046   0.3785   0.3398   0.3029   0.2609   0.2470   0.2336   0.2181   0.1997   0.1866   0.1733   0.1507   0.1333   0.1127   0.0922   0.0539   0.0028  -0.0972
  -0.3134
   0.3950   0.6192   0.6097   0.5997   0.5848   0.5669   0.5541   0.5370   0.5112   0.4626   0.4303   0.4034   0.3894   0.3643   0.3273   0.2894   0.2497   0.2359   0.2231   0.2082   0.1907   0.1816   0.1688   0.1439   0.1273   0.1075   0.0903   0.0517   0.0027  -0.0973
  -0.3137
   0.4000   0.5984   0.5893   0.5797   0.5655   0.5484   0.5360   0.5195   0.4944   0.4468   0.4160   0.3897   0.3744   0.3493   0.3122   0.2802   0.2412   0.2285   0.2162   0.2018   0.1848   0.1672   0.1549   0.1390   0.1229   0.1039   0.0815   0.0498   0.0039  -0.0820
  -0.2853
   0.4050   0.5784   0.5696   0.5606   0.5472   0.5310   0.5193   0.5037   0.4800   0.4349   0.4059   0.3814   0.3646   0.3397   0.3025   0.2757   0.2377   0.2252   0.2131   0.1990   0.1824   0.1565   0.1444   0.1376   0.1219   0.1033   0.0750   0.0504   0.0072  -0.0651
  -0.2556
   0.4100   0.5590   0.5506   0.5418   0.5288   0.5130   0.5014   0.4859   0.4624   0.4175   0.3887   0.3649   0.3485   0.3245   0.2889   0.2621   0.2265   0.2139   0.2024   0.1890   0.1732   0.1504   0.1389   0.1311   0.1160   0.0981   0.0725   0.0477   0.0064  -0.0659
  -0.2563
   0.4150   0.5405   0.5324   0.5240   0.5117   0.4966   0.4856   0.4708   0.4484   0.4058   0.3791   0.3553   0.3404   0.3177   0.2838   0.2566   0.2214   0.2097   0.1985   0.1854   0.1699   0.1511   0.1399   0.1286   0.1139   0.0965   0.0739   0.0470   0.0061  -0.0673
  -0.2586
   0.4200   0.5226   0.5148   0.5068   0.4951   0.4808   0.4702   0.4562   0.4349   0.3945   0.3683   0.3462   0.3324   0.3107   0.2782   0.2506   0.2169   0.2050   0.1941   0.1813   0.1663   0.1499   0.1390   0.1263   0.1119   0.0949   0.0741   0.0470   0.0072  -0.0656
  -0.2560
   0.4250   0.5054   0.4978   0.4899   0.4786   0.4646   0.4542   0.4402   0.4190   0.3787   0.3521   0.3310   0.3176   0.2966   0.2654   0.2382   0.2062   0.1948   0.1843   0.1722   0.1579   0.1436   0.1332   0.1199   0.1062   0.0899   0.0711   0.0441   0.0061  -0.0657
  -0.2548
   0.4300   0.4888   0.4816   0.4741   0.4635   0.4503   0.4405   0.4274   0.4076   0.3701   0.3454   0.3244   0.3130   0.2931   0.2635   0.2356   0.2035   0.1929   0.1827   0.1707   0.1566   0.1460   0.1358   0.1187   0.1053   0.0894   0.0735   0.0443   0.0064  -0.0665
  -0.2567
   0.4350   0.4728   0.4658   0.4586   0.4484   0.4358   0.4263   0.4137   0.3946   0.3585   0.3340   0.3139   0.3036   0.2846   0.2564   0.2274   0.1969   0.1863   0.1764   0.1649   0.1513   0.1437   0.1338   0.1149   0.1019   0.0865   0.0730   0.0434   0.0069  -0.0663
  -0.2566
   0.4400   0.4574   0.4506   0.4437   0.4338   0.4216   0.4123   0.3998   0.3809   0.3448   0.3209   0.3012   0.2897   0.2706   0.2423   0.2178   0.1883   0.1783   0.1689   0.1578   0.1448   0.1310   0.1215   0.1096   0.0972   0.0824   0.0650   0.0410   0.0067  -0.0564
  -0.2319
   0.4450   0.4426   0.4361   0.4296   0.4203   0.4089   0.4002   0.3885   0.3709   0.3370   0.3149   0.2964   0.2840   0.2652   0.2369   0.2162   0.1868   0.1774   0.1680   0.1571   0.1443   0.1246   0.1152   0.1094   0.0971   0.0826   0.0608   0.0417   0.0085  -0.0451
  -0.2059
   0.4500   0.4283   0.4220   0.4156   0.4066   0.3955   0.3869   0.3754   0.3579   0.3245   0.3024   0.2847   0.2727   0.2546   0.2274   0.2064   0.1791   0.1693   0.1604   0.1500   0.1377   0.1205   0.1115   0.1049   0.0931   0.0791   0.0592   0.0399   0.0083  -0.0454
  -0.2062
   0.4550   0.4146   0.4085   0.4023   0.3937   0.3831   0.3747   0.3636   0.3465   0.3140   0.2933   0.2754   0.2642   0.2469   0.2210   0.2001   0.1732   0.1642   0.1555   0.1455   0.1336   0.1190   0.1104   0.1016   0.0902   0.0767   0.0591   0.0385   0.0075  -0.0469
  -0.2087
   0.4600   0.4013   0.3955   0.3897   0.3815   0.3716   0.3637   0.3533   0.3375   0.3073   0.2875   0.2707   0.2606   0.2441   0.2193   0.1980   0.1718   0.1628   0.1543   0.1444   0.1326   0.1199   0.1114   0.1012   0.0899   0.0766   0.0603   0.0391   0.0086  -0.0456
  -0.2063
   0.4650   0.3885   0.3829   0.3771   0.3691   0.3593   0.3515   0.3411   0.3252   0.2949   0.2744   0.2587   0.2487   0.2327   0.2089   0.1877   0.1632   0.1542   0.1461   0.1367   0.1256   0.1145   0.1063   0.0959   0.0852   0.0725   0.0577   0.0368   0.0079  -0.0457
  -0.2053
   0.4700   0.3762   0.3708   0.3653   0.3577   0.3485   0.3411   0.3312   0.3162   0.2875   0.2684   0.2525   0.2438   0.2286   0.2059   0.1846   0.1599   0.1518   0.1439   0.1347   0.1237   0.1151   0.1072   0.0942   0.0838   0.0714   0.0589   0.0362   0.0077  -0.0467
  -0.2073
   0.4750   0.3643   0.3591   0.3539   0.3466   0.3380   0.3310   0.3216   0.3075   0.2806   0.2620   0.2468   0.2392   0.2248   0.2031   0.1809   0.1571   0.1490   0.1412   0.1322   0.1215   0.1152   0.1074   0.0928   0.0825   0.0703   0.0596   0.0363   0.0085  -0.0463
  -0.2070
   0.4800   0.3529   0.3478   0.3426   0.3355   0.3271   0.3200   0.3107   0.2963   0.2689   0.2503   0.2356   0.2269   0.2123   0.1906   0.1715   0.1490   0.1411   0.1338   0.1252   0.1151   0.1043   0.0969   0.0877   0.0779   0.0663   0.0526   0.0339   0.0078  -0.0398
  -0.1859
   0.4850   0.3419   0.3370   0.3322   0.3255   0.3176   0.3110   0.3023   0.2889   0.2631   0.2461   0.2320   0.2227   0.2083   0.1866   0.1706   0.1479   0.1406   0.1334   0.1249   0.1149   0.0997   0.0923   0.0875   0.0779   0.0665   0.0494   0.0342   0.0084  -0.0324
  -0.1640
   0.4900   0.3312   0.3265   0.3218   0.3153   0.3078   0.3014   0.2929   0.2799   0.2550   0.2382   0.2249   0.2160   0.2022   0.1814   0.1649   0.1436   0.1360   0.1290   0.1208   0.1111   0.0979   0.0907   0.0851   0.0758   0.0647   0.0490   0.0336   0.0088  -0.0323
  -0.1640
   0.4950   0.3210   0.3164   0.3118   0.3054   0.2981   0.2918   0.2833   0.2703   0.2454   0.2292   0.2157   0.2072   0.1938   0.1739   0.1576   0.1371   0.1299   0.1232   0.1154   0.1062   0.0948   0.0880   0.0812   0.0723   0.0616   0.0478   0.0316   0.0078  -0.0338
  -0.1664
   0.5000   0.3111   0.3068   0.3024   0.2965   0.2897   0.2838   0.2760   0.2641   0.2413   0.2262   0.2133   0.2057   0.1931   0.1740   0.1576   0.1370   0.1302   0.1235   0.1158   0.1065   0.0965   0.0898   0.0816   0.0727   0.0622   0.0493   0.0324   0.0086  -0.0329
  -0.1645
   0.5050   0.3015   0.2973   0.2930   0.2871   0.2806   0.2747   0.2670   0.2551   0.2324   0.2167   0.2048   0.1974   0.1852   0.1668   0.1502   0.1311   0.1241   0.1177   0.1103   0.1015   0.0928   0.0863   0.0780   0.0695   0.0593   0.0476   0.0310   0.0084  -0.0328
  -0.1634
   0.5100   0.2923   0.2882   0.2841   0.2784   0.2721   0.2665   0.2589   0.2474   0.2253   0.2103   0.1982   0.1915   0.1797   0.1622   0.1458   0.1268   0.1204   0.1143   0.1071   0.0986   0.0916   0.0854   0.0755   0.0672   0.0574   0.0475   0.0297   0.0078  -0.0340
  -0.1656
   0.5150   0.2835   0.2796   0.2756   0.2703   0.2645   0.2593   0.2523   0.2417   0.2215   0.2075   0.1958   0.1901   0.1790   0.1623   0.1452   0.1264   0.1202   0.1141   0.1070   0.0985   0.0932   0.0870   0.0755   0.0674   0.0577   0.0490   0.0304   0.0087  -0.0335
  -0.1653
   0.5200   0.2749   0.2710   0.2672   0.2619   0.2562   0.2509   0.2438   0.2330   0.2123   0.1978   0.1868   0.1802   0.1689   0.1521   0.1372   0.1197   0.1135   0.1077   0.1010   0.0930   0.0844   0.0786   0.0713   0.0636   0.0543   0.0433   0.0285   0.0079  -0.0290
  -0.1474
   0.5250   0.2666   0.2630   0.2593   0.2543   0.2489   0.2439   0.2372   0.2269   0.2069   0.1938   0.1829   0.1757   0.1646   0.1478   0.1354   0.1177   0.1121   0.1064   0.0998   0.0920   0.0800   0.0742   0.0704   0.0628   0.0537   0.0402   0.0281   0.0076  -0.0242
  -0.1293
   0.5300   0.2587   0.2551   0.2516   0.2468   0.2418   0.2371   0.2307   0.2211   0.2024   0.1897   0.1795   0.1729   0.1623   0.1462   0.1333   0.1164   0.1105   0.1050   0.0985   0.0907   0.0803   0.0746   0.0699   0.0623   0.0534   0.0409   0.0284   0.0084  -0.0238
  -0.1292
   0.5350   0.2509   0.2475   0.2440   0.2392   0.2342   0.2294   0.2230   0.2131   0.1939   0.1812   0.1710   0.1645   0.1542   0.1387   0.1259   0.1100   0.1043   0.0990   0.0929   0.0856   0.0767   0.0713   0.0659   0.0588   0.0503   0.0392   0.0264   0.0075  -0.0250
  -0.1314
   0.5400   0.2435   0.2402   0.2369   0.2325   0.2279   0.2235   0.2175   0.2083   0.1908   0.1791   0.1691   0.1633   0.1535   0.1387   0.1260   0.1098   0.1046   0.0994   0.0933   0.0860   0.0779   0.0726   0.0661   0.0591   0.0506   0.0403   0.0268   0.0079  -0.0246
  -0.1301
   0.5450   0.2363   0.2331   0.2299   0.2255   0.2211   0.2169   0.2111   0.2022   0.1852   0.1732   0.1642   0.1587   0.1492   0.1350   0.1219   0.1068   0.1012   0.0962   0.0903   0.0833   0.0763   0.0711   0.0644   0.0575   0.0493   0.0398   0.0263   0.0082  -0.0243
  -0.1290
   0.5500   0.2294   0.2263   0.2231   0.2188   0.2144   0.2102   0.2044   0.1954   0.1782   0.1664   0.1572   0.1520   0.1428   0.1292   0.1163   0.1016   0.0965   0.0917   0.0861   0.0794   0.0737   0.0688   0.0612   0.0546   0.0467   0.0387   0.0246   0.0073  -0.0255
  -0.1311
   0.5550   0.2227   0.2197   0.2168   0.2128   0.2089   0.2050   0.1997   0.1917   0.1762   0.1655   0.1564   0.1520   0.1434   0.1304   0.1172   0.1022   0.0974   0.0926   0.0870   0.0803   0.0758   0.0709   0.0618   0.0552   0.0474   0.0403   0.0254   0.0081  -0.0251
  -0.1309
   0.5600   0.2162   0.2133   0.2104   0.2064   0.2025   0.1987   0.1934   0.1853   0.1696   0.1585   0.1501   0.1451   0.1364   0.1233   0.1115   0.0977   0.0927   0.0881   0.0827   0.0763   0.0695   0.0648   0.0590   0.0527   0.0451   0.0362   0.0242   0.0077  -0.0217
  -0.1160
   0.5650   0.2100   0.2072   0.2043   0.2005   0.1967   0.1930   0.1878   0.1798   0.1641   0.1537   0.1453   0.1397   0.1310   0.1179   0.1082   0.0945   0.0900   0.0856   0.0803   0.0741   0.0647   0.0601   0.0571   0.0510   0.0437   0.0329   0.0232   0.0067  -0.0185
  -0.1015
   0.5700   0.2040   0.2013   0.1986   0.1950   0.1916   0.1882   0.1834   0.1761   0.1620   0.1524   0.1444   0.1394   0.1312   0.1187   0.1085   0.0950   0.0905   0.0860   0.0808   0.0746   0.0663   0.0617   0.0577   0.0516   0.0444   0.0343   0.0240   0.0076  -0.0181
  -0.1013
   0.5750   0.1981   0.1955   0.1928   0.1892   0.1857   0.1822   0.1773   0.1698   0.1551   0.1452   0.1374   0.1324   0.1244   0.1124   0.1021   0.0897   0.0850   0.0809   0.0759   0.0701   0.0631   0.0587   0.0544   0.0486   0.0417   0.0327   0.0224   0.0071  -0.0190
  -0.1030
   0.5800   0.1925   0.1900   0.1874   0.1840   0.1807   0.1775   0.1728   0.1657   0.1519   0.1427   0.1350   0.1303   0.1227   0.1111   0.1012   0.0885   0.0844   0.0803   0.0754   0.0696   0.0631   0.0589   0.0538   0.0481   0.0414   0.0331   0.0221   0.0069  -0.0190
  -0.1024
   0.5850   0.1871   0.1846   0.1822   0.1789   0.1759   0.1728   0.1685   0.1619   0.1491   0.1400   0.1330   0.1288   0.1215   0.1104   0.1001   0.0879   0.0835   0.0795   0.0747   0.0690   0.0634   0.0592   0.0536   0.0480   0.0413   0.0336   0.0225   0.0076  -0.0184
  -0.1013
   0.5900   0.1818   0.1794   0.1769   0.1736   0.1705   0.1674   0.1629   0.1560   0.1426   0.1333   0.1263   0.1222   0.1150   0.1043   0.0941   0.0826   0.0785   0.0746   0.0701   0.0648   0.0602   0.0563   0.0503   0.0450   0.0386   0.0320   0.0207   0.0068  -0.0195
  -0.1032
   0.5950   0.1767   0.1744   0.1721   0.1690   0.1662   0.1635   0.1594   0.1531   0.1410   0.1327   0.1256   0.1221   0.1154   0.1051   0.0948   0.0830   0.0792   0.0754   0.0709   0.0656   0.0618   0.0578   0.0507   0.0454   0.0391   0.0332   0.0211   0.0071  -0.0194
  -0.1033
   0.6000   0.1718   0.1695   0.1673   0.1643   0.1616   0.1589   0.1549   0.1489   0.1371   0.1285   0.1221   0.1183   0.1116   0.1013   0.0919   0.0808   0.0768   0.0731   0.0688   0.0636   0.0581   0.0542   0.0494   0.0442   0.0381   0.0307   0.0208   0.0071  -0.0165
  -0.0909
   0.6050   0.1670   0.1648   0.1626   0.1596   0.1569   0.1542   0.1501   0.1438   0.1315   0.1231   0.1167   0.1122   0.1054   0.0951   0.0873   0.0766   0.0730   0.0695   0.0653   0.0604   0.0528   0.0492   0.0468   0.0419   0.0360   0.0272   0.0193   0.0060  -0.0144
  -0.0793
   0.6100   0.1624   0.1604   0.1583   0.1555   0.1531   0.1507   0.1470   0.1415   0.1305   0.1231   0.1169   0.1130   0.1065   0.0966   0.0887   0.0778   0.0743   0.0708   0.0666   0.0616   0.0549   0.0511   0.0478   0.0429   0.0370   0.0287   0.0202   0.0067  -0.0141
  -0.0793
   0.6150   0.1579   0.1559   0.1538   0.1511   0.1486   0.1462   0.1425   0.1368   0.1257   0.1179   0.1120   0.1082   0.1019   0.0924   0.0842   0.0743   0.0705   0.0671   0.0632   0.0584   0.0528   0.0492   0.0456   0.0408   0.0352   0.0278   0.0192   0.0066  -0.0145
  -0.0806
   0.6200   0.1536   0.1517   0.1497   0.1470   0.1445   0.1422   0.1385   0.1329   0.1219   0.1145   0.1085   0.1047   0.0987   0.0895   0.0817   0.0718   0.0684   0.0652   0.0613   0.0568   0.0515   0.0480   0.0441   0.0395   0.0340   0.0272   0.0184   0.0060  -0.0149
  -0.0804
   0.6250   0.1495   0.1476   0.1457   0.1432   0.1410   0.1390   0.1357   0.1307   0.1209   0.1140   0.1085   0.1053   0.0995   0.0907   0.0826   0.0727   0.0694   0.0661   0.0622   0.0576   0.0530   0.0495   0.0448   0.0403   0.0348   0.0284   0.0191   0.0068  -0.0143
  -0.0795
   0.6300   0.1454   0.1436   0.1417   0.1391   0.1368   0.1347   0.1312   0.1259   0.1156   0.1082   0.1029   0.0997   0.0941   0.0856   0.0774   0.0683   0.0648   0.0618   0.0581   0.0538   0.0501   0.0469   0.0420   0.0377   0.0324   0.0270   0.0177   0.0063  -0.0150
  -0.0810
   0.6350   0.1415   0.1398   0.1379   0.1355   0.1334   0.1314   0.1282   0.1232   0.1136   0.1069   0.1013   0.0985   0.0931   0.0850   0.0770   0.0675   0.0646   0.0616   0.0580   0.0537   0.0505   0.0473   0.0417   0.0374   0.0323   0.0274   0.0175   0.0062  -0.0153
  -0.0814
   0.6400   0.1378   0.1361   0.1343   0.1320   0.1301   0.1283   0.1253   0.1207   0.1118   0.1054   0.1003   0.0974   0.0921   0.0840   0.0765   0.0674   0.0643   0.0613   0.0577   0.0535   0.0490   0.0458   0.0417   0.0374   0.0324   0.0263   0.0180   0.0065  -0.0128
  -0.0713
   0.6450   0.1341   0.1324   0.1306   0.1283   0.1262   0.1243   0.1211   0.1162   0.1065   0.0998   0.0949   0.0913   0.0859   0.0777   0.0715   0.0631   0.0600   0.0572   0.0539   0.0499   0.0439   0.0409   0.0389   0.0349   0.0301   0.0229   0.0164   0.0054  -0.0113
  -0.0621
   0.6500   0.1306   0.1290   0.1273   0.1252   0.1233   0.1216   0.1188   0.1144   0.1057   0.0999   0.0949   0.0918   0.0867   0.0788   0.0726   0.0638   0.0611   0.0583   0.0549   0.0508   0.0453   0.0423   0.0396   0.0356   0.0308   0.0240   0.0169   0.0057  -0.0112
  -0.0623
   0.6550   0.1271   0.1256   0.1240   0.1218   0.1200   0.1184   0.1156   0.1114   0.1030   0.0970   0.0924   0.0895   0.0846   0.0771   0.0704   0.0623   0.0593   0.0565   0.0533   0.0494   0.0448   0.0418   0.0387   0.0348   0.0300   0.0240   0.0167   0.0061  -0.0113
  -0.0632
   0.6600   0.1238   0.1223   0.1207   0.1185   0.1166   0.1149   0.1121   0.1076   0.0987   0.0928   0.0880   0.0850   0.0802   0.0729   0.0667   0.0588   0.0561   0.0535   0.0504   0.0467   0.0424   0.0396   0.0365   0.0328   0.0283   0.0227   0.0154   0.0053  -0.0117
  -0.0633
   0.6650   0.1206   0.1191   0.1177   0.1157   0.1140   0.1126   0.1101   0.1063   0.0986   0.0933   0.0888   0.0863   0.0817   0.0747   0.0684   0.0602   0.0576   0.0550   0.0518   0.0481   0.0442   0.0414   0.0375   0.0338   0.0293   0.0240   0.0162   0.0059  -0.0113
  -0.0626
   0.6700   0.1175   0.1160   0.1145   0.1125   0.1108   0.1094   0.1068   0.1028   0.0950   0.0892   0.0850   0.0825   0.0781   0.0714   0.0647   0.0573   0.0545   0.0520   0.0490   0.0455   0.0424   0.0398   0.0357   0.0321   0.0277   0.0231   0.0154   0.0058  -0.0117
  -0.0637
   0.6750   0.1144   0.1130   0.1116   0.1097   0.1079   0.1065   0.1040   0.1000   0.0921   0.0867   0.0823   0.0799   0.0756   0.0691   0.0628   0.0553   0.0529   0.0505   0.0476   0.0441   0.0415   0.0389   0.0344   0.0310   0.0268   0.0227   0.0146   0.0053  -0.0121
  -0.0643
   0.6800   0.1115   0.1102   0.1088   0.1071   0.1056   0.1044   0.1022   0.0987   0.0919   0.0869   0.0829   0.0806   0.0764   0.0699   0.0640   0.0565   0.0541   0.0516   0.0487   0.0452   0.0414   0.0388   0.0353   0.0318   0.0276   0.0225   0.0154   0.0058  -0.0101
  -0.0563
   0.6850   0.1087   0.1073   0.1060   0.1041   0.1025   0.1012   0.0988   0.0950   0.0875   0.0821   0.0783   0.0755   0.0712   0.0647   0.0595   0.0528   0.0502   0.0479   0.0452   0.0420   0.0371   0.0346   0.0330   0.0296   0.0256   0.0196   0.0142   0.0050  -0.0089
  -0.0489
   0.6900   0.1059   0.1047   0.1034   0.1016   0.1001   0.0989   0.0967   0.0931   0.0861   0.0814   0.0773   0.0748   0.0707   0.0644   0.0595   0.0524   0.0503   0.0480   0.0453   0.0420   0.0374   0.0350   0.0328   0.0295   0.0256   0.0200   0.0141   0.0048  -0.0091
  -0.0493
   0.6950   0.1033   0.1020   0.1008   0.0992   0.0978   0.0967   0.0947   0.0915   0.0852   0.0806   0.0770   0.0747   0.0708   0.0648   0.0595   0.0527   0.0503   0.0480   0.0453   0.0421   0.0383   0.0358   0.0331   0.0298   0.0259   0.0208   0.0146   0.0055  -0.0089
  -0.0499
   0.7000   0.1007   0.0994   0.0982   0.0965   0.0949   0.0937   0.0916   0.0880   0.0810   0.0761   0.0724   0.0700   0.0661   0.0603   0.0552   0.0490   0.0466   0.0445   0.0420   0.0390   0.0355   0.0332   0.0307   0.0276   0.0239   0.0192   0.0132   0.0048  -0.0094
  -0.0501
   0.7050   0.0982   0.0970   0.0958   0.0943   0.0929   0.0919   0.0901   0.0869   0.0808   0.0765   0.0729   0.0708   0.0672   0.0615   0.0565   0.0499   0.0479   0.0457   0.0431   0.0401   0.0368   0.0345   0.0314   0.0283   0.0245   0.0201   0.0137   0.0050  -0.0092
  -0.0498
   0.7100   0.0957   0.0946   0.0934   0.0919   0.0906   0.0896   0.0878   0.0848   0.0789   0.0744   0.0712   0.0692   0.0657   0.0603   0.0549   0.0488   0.0465   0.0444   0.0419   0.0389   0.0364   0.0342   0.0307   0.0277   0.0240   0.0201   0.0136   0.0054  -0.0092
  -0.0505
   0.7150   0.0934   0.0922   0.0911   0.0895   0.0881   0.0871   0.0851   0.0819   0.0755   0.0710   0.0675   0.0656   0.0621   0.0568   0.0517   0.0458   0.0437   0.0418   0.0394   0.0366   0.0344   0.0323   0.0288   0.0259   0.0224   0.0190   0.0124   0.0047  -0.0098
  -0.0512
   0.7200   0.0911   0.0900   0.0890   0.0876   0.0864   0.0855   0.0840   0.0812   0.0758   0.0720   0.0686   0.0668   0.0635   0.0582   0.0535   0.0473   0.0454   0.0434   0.0410   0.0381   0.0349   0.0327   0.0299   0.0269   0.0234   0.0192   0.0132   0.0050  -0.0082
  -0.0449
   0.7250   0.0889   0.0878   0.0867   0.0853   0.0840   0.0831   0.0814   0.0785   0.0728   0.0685   0.0656   0.0634   0.0600   0.0547   0.0505   0.0449   0.0428   0.0409   0.0386   0.0359   0.0319   0.0298   0.0284   0.0256   0.0222   0.0172   0.0125   0.0046  -0.0072
  -0.0390
   0.7300   0.0867   0.0857   0.0846   0.0832   0.0819   0.0810   0.0794   0.0764   0.0705   0.0666   0.0634   0.0612   0.0579   0.0528   0.0489   0.0433   0.0415   0.0396   0.0374   0.0348   0.0310   0.0290   0.0274   0.0246   0.0214   0.0167   0.0119   0.0041  -0.0075
  -0.0396
   0.7350   0.0846   0.0837   0.0827   0.0814   0.0803   0.0796   0.0782   0.0757   0.0708   0.0674   0.0644   0.0626   0.0595   0.0546   0.0504   0.0447   0.0428   0.0409   0.0387   0.0359   0.0328   0.0307   0.0283   0.0256   0.0223   0.0180   0.0126   0.0049  -0.0072
  -0.0400
   0.7400   0.0826   0.0816   0.0806   0.0793   0.0780   0.0771   0.0756   0.0728   0.0673   0.0633   0.0605   0.0586   0.0555   0.0508   0.0465   0.0415   0.0395   0.0377   0.0357   0.0332   0.0303   0.0284   0.0263   0.0237   0.0205   0.0166   0.0116   0.0044  -0.0076
  -0.0401
   0.7450   0.0806   0.0797   0.0787   0.0775   0.0763   0.0755   0.0741   0.0715   0.0664   0.0629   0.0600   0.0582   0.0552   0.0507   0.0467   0.0413   0.0397   0.0379   0.0358   0.0333   0.0306   0.0287   0.0262   0.0237   0.0206   0.0169   0.0115   0.0043  -0.0076
  -0.0401
   0.7500   0.0787   0.0778   0.0769   0.0757   0.0747   0.0740   0.0728   0.0705   0.0660   0.0626   0.0600   0.0585   0.0557   0.0514   0.0469   0.0418   0.0400   0.0382   0.0361   0.0336   0.0315   0.0296   0.0266   0.0240   0.0209   0.0176   0.0120   0.0049  -0.0074
  -0.0406
   0.7550   0.0768   0.0759   0.0750   0.0737   0.0726   0.0717   0.0704   0.0677   0.0626   0.0588   0.0561   0.0545   0.0517   0.0475   0.0432   0.0385   0.0367   0.0351   0.0332   0.0309   0.0291   0.0273   0.0244   0.0220   0.0191   0.0162   0.0107   0.0042  -0.0079
  -0.0413
   0.7600   0.0750   0.0742   0.0734   0.0722   0.0712   0.0705   0.0694   0.0671   0.0627   0.0596   0.0569   0.0553   0.0526   0.0484   0.0447   0.0395   0.0380   0.0364   0.0344   0.0320   0.0293   0.0275   0.0252   0.0227   0.0198   0.0162   0.0112   0.0042  -0.0069
  -0.0364
   0.7650   0.0733   0.0725   0.0716   0.0705   0.0695   0.0688   0.0677   0.0656   0.0612   0.0579   0.0556   0.0539   0.0512   0.0469   0.0434   0.0387   0.0370   0.0354   0.0335   0.0311   0.0279   0.0261   0.0247   0.0223   0.0194   0.0152   0.0111   0.0043  -0.0059
  -0.0316
   0.7700   0.0716   0.0708   0.0699   0.0687   0.0677   0.0668   0.0657   0.0632   0.0584   0.0551   0.0525   0.0507   0.0480   0.0438   0.0406   0.0361   0.0346   0.0331   0.0313   0.0291   0.0260   0.0244   0.0230   0.0208   0.0180   0.0142   0.0101   0.0036  -0.0064
  -0.0323
   0.7750   0.0699   0.0692   0.0684   0.0674   0.0665   0.0658   0.0650   0.0630   0.0591   0.0564   0.0539   0.0524   0.0499   0.0459   0.0426   0.0378   0.0363   0.0347   0.0329   0.0306   0.0279   0.0262   0.0242   0.0219   0.0191   0.0154   0.0109   0.0042  -0.0061
  -0.0327
   0.7800   0.0683   0.0676   0.0668   0.0657   0.0647   0.0640   0.0630   0.0609   0.0567   0.0535   0.0514   0.0499   0.0474   0.0435   0.0399   0.0358   0.0341   0.0326   0.0308   0.0287   0.0264   0.0248   0.0229   0.0207   0.0180   0.0146   0.0103   0.0041  -0.0062
  -0.0327
   0.7850   0.0668   0.0660   0.0652   0.0642   0.0632   0.0624   0.0615   0.0593   0.0549   0.0520   0.0496   0.0481   0.0456   0.0419   0.0386   0.0343   0.0330   0.0316   0.0299   0.0278   0.0255   0.0240   0.0220   0.0199   0.0173   0.0142   0.0097   0.0036  -0.0065
  -0.0329
   0.7900   0.0653   0.0646   0.0638   0.0629   0.0621   0.0615   0.0608   0.0590   0.0555   0.0530   0.0508   0.0496   0.0474   0.0438   0.0402   0.0358   0.0344   0.0329   0.0311   0.0290   0.0272   0.0256   0.0230   0.0208   0.0182   0.0153   0.0104   0.0043  -0.0062
  -0.0332
   0.7950   0.0638   0.0630   0.0623   0.0613   0.0604   0.0596   0.0587   0.0567   0.0526   0.0496   0.0475   0.0462   0.0439   0.0405   0.0368   0.0330   0.0315   0.0301   0.0285   0.0266   0.0251   0.0236   0.0212   0.0191   0.0166   0.0141   0.0095   0.0039  -0.0065
  -0.0337
   0.8000   0.0623   0.0617   0.0610   0.0600   0.0592   0.0585   0.0577   0.0558   0.0520   0.0494   0.0471   0.0458   0.0436   0.0401   0.0371   0.0329   0.0317   0.0304   0.0288   0.0268   0.0245   0.0230   0.0212   0.0191   0.0167   0.0136   0.0094   0.0036  -0.0059
  -0.0302
   0.8050   0.0609   0.0603   0.0596   0.0588   0.0580   0.0574   0.0568   0.0552   0.0519   0.0494   0.0475   0.0462   0.0440   0.0405   0.0376   0.0336   0.0322   0.0308   0.0292   0.0272   0.0244   0.0229   0.0216   0.0196   0.0171   0.0135   0.0099   0.0039  -0.0049
  -0.0263
   0.8100   0.0596   0.0589   0.0582   0.0573   0.0564   0.0556   0.0548   0.0529   0.0489   0.0461   0.0441   0.0426   0.0404   0.0370   0.0343   0.0307   0.0293   0.0281   0.0266   0.0248   0.0222   0.0208   0.0197   0.0178   0.0155   0.0122   0.0088   0.0033  -0.0054
  -0.0269
   0.8150   0.0583   0.0577   0.0570   0.0562   0.0554   0.0549   0.0542   0.0526   0.0493   0.0471   0.0450   0.0438   0.0417   0.0384   0.0357   0.0317   0.0306   0.0293   0.0278   0.0259   0.0236   0.0221   0.0205   0.0186   0.0162   0.0131   0.0092   0.0035  -0.0053
  -0.0273
   0.8200   0.0570   0.0564   0.0557   0.0549   0.0542   0.0536   0.0530   0.0514   0.0483   0.0459   0.0441   0.0429   0.0409   0.0378   0.0348   0.0312   0.0298   0.0286   0.0271   0.0252   0.0233   0.0219   0.0202   0.0183   0.0159   0.0131   0.0093   0.0038  -0.0052
  -0.0272
   0.8250   0.0557   0.0551   0.0545   0.0536   0.0528   0.0521   0.0513   0.0495   0.0458   0.0433   0.0414   0.0401   0.0381   0.0350   0.0323   0.0289   0.0277   0.0265   0.0251   0.0234   0.0215   0.0202   0.0187   0.0169   0.0147   0.0120   0.0083   0.0032  -0.0056
  -0.0275
   0.8300   0.0545   0.0540   0.0534   0.0526   0.0520   0.0515   0.0510   0.0496   0.0467   0.0447   0.0429   0.0419   0.0401   0.0371   0.0343   0.0305   0.0294   0.0282   0.0267   0.0249   0.0233   0.0219   0.0198   0.0179   0.0157   0.0132   0.0090   0.0037  -0.0053
  -0.0278
   0.8350   0.0533   0.0528   0.0522   0.0514   0.0506   0.0500   0.0495   0.0479   0.0448   0.0424   0.0408   0.0398   0.0380   0.0351   0.0320   0.0288   0.0275   0.0263   0.0249   0.0233   0.0220   0.0208   0.0186   0.0169   0.0147   0.0126   0.0085   0.0037  -0.0054
  -0.0281
   0.8400   0.0522   0.0516   0.0510   0.0502   0.0495   0.0489   0.0483   0.0467   0.0433   0.0411   0.0393   0.0381   0.0362   0.0333   0.0309   0.0276   0.0265   0.0254   0.0241   0.0225   0.0206   0.0193   0.0179   0.0162   0.0141   0.0115   0.0080   0.0030  -0.0052
  -0.0255
   0.8450   0.0511   0.0506   0.0500   0.0494   0.0487   0.0483   0.0479   0.0467   0.0441   0.0422   0.0406   0.0395   0.0377   0.0349   0.0325   0.0290   0.0280   0.0268   0.0254   0.0237   0.0213   0.0200   0.0189   0.0171   0.0150   0.0119   0.0087   0.0035  -0.0043
  -0.0223
   0.8500   0.0500   0.0494   0.0489   0.0481   0.0474   0.0468   0.0462   0.0447   0.0415   0.0392   0.0377   0.0365   0.0347   0.0319   0.0295   0.0266   0.0254   0.0243   0.0230   0.0215   0.0194   0.0182   0.0173   0.0156   0.0136   0.0108   0.0079   0.0031  -0.0046
  -0.0228
   0.8550   0.0489   0.0484   0.0479   0.0472   0.0465   0.0460   0.0455   0.0441   0.0412   0.0393   0.0376   0.0365   0.0347   0.0320   0.0299   0.0266   0.0257   0.0246   0.0234   0.0218   0.0198   0.0186   0.0173   0.0157   0.0137   0.0111   0.0078   0.0030  -0.0047
  -0.0233
   0.8600   0.0479   0.0474   0.0469   0.0463   0.0457   0.0452   0.0449   0.0438   0.0413   0.0396   0.0381   0.0372   0.0356   0.0330   0.0305   0.0274   0.0263   0.0252   0.0239   0.0223   0.0206   0.0194   0.0178   0.0162   0.0142   0.0117   0.0083   0.0035  -0.0044
  -0.0231
   0.8650   0.0469   0.0464   0.0458   0.0451   0.0444   0.0438   0.0433   0.0418   0.0388   0.0366   0.0351   0.0340   0.0324   0.0298   0.0275   0.0247   0.0236   0.0227   0.0215   0.0201   0.0185   0.0174   0.0161   0.0146   0.0127   0.0105   0.0073   0.0029  -0.0048
  -0.0235
   0.8700   0.0459   0.0454   0.0450   0.0443   0.0438   0.0433   0.0429   0.0418   0.0393   0.0377   0.0361   0.0352   0.0337   0.0312   0.0290   0.0258   0.0250   0.0239   0.0227   0.0212   0.0198   0.0186   0.0169   0.0153   0.0134   0.0113   0.0077   0.0031  -0.0047
  -0.0238
   0.8750   0.0449   0.0445   0.0440   0.0434   0.0428   0.0424   0.0420   0.0409   0.0386   0.0368   0.0354   0.0347   0.0332   0.0308   0.0282   0.0254   0.0243   0.0233   0.0221   0.0207   0.0196   0.0185   0.0166   0.0151   0.0132   0.0113   0.0078   0.0034  -0.0046
  -0.0239
   0.8800   0.0440   0.0435   0.0430   0.0424   0.0417   0.0412   0.0407   0.0393   0.0365   0.0345   0.0330   0.0320   0.0305   0.0281   0.0260   0.0233   0.0224   0.0215   0.0204   0.0191   0.0174   0.0164   0.0152   0.0138   0.0120   0.0098   0.0069   0.0027  -0.0045
  -0.0220
   0.8850   0.0431   0.0427   0.0423   0.0417   0.0412   0.0408   0.0405   0.0396   0.0374   0.0360   0.0346   0.0337   0.0322   0.0298   0.0280   0.0249   0.0241   0.0231   0.0220   0.0205   0.0184   0.0173   0.0163   0.0148   0.0130   0.0104   0.0076   0.0030  -0.0038
  -0.0195
   0.8900   0.0422   0.0418   0.0413   0.0407   0.0402   0.0397   0.0393   0.0382   0.0358   0.0340   0.0328   0.0318   0.0303   0.0280   0.0260   0.0235   0.0224   0.0215   0.0204   0.0191   0.0173   0.0163   0.0154   0.0140   0.0122   0.0098   0.0072   0.0029  -0.0039
  -0.0197
   0.8950   0.0413   0.0409   0.0405   0.0399   0.0393   0.0388   0.0384   0.0372   0.0346   0.0329   0.0315   0.0305   0.0290   0.0268   0.0250   0.0224   0.0216   0.0207   0.0197   0.0184   0.0167   0.0157   0.0147   0.0133   0.0116   0.0094   0.0066   0.0025  -0.0042
  -0.0203
   0.9000   0.0405   0.0401   0.0397   0.0392   0.0388   0.0384   0.0382   0.0374   0.0355   0.0341   0.0329   0.0322   0.0308   0.0286   0.0267   0.0239   0.0230   0.0221   0.0210   0.0196   0.0181   0.0171   0.0157   0.0143   0.0125   0.0104   0.0074   0.0031  -0.0038
  -0.0201
   0.9050   0.0397   0.0393   0.0388   0.0383   0.0377   0.0372   0.0368   0.0357   0.0333   0.0315   0.0303   0.0295   0.0281   0.0260   0.0239   0.0217   0.0207   0.0198   0.0188   0.0176   0.0163   0.0154   0.0142   0.0129   0.0113   0.0093   0.0066   0.0027  -0.0041
  -0.0203
   0.9100   0.0389   0.0385   0.0381   0.0376   0.0371   0.0366   0.0363   0.0353   0.0331   0.0317   0.0303   0.0295   0.0282   0.0262   0.0243   0.0217   0.0210   0.0202   0.0192   0.0179   0.0167   0.0157   0.0143   0.0130   0.0114   0.0096   0.0065   0.0026  -0.0042
  -0.0208
   0.9150   0.0381   0.0378   0.0374   0.0369   0.0365   0.0361   0.0359   0.0352   0.0334   0.0321   0.0310   0.0304   0.0292   0.0272   0.0250   0.0225   0.0217   0.0208   0.0198   0.0185   0.0175   0.0165   0.0148   0.0135   0.0118   0.0102   0.0070   0.0032  -0.0039
  -0.0208
   0.9200   0.0374   0.0370   0.0366   0.0360   0.0354   0.0350   0.0346   0.0335   0.0311   0.0294   0.0283   0.0274   0.0261   0.0241   0.0223   0.0202   0.0193   0.0185   0.0176   0.0165   0.0151   0.0142   0.0133   0.0120   0.0105   0.0086   0.0061   0.0025  -0.0039
  -0.0192
   0.9250   0.0366   0.0363   0.0359   0.0355   0.0350   0.0347   0.0344   0.0336   0.0317   0.0305   0.0293   0.0285   0.0272   0.0252   0.0238   0.0212   0.0206   0.0198   0.0188   0.0176   0.0157   0.0148   0.0140   0.0127   0.0112   0.0089   0.0065   0.0025  -0.0034
  -0.0173
   0.9300   0.0359   0.0356   0.0352   0.0347   0.0343   0.0340   0.0337   0.0330   0.0312   0.0298   0.0288   0.0281   0.0269   0.0249   0.0232   0.0210   0.0201   0.0193   0.0183   0.0172   0.0157   0.0147   0.0139   0.0126   0.0111   0.0089   0.0066   0.0028  -0.0032
  -0.0174
   0.9350   0.0352   0.0348   0.0345   0.0339   0.0334   0.0330   0.0326   0.0316   0.0293   0.0278   0.0267   0.0258   0.0246   0.0227   0.0212   0.0191   0.0183   0.0176   0.0167   0.0157   0.0142   0.0134   0.0126   0.0114   0.0100   0.0081   0.0058   0.0022  -0.0037
  -0.0180
   0.9400   0.0345   0.0342   0.0339   0.0335   0.0331   0.0328   0.0326   0.0319   0.0304   0.0293   0.0282   0.0276   0.0265   0.0246   0.0231   0.0206   0.0200   0.0192   0.0183   0.0171   0.0157   0.0148   0.0137   0.0124   0.0109   0.0091   0.0064   0.0027  -0.0033
  -0.0178
   0.9450   0.0338   0.0335   0.0332   0.0327   0.0323   0.0319   0.0316   0.0308   0.0290   0.0276   0.0267   0.0260   0.0249   0.0231   0.0213   0.0194   0.0185   0.0178   0.0169   0.0158   0.0147   0.0139   0.0128   0.0117   0.0102   0.0085   0.0061   0.0026  -0.0034
  -0.0179
   0.9500   0.0332   0.0329   0.0325   0.0320   0.0316   0.0312   0.0308   0.0300   0.0279   0.0266   0.0255   0.0248   0.0237   0.0220   0.0204   0.0183   0.0177   0.0170   0.0162   0.0152   0.0141   0.0133   0.0122   0.0111   0.0097   0.0081   0.0056   0.0023  -0.0037
  -0.0184
   0.9550   0.0326   0.0323   0.0320   0.0316   0.0313   0.0310   0.0308   0.0303   0.0289   0.0279   0.0270   0.0265   0.0255   0.0238   0.0221   0.0198   0.0192   0.0184   0.0175   0.0164   0.0155   0.0147   0.0132   0.0120   0.0106   0.0091   0.0063   0.0028  -0.0034
  -0.0184
   0.9600   0.0319   0.0316   0.0313   0.0308   0.0304   0.0300   0.0296   0.0289   0.0270   0.0256   0.0247   0.0240   0.0229   0.0212   0.0196   0.0178   0.0170   0.0164   0.0156   0.0146   0.0135   0.0127   0.0118   0.0108   0.0094   0.0077   0.0056   0.0023  -0.0033
  -0.0170
   0.9650   0.0313   0.0310   0.0307   0.0303   0.0299   0.0296   0.0293   0.0286   0.0268   0.0258   0.0247   0.0240   0.0229   0.0212   0.0200   0.0179   0.0174   0.0167   0.0159   0.0149   0.0133   0.0125   0.0119   0.0108   0.0095   0.0076   0.0055   0.0021  -0.0030
  -0.0155
   0.9700   0.0307   0.0305   0.0302   0.0298   0.0295   0.0292   0.0291   0.0286   0.0273   0.0263   0.0254   0.0249   0.0239   0.0223   0.0208   0.0188   0.0181   0.0174   0.0165   0.0155   0.0141   0.0133   0.0125   0.0114   0.0100   0.0081   0.0060   0.0026  -0.0028
  -0.0155
   0.9750   0.0301   0.0299   0.0295   0.0291   0.0286   0.0283   0.0279   0.0271   0.0252   0.0239   0.0230   0.0223   0.0212   0.0196   0.0183   0.0166   0.0159   0.0153   0.0145   0.0136   0.0124   0.0117   0.0110   0.0100   0.0088   0.0071   0.0051   0.0021  -0.0031
  -0.0160
   0.9800   0.0296   0.0293   0.0291   0.0287   0.0284   0.0281   0.0279   0.0273   0.0259   0.0250   0.0240   0.0235   0.0225   0.0210   0.0197   0.0176   0.0171   0.0165   0.0157   0.0147   0.0135   0.0127   0.0118   0.0107   0.0094   0.0078   0.0055   0.0023  -0.0030
  -0.0160
   0.9850   0.0290   0.0288   0.0285   0.0281   0.0278   0.0276   0.0273   0.0269   0.0255   0.0244   0.0237   0.0232   0.0223   0.0208   0.0193   0.0175   0.0168   0.0161   0.0153   0.0144   0.0134   0.0127   0.0117   0.0106   0.0093   0.0078   0.0056   0.0025  -0.0028
  -0.0159
   0.9900   0.0285   0.0282   0.0279   0.0275   0.0271   0.0267   0.0264   0.0257   0.0238   0.0226   0.0217   0.0211   0.0202   0.0187   0.0174   0.0157   0.0151   0.0145   0.0138   0.0130   0.0121   0.0114   0.0105   0.0095   0.0084   0.0070   0.0048   0.0020  -0.0032
  -0.0164
   0.9950   0.0280   0.0277   0.0275   0.0272   0.0269   0.0267   0.0265   0.0261   0.0250   0.0242   0.0233   0.0229   0.0220   0.0206   0.0193   0.0172   0.0167   0.0161   0.0153   0.0144   0.0136   0.0128   0.0115   0.0105   0.0093   0.0080   0.0055   0.0024  -0.0030
  -0.0166
   1.0000   0.0275   0.0272   0.0269   0.0266   0.0262   0.0259   0.0257   0.0252   0.0238   0.0226   0.0219   0.0214   0.0205   0.0190   0.0176   0.0161   0.0153   0.0148   0.0140   0.0132   0.0121   0.0114   0.0108   0.0098   0.0086   0.0070   0.0052   0.0022  -0.0026
  -0.0144
   1.0050   0.0270   0.0267   0.0264   0.0261   0.0257   0.0254   0.0250   0.0244   0.0227   0.0218   0.0209   0.0201   0.0191   0.0176   0.0168   0.0152   0.0146   0.0140   0.0133   0.0126   0.0108   0.0102   0.0102   0.0093   0.0081   0.0060   0.0047   0.0016  -0.0025
  -0.0123
   1.0100   0.0265   0.0263   0.0260   0.0257   0.0255   0.0253   0.0251   0.0248   0.0238   0.0231   0.0224   0.0218   0.0209   0.0195   0.0185   0.0167   0.0161   0.0155   0.0147   0.0138   0.0122   0.0115   0.0112   0.0102   0.0090   0.0070   0.0054   0.0022  -0.0022
  -0.0124
   1.0150   0.0260   0.0257   0.0255   0.0251   0.0247   0.0244   0.0241   0.0236   0.0220   0.0209   0.0203   0.0195   0.0186   0.0173   0.0163   0.0148   0.0142   0.0137   0.0130   0.0122   0.0108   0.0101   0.0100   0.0091   0.0080   0.0061   0.0047   0.0019  -0.0024
  -0.0128
   1.0200   0.0255   0.0253   0.0250   0.0247   0.0244   0.0241   0.0238   0.0233   0.0219   0.0212   0.0204   0.0196   0.0188   0.0174   0.0167   0.0149   0.0146   0.0141   0.0134   0.0125   0.0110   0.0103   0.0101   0.0092   0.0081   0.0062   0.0047   0.0017  -0.0024
  -0.0127
   1.0250   0.0251   0.0248   0.0246   0.0243   0.0241   0.0239   0.0237   0.0234   0.0224   0.0218   0.0212   0.0206   0.0198   0.0185   0.0175   0.0158   0.0152   0.0147   0.0140   0.0131   0.0118   0.0111   0.0107   0.0097   0.0086   0.0068   0.0052   0.0022  -0.0022
  -0.0127
   1.0300   0.0246   0.0244   0.0241   0.0237   0.0234   0.0231   0.0227   0.0221   0.0206   0.0196   0.0189   0.0181   0.0173   0.0160   0.0150   0.0138   0.0131   0.0126   0.0120   0.0114   0.0102   0.0096   0.0093   0.0085   0.0074   0.0058   0.0044   0.0017  -0.0025
  -0.0131
   1.0350   0.0242   0.0240   0.0237   0.0234   0.0232   0.0230   0.0227   0.0224   0.0212   0.0207   0.0199   0.0193   0.0185   0.0173   0.0165   0.0148   0.0143   0.0138   0.0131   0.0124   0.0111   0.0105   0.0100   0.0091   0.0081   0.0065   0.0047   0.0019  -0.0024
  -0.0131
   1.0400   0.0237   0.0235   0.0233   0.0230   0.0227   0.0225   0.0223   0.0220   0.0210   0.0203   0.0198   0.0192   0.0184   0.0172   0.0162   0.0148   0.0142   0.0136   0.0130   0.0122   0.0112   0.0106   0.0100   0.0091   0.0080   0.0065   0.0049   0.0021  -0.0023
  -0.0132
   1.0450   0.0233   0.0231   0.0228   0.0225   0.0221   0.0218   0.0215   0.0209   0.0194   0.0187   0.0179   0.0172   0.0164   0.0152   0.0145   0.0131   0.0127   0.0122   0.0116   0.0108   0.0099   0.0093   0.0089   0.0081   0.0071   0.0057   0.0041   0.0016  -0.0026
  -0.0135
   1.0500   0.0229   0.0227   0.0225   0.0222   0.0220   0.0218   0.0217   0.0214   0.0206   0.0201   0.0195   0.0189   0.0182   0.0171   0.0162   0.0146   0.0142   0.0136   0.0130   0.0122   0.0113   0.0106   0.0099   0.0090   0.0080   0.0066   0.0047   0.0020  -0.0023
  -0.0134
   1.0550   0.0225   0.0223   0.0220   0.0217   0.0215   0.0212   0.0210   0.0206   0.0195   0.0187   0.0183   0.0177   0.0170   0.0159   0.0147   0.0136   0.0129   0.0124   0.0118   0.0112   0.0105   0.0099   0.0092   0.0084   0.0074   0.0062   0.0045   0.0020  -0.0024
  -0.0135
   1.0600   0.0221   0.0219   0.0216   0.0213   0.0210   0.0208   0.0205   0.0200   0.0187   0.0180   0.0173   0.0167   0.0160   0.0149   0.0140   0.0127   0.0122   0.0118   0.0112   0.0106   0.0098   0.0093   0.0086   0.0079   0.0069   0.0058   0.0040   0.0016  -0.0026
  -0.0138
   1.0650   0.0217   0.0215   0.0213   0.0211   0.0209   0.0208   0.0206   0.0205   0.0198   0.0193   0.0188   0.0184   0.0177   0.0167   0.0157   0.0142   0.0137   0.0132   0.0126   0.0118   0.0112   0.0106   0.0096   0.0088   0.0078   0.0067   0.0047   0.0021  -0.0023
  -0.0137
   1.0700   0.0213   0.0211   0.0209   0.0206   0.0203   0.0201   0.0198   0.0194   0.0182   0.0173   0.0169   0.0164   0.0157   0.0147   0.0136   0.0125   0.0120   0.0115   0.0110   0.0103   0.0098   0.0093   0.0085   0.0077   0.0068   0.0058   0.0041   0.0019  -0.0025
  -0.0139
   1.0750   0.0209   0.0208   0.0206   0.0203   0.0200   0.0198   0.0196   0.0193   0.0182   0.0176   0.0170   0.0165   0.0159   0.0149   0.0140   0.0126   0.0122   0.0118   0.0112   0.0105   0.0100   0.0095   0.0085   0.0078   0.0069   0.0060   0.0040   0.0017  -0.0026
  -0.0140
   1.0800   0.0206   0.0204   0.0202   0.0200   0.0199   0.0197   0.0196   0.0195   0.0188   0.0183   0.0178   0.0175   0.0170   0.0160   0.0147   0.0135   0.0129   0.0124   0.0118   0.0112   0.0109   0.0103   0.0091   0.0083   0.0074   0.0066   0.0045   0.0022  -0.0023
  -0.0141
   1.0850   0.0202   0.0200   0.0198   0.0195   0.0193   0.0190   0.0187   0.0183   0.0171   0.0162   0.0157   0.0153   0.0147   0.0137   0.0126   0.0116   0.0110   0.0106   0.0101   0.0096   0.0093   0.0088   0.0079   0.0072   0.0063   0.0056   0.0037   0.0017  -0.0026
  -0.0142
   1.0900   0.0199   0.0197   0.0196   0.0194   0.0192   0.0190   0.0189   0.0186   0.0178   0.0174   0.0167   0.0165   0.0159   0.0150   0.0139   0.0125   0.0122   0.0118   0.0112   0.0105   0.0103   0.0097   0.0085   0.0078   0.0069   0.0062   0.0041   0.0019  -0.0025
  -0.0143
   1.0950   0.0196   0.0194   0.0192   0.0190   0.0189   0.0187   0.0186   0.0184   0.0177   0.0171   0.0166   0.0165   0.0160   0.0151   0.0138   0.0125   0.0121   0.0116   0.0111   0.0104   0.0104   0.0099   0.0085   0.0078   0.0069   0.0064   0.0042   0.0022  -0.0024
  -0.0146
   1.1000   0.0192   0.0191   0.0189   0.0186   0.0184   0.0181   0.0179   0.0175   0.0163   0.0155   0.0149   0.0145   0.0139   0.0129   0.0120   0.0110   0.0105   0.0102   0.0097   0.0091   0.0085   0.0081   0.0075   0.0068   0.0060   0.0050   0.0035   0.0015  -0.0023
  -0.0122
   1.1050   0.0189   0.0188   0.0187   0.0185   0.0183   0.0182   0.0181   0.0180   0.0174   0.0169   0.0164   0.0160   0.0154   0.0144   0.0137   0.0124   0.0120   0.0116   0.0110   0.0104   0.0091   0.0086   0.0084   0.0077   0.0068   0.0052   0.0041   0.0016  -0.0016
  -0.0092
   1.1100   0.0186   0.0185   0.0183   0.0181   0.0179   0.0177   0.0176   0.0173   0.0165   0.0157   0.0154   0.0149   0.0143   0.0133   0.0125   0.0115   0.0109   0.0105   0.0101   0.0095   0.0085   0.0080   0.0078   0.0072   0.0063   0.0049   0.0038   0.0016  -0.0017
  -0.0097
   1.1150   0.0183   0.0182   0.0180   0.0178   0.0175   0.0173   0.0171   0.0167   0.0157   0.0150   0.0144   0.0139   0.0133   0.0124   0.0118   0.0107   0.0104   0.0100   0.0096   0.0090   0.0079   0.0075   0.0073   0.0067   0.0059   0.0046   0.0034   0.0013  -0.0020
  -0.0100
   1.1200   0.0181   0.0179   0.0178   0.0177   0.0175   0.0174   0.0173   0.0172   0.0167   0.0163   0.0159   0.0155   0.0150   0.0141   0.0134   0.0121   0.0118   0.0114   0.0109   0.0101   0.0091   0.0086   0.0082   0.0075   0.0067   0.0053   0.0041   0.0017  -0.0016
  -0.0097
   1.1250   0.0178   0.0176   0.0174   0.0172   0.0170   0.0168   0.0166   0.0162   0.0153   0.0145   0.0141   0.0137   0.0131   0.0122   0.0114   0.0106   0.0100   0.0097   0.0092   0.0087   0.0079   0.0074   0.0072   0.0066   0.0058   0.0046   0.0035   0.0015  -0.0019
  -0.0101
   1.1300   0.0175   0.0174   0.0172   0.0170   0.0168   0.0166   0.0164   0.0161   0.0153   0.0148   0.0142   0.0138   0.0132   0.0123   0.0117   0.0106   0.0103   0.0099   0.0095   0.0090   0.0080   0.0076   0.0073   0.0067   0.0059   0.0047   0.0035   0.0013  -0.0019
  -0.0101
   1.1350   0.0172   0.0171   0.0170   0.0168   0.0167   0.0166   0.0165   0.0164   0.0159   0.0155   0.0151   0.0148   0.0143   0.0134   0.0126   0.0115   0.0111   0.0107   0.0102   0.0096   0.0088   0.0083   0.0079   0.0072   0.0064   0.0052   0.0039   0.0018  -0.0016
  -0.0099
   1.1400   0.0169   0.0168   0.0166   0.0164   0.0161   0.0159   0.0157   0.0153   0.0143   0.0136   0.0132   0.0127   0.0121   0.0113   0.0106   0.0098   0.0093   0.0090   0.0086   0.0081   0.0074   0.0070   0.0067   0.0061   0.0054   0.0044   0.0032   0.0013  -0.0020
  -0.0103
   1.1450   0.0167   0.0166   0.0164   0.0163   0.0161   0.0160   0.0158   0.0156   0.0150   0.0147   0.0141   0.0138   0.0133   0.0124   0.0119   0.0107   0.0105   0.0101   0.0097   0.0090   0.0083   0.0078   0.0073   0.0067   0.0059   0.0049   0.0035   0.0015  -0.0018
  -0.0102
   1.1500   0.0164   0.0163   0.0161   0.0160   0.0158   0.0157   0.0156   0.0155   0.0149   0.0144   0.0141   0.0138   0.0133   0.0125   0.0117   0.0108   0.0103   0.0099   0.0095   0.0089   0.0083   0.0079   0.0074   0.0067   0.0060   0.0050   0.0037   0.0017  -0.0017
  -0.0102
   1.1550   0.0161   0.0160   0.0158   0.0156   0.0154   0.0152   0.0149   0.0146   0.0136   0.0129   0.0125   0.0121   0.0116   0.0108   0.0101   0.0093   0.0088   0.0085   0.0081   0.0077   0.0072   0.0068   0.0064   0.0058   0.0051   0.0043   0.0030   0.0013  -0.0020
  -0.0106
   1.1600   0.0159   0.0158   0.0157   0.0155   0.0154   0.0153   0.0152   0.0151   0.0147   0.0144   0.0139   0.0137   0.0132   0.0125   0.0118   0.0107   0.0104   0.0100   0.0095   0.0090   0.0084   0.0080   0.0073   0.0067   0.0060   0.0051   0.0036   0.0016  -0.0017
  -0.0104
   1.1650   0.0156   0.0155   0.0154   0.0152   0.0150   0.0149   0.0147   0.0145   0.0139   0.0133   0.0130   0.0127   0.0123   0.0115   0.0107   0.0099   0.0094   0.0091   0.0087   0.0081   0.0078   0.0074   0.0068   0.0062   0.0055   0.0047   0.0034   0.0016  -0.0018
  -0.0106
   1.1700   0.0154   0.0153   0.0151   0.0149   0.0147   0.0145   0.0143   0.0140   0.0132   0.0126   0.0122   0.0118   0.0113   0.0106   0.0100   0.0091   0.0088   0.0085   0.0082   0.0076   0.0072   0.0068   0.0063   0.0057   0.0050   0.0043   0.0030   0.0013  -0.0020
  -0.0108
   1.1750   0.0152   0.0151   0.0150   0.0148   0.0147   0.0147   0.0146   0.0146   0.0142   0.0139   0.0136   0.0134   0.0130   0.0123   0.0115   0.0104   0.0101   0.0098   0.0093   0.0088   0.0084   0.0080   0.0072   0.0066   0.0058   0.0051   0.0036   0.0017  -0.0017
  -0.0105
   1.1800   0.0149   0.0148   0.0147   0.0145   0.0143   0.0141   0.0139   0.0137   0.0129   0.0122   0.0120   0.0117   0.0113   0.0106   0.0096   0.0090   0.0085   0.0082   0.0078   0.0074   0.0073   0.0069   0.0062   0.0057   0.0050   0.0044   0.0030   0.0015  -0.0019
  -0.0109
   1.1850   0.0147   0.0146   0.0145   0.0143   0.0141   0.0140   0.0138   0.0136   0.0129   0.0125   0.0120   0.0118   0.0114   0.0107   0.0100   0.0091   0.0088   0.0085   0.0081   0.0077   0.0074   0.0070   0.0063   0.0057   0.0051   0.0045   0.0030   0.0013  -0.0019
  -0.0109
   1.1900   0.0145   0.0144   0.0143   0.0142   0.0141   0.0140   0.0139   0.0139   0.0136   0.0132   0.0129   0.0129   0.0125   0.0118   0.0109   0.0100   0.0096   0.0093   0.0089   0.0083   0.0082   0.0078   0.0068   0.0063   0.0056   0.0050   0.0034   0.0017  -0.0017
  -0.0108
   1.1950   0.0143   0.0141   0.0140   0.0138   0.0136   0.0134   0.0132   0.0130   0.0122   0.0115   0.0111   0.0109   0.0105   0.0099   0.0090   0.0083   0.0080   0.0077   0.0074   0.0069   0.0069   0.0066   0.0057   0.0052   0.0046   0.0043   0.0028   0.0014  -0.0020
  -0.0113
   1.2000   0.0141   0.0140   0.0139   0.0137   0.0136   0.0135   0.0134   0.0133   0.0128   0.0125   0.0120   0.0119   0.0115   0.0108   0.0102   0.0092   0.0090   0.0087   0.0083   0.0078   0.0073   0.0069   0.0063   0.0058   0.0051   0.0043   0.0030   0.0013  -0.0016
  -0.0092
   1.2050   0.0138   0.0137   0.0137   0.0135   0.0134   0.0133   0.0132   0.0132   0.0128   0.0123   0.0121   0.0118   0.0114   0.0107   0.0100   0.0093   0.0088   0.0085   0.0081   0.0077   0.0069   0.0065   0.0064   0.0058   0.0052   0.0040   0.0032   0.0014  -0.0012
  -0.0071
   1.2100   0.0136   0.0135   0.0134   0.0132   0.0130   0.0129   0.0127   0.0124   0.0115   0.0109   0.0105   0.0102   0.0097   0.0090   0.0085   0.0079   0.0075   0.0073   0.0070   0.0066   0.0058   0.0055   0.0054   0.0050   0.0044   0.0034   0.0026   0.0010  -0.0015
  -0.0076
   1.2150   0.0135   0.0134   0.0133   0.0132   0.0131   0.0130   0.0130   0.0129   0.0126   0.0123   0.0119   0.0117   0.0114   0.0107   0.0102   0.0092   0.0090   0.0087   0.0083   0.0078   0.0070   0.0066   0.0063   0.0058   0.0052   0.0041   0.0031   0.0013  -0.0013
  -0.0075
   1.2200   0.0133   0.0132   0.0130   0.0129   0.0128   0.0127   0.0125   0.0124   0.0119   0.0113   0.0111   0.0108   0.0104   0.0098   0.0092   0.0085   0.0081   0.0078   0.0075   0.0070   0.0064   0.0060   0.0059   0.0054   0.0047   0.0038   0.0029   0.0013  -0.0013
  -0.0074
   1.2250   0.0131   0.0130   0.0128   0.0127   0.0125   0.0124   0.0122   0.0119   0.0112   0.0107   0.0103   0.0100   0.0095   0.0089   0.0085   0.0077   0.0075   0.0072   0.0069   0.0065   0.0058   0.0055   0.0054   0.0049   0.0043   0.0034   0.0025   0.0010  -0.0015
  -0.0078
   1.2300   0.0129   0.0128   0.0127   0.0126   0.0125   0.0125   0.0124   0.0124   0.0122   0.0120   0.0117   0.0115   0.0111   0.0105   0.0099   0.0091   0.0087   0.0084   0.0081   0.0076   0.0070   0.0066   0.0063   0.0057   0.0051   0.0042   0.0031   0.0014  -0.0012
  -0.0076
   1.2350   0.0127   0.0126   0.0125   0.0123   0.0121   0.0120   0.0118   0.0116   0.0110   0.0104   0.0102   0.0099   0.0095   0.0089   0.0083   0.0077   0.0073   0.0070   0.0067   0.0064   0.0059   0.0056   0.0054   0.0049   0.0043   0.0035   0.0027   0.0012  -0.0014
  -0.0077
   1.2400   0.0125   0.0124   0.0123   0.0122   0.0120   0.0119   0.0118   0.0116   0.0110   0.0107   0.0103   0.0100   0.0096   0.0090   0.0086   0.0078   0.0076   0.0074   0.0070   0.0066   0.0060   0.0057   0.0054   0.0050   0.0044   0.0036   0.0026   0.0010  -0.0015
  -0.0079
   1.2450   0.0123   0.0122   0.0122   0.0121   0.0120   0.0119   0.0119   0.0119   0.0116   0.0114   0.0112   0.0110   0.0107   0.0101   0.0095   0.0087   0.0084   0.0081   0.0078   0.0073   0.0068   0.0064   0.0060   0.0055   0.0049   0.0041   0.0030   0.0014  -0.0012
  -0.0077
   1.2500   0.0121   0.0120   0.0119   0.0118   0.0116   0.0114   0.0112   0.0110   0.0103   0.0097   0.0094   0.0091   0.0088   0.0082   0.0076   0.0071   0.0068   0.0065   0.0063   0.0059   0.0055   0.0052   0.0049   0.0045   0.0040   0.0033   0.0024   0.0010  -0.0015
  -0.0080
   1.2550   0.0120   0.0119   0.0118   0.0117   0.0116   0.0115   0.0114   0.0113   0.0109   0.0107   0.0103   0.0101   0.0098   0.0092   0.0087   0.0079   0.0077   0.0074   0.0071   0.0068   0.0063   0.0060   0.0055   0.0051   0.0045   0.0038   0.0027   0.0012  -0.0014
  -0.0080
   1.2600   0.0118   0.0117   0.0116   0.0115   0.0114   0.0114   0.0113   0.0112   0.0109   0.0106   0.0104   0.0102   0.0099   0.0094   0.0087   0.0081   0.0077   0.0074   0.0071   0.0067   0.0064   0.0061   0.0056   0.0051   0.0046   0.0039   0.0029   0.0014  -0.0013
  -0.0078
   1.2650   0.0116   0.0115   0.0114   0.0112   0.0111   0.0109   0.0107   0.0105   0.0098   0.0093   0.0090   0.0087   0.0083   0.0078   0.0073   0.0067   0.0065   0.0063   0.0060   0.0057   0.0053   0.0051   0.0047   0.0043   0.0038   0.0032   0.0023   0.0010  -0.0016
  -0.0082
   1.2700   0.0115   0.0114   0.0113   0.0112   0.0112   0.0111   0.0111   0.0110   0.0108   0.0106   0.0103   0.0102   0.0099   0.0094   0.0089   0.0080   0.0079   0.0076   0.0073   0.0068   0.0065   0.0062   0.0056   0.0051   0.0046   0.0040   0.0028   0.0013  -0.0013
  -0.0080
   1.2750   0.0113   0.0112   0.0111   0.0110   0.0109   0.0108   0.0107   0.0106   0.0102   0.0097   0.0096   0.0094   0.0091   0.0086   0.0079   0.0074   0.0070   0.0068   0.0065   0.0061   0.0059   0.0056   0.0051   0.0047   0.0042   0.0036   0.0026   0.0013  -0.0014
  -0.0080
   1.2800   0.0111   0.0110   0.0109   0.0108   0.0107   0.0105   0.0104   0.0101   0.0095   0.0091   0.0088   0.0086   0.0083   0.0077   0.0072   0.0066   0.0064   0.0062   0.0059   0.0056   0.0054   0.0051   0.0046   0.0042   0.0038   0.0033   0.0022   0.0010  -0.0016
  -0.0084
   1.2850   0.0110   0.0109   0.0109   0.0108   0.0107   0.0107   0.0107   0.0107   0.0106   0.0104   0.0101   0.0101   0.0098   0.0093   0.0087   0.0079   0.0077   0.0074   0.0071   0.0067   0.0065   0.0062   0.0055   0.0050   0.0045   0.0040   0.0028   0.0014  -0.0013
  -0.0081
   1.2900   0.0108   0.0107   0.0106   0.0105   0.0104   0.0103   0.0101   0.0099   0.0095   0.0089   0.0087   0.0086   0.0083   0.0078   0.0071   0.0067   0.0063   0.0061   0.0059   0.0055   0.0055   0.0052   0.0046   0.0043   0.0038   0.0034   0.0023   0.0012  -0.0015
  -0.0083
   1.2950   0.0107   0.0106   0.0105   0.0104   0.0103   0.0102   0.0101   0.0099   0.0095   0.0092   0.0088   0.0087   0.0084   0.0080   0.0074   0.0067   0.0066   0.0064   0.0061   0.0057   0.0056   0.0054   0.0047   0.0043   0.0038   0.0035   0.0022   0.0010  -0.0015
  -0.0086
   1.3000   0.0105   0.0105   0.0104   0.0104   0.0103   0.0103   0.0102   0.0103   0.0101   0.0099   0.0097   0.0096   0.0094   0.0089   0.0083   0.0076   0.0073   0.0071   0.0068   0.0064   0.0061   0.0058   0.0053   0.0048   0.0043   0.0037   0.0027   0.0013  -0.0011
  -0.0069

