   0.0000   2.2562   2.7042   3.0622   3.2184   3.4572   3.3651   3.3288   3.1687   2.6670   2.0767   2.0262   1.8192   1.5646   1.2363   0.9143   0.7822   0.6453   0.5930   0.5376   0.4791   0.4676   0.4311   0.3911   0.3505   0.3049   0.2744   0.2510   0.2145   0.1176
   0.0592
   0.0050   9.0123  10.0589  10.9515  11.7137  12.0910  12.1713  11.9858  11.2562   9.1652   7.9788   6.7735   6.0419   5.1578   4.0478   3.3876   2.5505   2.3813   2.1867   1.9813   1.7642   1.5240   1.4033   1.2785   1.1486   1.0133   0.8685   0.7146   0.5532   0.3898
   0.2034
   0.0100  10.2924  10.7008  11.0363  11.3103  11.5044  11.5380  11.4780  11.0691   9.3446   8.0769   6.8886   6.1065   5.1639   3.9978   3.2817   2.4712   2.2783   2.0874   1.8868   1.6762   1.4595   1.3425   1.2211   1.0953   0.9641   0.8292   0.6886   0.5383   0.3702
   0.1936
   0.0150  10.9184  11.0272  11.0941  11.1188  11.0635  10.9937  10.8322  10.4526   9.1802   8.1757   7.0317   6.2607   5.2956   4.0735   3.3426   2.4752   2.2910   2.0933   1.8867   1.6707   1.4405   1.3225   1.2009   1.0753   0.9453   0.8091   0.6661   0.5160   0.3596
   0.1878
   0.0200  10.9337  10.8955  10.8231  10.7002  10.5272  10.3836  10.1582   9.7563   8.7213   7.9347   6.9940   6.3042   5.3882   4.1610   3.3991   2.5003   2.3046   2.0997   1.8864   1.6645   1.4314   1.3113   1.1882   1.0614   0.9305   0.7947   0.6535   0.5057   0.3498
   0.1818
   0.0250  10.3058  10.1375   9.9585   9.7391   9.5113   9.3333   9.0845   8.6786   7.7888   7.1710   6.4602   5.9067   5.1280   4.0090   3.2729   2.3978   2.2006   1.9990   1.7894   1.5720   1.3480   1.2315   1.1120   0.9899   0.8645   0.7363   0.6042   0.4664   0.3196
   0.1655
   0.0300   9.7616   9.5658   9.3639   9.1302   8.8710   8.6889   8.4256   8.0122   7.1764   6.6676   6.0626   5.6080   4.9489   3.9421   3.2505   2.3753   2.1837   1.9796   1.7670   1.5466   1.3153   1.1979   1.0783   0.9564   0.8321   0.7042   0.5729   0.4381   0.3007
   0.1545
   0.0350   9.1027   8.8993   8.6907   8.4473   8.1964   8.0140   7.7643   7.3785   6.6129   6.1514   5.6497   5.2686   4.7123   3.8253   3.1765   2.3338   2.1395   1.9364   1.7241   1.5034   1.2746   1.1572   1.0379   0.9166   0.7933   0.6684   0.5416   0.4123   0.2790
   0.1419
   0.0400   8.3314   8.1060   7.8834   7.6331   7.3838   7.2057   6.9645   6.5970   5.8916   5.4860   5.0632   4.7519   4.3011   3.5654   2.9984   2.2213   2.0363   1.8410   1.6350   1.4195   1.1957   1.0806   0.9636   0.8454   0.7261   0.6062   0.4857   0.3648   0.2430
   0.1215
   0.0450   7.7562   7.5584   7.3612   7.1408   6.9087   6.7497   6.5283   6.1934   5.5521   5.1920   4.7957   4.5134   4.1086   3.4474   2.9315   2.1869   2.0094   1.8167   1.6118   1.3959   1.1680   1.0520   0.9345   0.8156   0.6960   0.5756   0.4557   0.3372   0.2223
   0.1088
   0.0500   7.1205   6.9309   6.7421   6.5278   6.3157   6.1632   5.9598   5.6526   5.0651   4.7273   4.3880   4.1423   3.7951   3.2294   2.7724   2.0966   1.9252   1.7412   1.5432   1.3324   1.1106   0.9958   0.8791   0.7614   0.6431   0.5259   0.4106   0.2984   0.1900
   0.0896
   0.0550   6.5235   6.3391   6.1593   5.9608   5.7622   5.6242   5.4370   5.1558   4.6261   4.3302   4.0229   3.8072   3.5043   3.0134   2.6149   1.9993   1.8410   1.6668   1.4770   1.2724   1.0539   0.9407   0.8252   0.7087   0.5920   0.4765   0.3639   0.2565   0.1574
   0.0700
   0.0600   6.0695   5.9133   5.7575   5.5826   5.4004   5.2745   5.1010   4.8394   4.3428   4.0675   3.7772   3.5767   3.2997   2.8581   2.5022   1.9362   1.7882   1.6222   1.4389   1.2387   1.0211   0.9080   0.7925   0.6752   0.5576   0.4413   0.3288   0.2235   0.1301
   0.0525
   0.0650   5.5540   5.4020   5.2522   5.0837   4.9195   4.8016   4.6453   4.4103   3.9642   3.7090   3.4583   3.2806   3.0365   2.6503   2.3347   1.8322   1.6939   1.5400   1.3678   1.1767   0.9681   0.8572   0.7431   0.6270   0.5103   0.3957   0.2858   0.1846   0.0965
   0.0315
   0.0700   5.1267   4.9867   4.8499   4.6994   4.5458   4.4406   4.2961   4.0791   3.6712   3.4464   3.2095   3.0479   2.8264   2.4795   2.2010   1.7443   1.6197   1.4766   1.3143   1.1317   0.9275   0.8186   0.7057   0.5902   0.4737   0.3586   0.2484   0.1486   0.0668
   0.0122
   0.0750   4.7731   4.6539   4.5346   4.3997   4.2612   4.1641   4.0315   3.8316   3.4505   3.2370   3.0170   2.8648   2.6587   2.3402   2.0868   1.6717   1.5562   1.4230   1.2702   1.0958   0.8975   0.7905   0.6790   0.5635   0.4462   0.3299   0.2190   0.1195   0.0403
  -0.0060
   0.0800   4.3714   4.2527   4.1365   4.0068   3.8808   3.7908   3.6713   3.4917   3.1513   2.9570   2.7651   2.6304   2.4470   2.1644   1.9377   1.5695   1.4640   1.3428   1.2021   1.0391   0.8520   0.7487   0.6396   0.5261   0.4099   0.2945   0.1842   0.0861   0.0101
  -0.0262
   0.0850   4.0718   3.9676   3.8651   3.7519   3.6340   3.5539   3.4425   3.2747   2.9578   2.7840   2.5977   2.4716   2.3006   2.0390   1.8347   1.4956   1.4009   1.2890   1.1578   1.0041   0.8231   0.7229   0.6162   0.5039   0.3879   0.2710   0.1588   0.0594  -0.0139
  -0.0435
   0.0900   3.7877   3.6957   3.6037   3.4992   3.3938   3.3187   3.2174   3.0642   2.7707   2.6037   2.4353   2.3173   2.1584   1.9169   1.7280   1.4208   1.3327   1.2299   1.1085   0.9647   0.7935   0.6970   0.5932   0.4827   0.3671   0.2499   0.1368   0.0365  -0.0370
  -0.0607
   0.0950   3.4827   3.3906   3.3008   3.2014   3.1039   3.0351   2.9429   2.8040   2.5409   2.3917   2.2411   2.1366   1.9941   1.7771   1.6069   1.3311   1.2515   1.1584   1.0476   0.9148   0.7551   0.6633   0.5632   0.4557   0.3422   0.2259   0.1123   0.0113  -0.0612
  -0.0783
   0.1000   3.2701   3.1925   3.1154   3.0296   2.9390   2.8772   2.7908   2.6601   2.4112   2.2743   2.1266   2.0262   1.8907   1.6855   1.5287   1.2709   1.1988   1.1124   1.0093   0.8850   0.7322   0.6443   0.5479   0.4428   0.3304   0.2132   0.0977  -0.0058  -0.0788
  -0.0928
   0.1050   3.0346   2.9621   2.8899   2.8078   2.7268   2.6682   2.5901   2.4719   2.2443   2.1129   1.9829   1.8907   1.7662   1.5777   1.4318   1.1988   1.1313   1.0524   0.9578   0.8430   0.7014   0.6183   0.5260   0.4244   0.3141   0.1982   0.0824  -0.0224  -0.0974
  -0.1080
   0.1100   2.8097   2.7386   2.6693   2.5931   2.5168   2.4638   2.3917   2.2828   2.0763   1.9602   1.8394   1.7567   1.6435   1.4716   1.3392   1.1260   1.0654   0.9934   0.9068   0.8011   0.6693   0.5911   0.5031   0.4055   0.2983   0.1839   0.0676  -0.0390  -0.1147
  -0.1222
   0.1150   2.6517   2.5933   2.5345   2.4683   2.3982   2.3498   2.2823   2.1798   1.9826   1.8729   1.7555   1.6747   1.5659   1.4015   1.2774   1.0764   1.0203   0.9532   0.8724   0.7736   0.6485   0.5744   0.4910   0.3966   0.2918   0.1779   0.0607  -0.0484  -0.1265
  -0.1338
   0.1200   2.4542   2.3961   2.3384   2.2731   2.2100   2.1639   2.1031   2.0108   1.8330   1.7292   1.6275   1.5550   1.4565   1.3071   1.1915   1.0101   0.9576   0.8963   0.8225   0.7317   0.6174   0.5482   0.4691   0.3793   0.2781   0.1670   0.0507  -0.0595  -0.1405
  -0.1463
   0.1250   2.2934   2.2391   2.1858   2.1273   2.0670   2.0258   1.9687   1.8821   1.7173   1.6258   1.5271   1.4604   1.3688   1.2298   1.1240   0.9544   0.9072   0.8505   0.7823   0.6982   0.5912   0.5264   0.4517   0.3662   0.2687   0.1598   0.0435  -0.0684  -0.1512
  -0.1570
   0.1300   2.1670   2.1222   2.0764   2.0241   1.9695   1.9310   1.8779   1.7970   1.6399   1.5510   1.4579   1.3923   1.3045   1.1715   1.0712   0.9115   0.8669   0.8138   0.7500   0.6715   0.5706   0.5096   0.4395   0.3578   0.2636   0.1567   0.0412  -0.0723  -0.1585
  -0.1660
   0.1350   2.0034   1.9566   1.9101   1.8580   1.8079   1.7715   1.7235   1.6506   1.5102   1.4281   1.3469   1.2897   1.2109   1.0909   0.9978   0.8532   0.8117   0.7633   0.7050   0.6328   0.5412   0.4845   0.4183   0.3414   0.2516   0.1487   0.0350  -0.0791  -0.1680
  -0.1757
   0.1400   1.8906   1.8504   1.8095   1.7644   1.7163   1.6840   1.6382   1.5686   1.4352   1.3617   1.2803   1.2254   1.1504   1.0362   0.9501   0.8121   0.7744   0.7290   0.6744   0.6070   0.5201   0.4670   0.4050   0.3320   0.2461   0.1458   0.0332  -0.0819  -0.1730
  -0.1830
   0.1450   1.7803   1.7467   1.7101   1.6678   1.6249   1.5939   1.5519   1.4877   1.3622   1.2896   1.2160   1.1628   1.0917   0.9837   0.9016   0.7729   0.7367   0.6943   0.6432   0.5803   0.4991   0.4493   0.3914   0.3224   0.2402   0.1433   0.0328  -0.0825  -0.1771
  -0.1898
   0.1500   1.6480   1.6139   1.5764   1.5348   1.4945   1.4657   1.4272   1.3687   1.2565   1.1912   1.1248   1.0792   1.0154   0.9178   0.8419   0.7242   0.6910   0.6520   0.6051   0.5471   0.4732   0.4270   0.3722   0.3075   0.2299   0.1374   0.0294  -0.0858  -0.1826
  -0.1968
   0.1550   1.5672   1.5423   1.5107   1.4755   1.4372   1.4113   1.3744   1.3180   1.2089   1.1488   1.0816   1.0357   0.9735   0.8789   0.8078   0.6939   0.6632   0.6262   0.5818   0.5272   0.4560   0.4125   0.3616   0.3004   0.2264   0.1367   0.0309  -0.0844  -0.1834
  -0.2013
   0.1600   1.4665   1.4450   1.4149   1.3800   1.3459   1.3207   1.2873   1.2361   1.1357   1.0763   1.0180   0.9751   0.9174   0.8294   0.7618   0.6570   0.6273   0.5929   0.5515   0.5006   0.4350   0.3944   0.3467   0.2891   0.2191   0.1334   0.0309  -0.0834  -0.1853
  -0.2063
   0.1650   1.3660   1.3451   1.3152   1.2822   1.2493   1.2264   1.1952   1.1477   1.0564   1.0042   0.9485   0.9118   0.8594   0.7789   0.7162   0.6186   0.5916   0.5597   0.5214   0.4740   0.4139   0.3760   0.3305   0.2766   0.2106   0.1293   0.0296  -0.0838  -0.1872
  -0.2107
   0.1700   1.3058   1.2931   1.2686   1.2406   1.2099   1.1889   1.1590   1.1131   1.0234   0.9735   0.9187   0.8796   0.8278   0.7488   0.6898   0.5950   0.5695   0.5389   0.5023   0.4576   0.3988   0.3630   0.3214   0.2703   0.2076   0.1290   0.0324  -0.0798  -0.1850
  -0.2131
   0.1750   1.2146   1.2017   1.1766   1.1476   1.1201   1.0995   1.0726   1.0316   0.9509   0.9025   0.8557   0.8214   0.7746   0.7026   0.6467   0.5605   0.5359   0.5077   0.4738   0.4321   0.3788   0.3455   0.3059   0.2581   0.1991   0.1250   0.0321  -0.0783  -0.1855
  -0.2166
   0.1800   1.1435   1.1325   1.1090   1.0831   1.0561   1.0378   1.0121   0.9730   0.8977   0.8553   0.8075   0.7776   0.7338   0.6665   0.6141   0.5319   0.5097   0.4831   0.4513   0.4122   0.3626   0.3313   0.2933   0.2484   0.1927   0.1224   0.0324  -0.0766  -0.1844
  -0.2187
   0.1850   1.0933   1.0882   1.0688   1.0458   1.0213   1.0039   0.9796   0.9422   0.8683   0.8266   0.7833   0.7487   0.7055   0.6395   0.5906   0.5116   0.4900   0.4645   0.4341   0.3972   0.3479   0.3184   0.2845   0.2419   0.1890   0.1213   0.0352  -0.0712  -0.1804
  -0.2196
   0.1900   1.0134   1.0060   0.9850   0.9609   0.9383   0.9216   0.8997   0.8664   0.8013   0.7618   0.7227   0.6965   0.6582   0.5991   0.5524   0.4806   0.4603   0.4368   0.4088   0.3739   0.3307   0.3031   0.2696   0.2298   0.1802   0.1171   0.0343  -0.0700  -0.1801
  -0.2217
   0.1950   0.9661   0.9618   0.9439   0.9236   0.9014   0.8867   0.8655   0.8330   0.7703   0.7351   0.6920   0.6693   0.6325   0.5756   0.5302   0.4602   0.4417   0.4192   0.3925   0.3597   0.3194   0.2931   0.2603   0.2227   0.1758   0.1158   0.0358  -0.0668  -0.1770
  -0.2220
   0.2000   0.9185   0.9165   0.9009   0.8811   0.8606   0.8455   0.8249   0.7930   0.7290   0.6972   0.6915   0.6247   0.5870   0.5298   0.5032   0.4384   0.4188   0.3975   0.3722   0.3450   0.2873   0.2641   0.2515   0.2158   0.1711   0.1089   0.0376  -0.0557  -0.1648
  -0.2198
   0.2050   0.8500   0.8440   0.8269   0.8059   0.7857   0.7711   0.7515   0.7215   0.6626   0.6396   0.6458   0.5675   0.5329   0.4800   0.4746   0.4168   0.3972   0.3775   0.3540   0.3253   0.2586   0.2380   0.2392   0.2055   0.1634   0.1008   0.0362  -0.0494  -0.1566
  -0.2182
   0.2100   0.8167   0.8143   0.8016   0.7847   0.7656   0.7529   0.7344   0.7060   0.6505   0.6339   0.6023   0.5604   0.5276   0.4773   0.4613   0.4059   0.3857   0.3665   0.3437   0.3151   0.2617   0.2410   0.2335   0.2011   0.1606   0.1027   0.0379  -0.0488  -0.1557
  -0.2174
   0.2150   0.7678   0.7652   0.7538   0.7369   0.7207   0.7083   0.6922   0.6676   0.6189   0.6058   0.5721   0.5392   0.5099   0.4647   0.4359   0.3869   0.3651   0.3472   0.3258   0.3000   0.2608   0.2405   0.2243   0.1935   0.1549   0.1027   0.0383  -0.0489  -0.1565
  -0.2179
   0.2200   0.7172   0.7126   0.7015   0.6857   0.6701   0.6593   0.6446   0.6224   0.5802   0.5599   0.5375   0.5125   0.4872   0.4473   0.4117   0.3663   0.3459   0.3291   0.3091   0.2844   0.2572   0.2373   0.2136   0.1846   0.1483   0.1012   0.0374  -0.0499  -0.1571
  -0.2182
   0.2250   0.6963   0.6958   0.6892   0.6769   0.6627   0.6532   0.6393   0.6181   0.5765   0.5426   0.5240   0.5088   0.4838   0.4448   0.4008   0.3558   0.3361   0.3198   0.3003   0.2764   0.2578   0.2380   0.2081   0.1804   0.1458   0.1025   0.0394  -0.0480  -0.1548
  -0.2170
   0.2300   0.6516   0.6492   0.6425   0.6294   0.6175   0.6082   0.5965   0.5788   0.5438   0.5094   0.4903   0.4866   0.4652   0.4312   0.3763   0.3347   0.3168   0.3016   0.2835   0.2613   0.2563   0.2369   0.1974   0.1715   0.1389   0.1019   0.0390  -0.0491  -0.1567
  -0.2180
   0.2350   0.6208   0.6182   0.6131   0.6021   0.5905   0.5828   0.5720   0.5556   0.5246   0.4924   0.4660   0.4744   0.4553   0.4246   0.3592   0.3175   0.3027   0.2883   0.2711   0.2501   0.2576   0.2383   0.1883   0.1641   0.1335   0.1022   0.0389  -0.0505  -0.1579
  -0.2183
   0.2400   0.6053   0.6054   0.6029   0.5931   0.5818   0.5735   0.5619   0.5434   0.5061   0.4773   0.4544   0.4440   0.4214   0.3864   0.3494   0.3083   0.2940   0.2800   0.2633   0.2427   0.2239   0.2072   0.1826   0.1596   0.1306   0.0931   0.0403  -0.0370  -0.1384
  -0.2100
   0.2450   0.5616   0.5577   0.5526   0.5401   0.5284   0.5193   0.5074   0.4888   0.4511   0.4320   0.4213   0.3885   0.3658   0.3310   0.3259   0.2888   0.2755   0.2626   0.2472   0.2286   0.1838   0.1702   0.1732   0.1516   0.1243   0.0807   0.0390  -0.0256  -0.1208
  -0.2028
   0.2500   0.5405   0.5378   0.5343   0.5243   0.5125   0.5047   0.4933   0.4756   0.4407   0.4262   0.4075   0.3829   0.3616   0.3288   0.3161   0.2801   0.2670   0.2545   0.2396   0.2211   0.1865   0.1729   0.1685   0.1476   0.1214   0.0820   0.0391  -0.0262  -0.1213
  -0.2027
   0.2550   0.5186   0.5172   0.5152   0.5058   0.4959   0.4883   0.4781   0.4624   0.4305   0.4165   0.3937   0.3767   0.3569   0.3261   0.3042   0.2712   0.2569   0.2449   0.2306   0.2132   0.1887   0.1751   0.1635   0.1435   0.1182   0.0833   0.0395  -0.0261  -0.1221
  -0.2031
   0.2600   0.4805   0.4763   0.4727   0.4627   0.4531   0.4460   0.4369   0.4230   0.3961   0.3794   0.3645   0.3517   0.3349   0.3083   0.2847   0.2550   0.2415   0.2305   0.2172   0.2010   0.1825   0.1696   0.1549   0.1360   0.1123   0.0810   0.0378  -0.0264  -0.1219
  -0.2032
   0.2650   0.4697   0.4683   0.4673   0.4603   0.4510   0.4450   0.4361   0.4223   0.3954   0.3719   0.3585   0.3510   0.3343   0.3081   0.2789   0.2487   0.2360   0.2251   0.2121   0.1962   0.1839   0.1710   0.1511   0.1330   0.1103   0.0821   0.0385  -0.0256  -0.1204
  -0.2020
   0.2700   0.4459   0.4444   0.4436   0.4362   0.4287   0.4227   0.4152   0.4034   0.3798   0.3549   0.3407   0.3403   0.3254   0.3018   0.2653   0.2371   0.2250   0.2147   0.2024   0.1874   0.1840   0.1713   0.1446   0.1275   0.1059   0.0824   0.0382  -0.0258  -0.1217
  -0.2029
   0.2750   0.4190   0.4158   0.4142   0.4072   0.3997   0.3946   0.3877   0.3771   0.3572   0.3351   0.3185   0.3244   0.3118   0.2912   0.2503   0.2231   0.2130   0.2034   0.1919   0.1779   0.1818   0.1694   0.1369   0.1209   0.1007   0.0816   0.0369  -0.0269  -0.1228
  -0.2037
   0.2800   0.4144   0.4140   0.4147   0.4095   0.4020   0.3968   0.3891   0.3769   0.3522   0.3324   0.3161   0.3110   0.2957   0.2720   0.2468   0.2189   0.2094   0.1998   0.1885   0.1744   0.1619   0.1507   0.1338   0.1184   0.0990   0.0743   0.0377  -0.0183  -0.1049
  -0.1912
   0.2850   0.3868   0.3842   0.3830   0.3758   0.3686   0.3625   0.3550   0.3430   0.3183   0.3033   0.2950   0.2767   0.2613   0.2377   0.2315   0.2066   0.1972   0.1884   0.1778   0.1650   0.1354   0.1259   0.1275   0.1129   0.0945   0.0640   0.0365  -0.0106  -0.0877
  -0.1794
   0.2900   0.3679   0.3647   0.3633   0.3573   0.3497   0.3446   0.3373   0.3260   0.3039   0.2932   0.2812   0.2671   0.2533   0.2318   0.2222   0.1984   0.1895   0.1811   0.1710   0.1586   0.1352   0.1259   0.1230   0.1090   0.0914   0.0641   0.0355  -0.0114  -0.0886
  -0.1799
   0.2950   0.3606   0.3599   0.3603   0.3559   0.3493   0.3445   0.3377   0.3271   0.3056   0.2947   0.2784   0.2691   0.2555   0.2344   0.2180   0.1950   0.1854   0.1771   0.1672   0.1551   0.1387   0.1293   0.1208   0.1071   0.0900   0.0662   0.0361  -0.0112  -0.0893
  -0.1804
   0.3000   0.3327   0.3296   0.3281   0.3224   0.3165   0.3116   0.3058   0.2969   0.2792   0.2663   0.2565   0.2495   0.2381   0.2200   0.2032   0.1831   0.1738   0.1662   0.1571   0.1459   0.1331   0.1242   0.1143   0.1015   0.0853   0.0639   0.0343  -0.0111  -0.0887
  -0.1801
   0.3050   0.3236   0.3217   0.3213   0.3177   0.3114   0.3076   0.3017   0.2926   0.2752   0.2595   0.2504   0.2464   0.2354   0.2179   0.1983   0.1778   0.1693   0.1619   0.1530   0.1421   0.1333   0.1245   0.1111   0.0987   0.0833   0.0643   0.0340  -0.0111  -0.0879
  -0.1792
   0.3100   0.3143   0.3138   0.3143   0.3111   0.3063   0.3023   0.2972   0.2892   0.2728   0.2552   0.2444   0.2448   0.2343   0.2176   0.1925   0.1725   0.1643   0.1570   0.1484   0.1378   0.1350   0.1262   0.1078   0.0959   0.0810   0.0655   0.0341  -0.0108  -0.0887
  -0.1800
   0.3150   0.2910   0.2881   0.2870   0.2832   0.2785   0.2748   0.2704   0.2636   0.2505   0.2352   0.2247   0.2288   0.2203   0.2063   0.1794   0.1612   0.1539   0.1473   0.1394   0.1297   0.1315   0.1231   0.1014   0.0903   0.0764   0.0641   0.0323  -0.0115  -0.0895
  -0.1807
   0.3200   0.2894   0.2886   0.2890   0.2870   0.2818   0.2785   0.2734   0.2651   0.2488   0.2356   0.2242   0.2213   0.2111   0.1949   0.1779   0.1586   0.1521   0.1455   0.1375   0.1278   0.1187   0.1110   0.0993   0.0886   0.0752   0.0583   0.0325  -0.0071  -0.0755
  -0.1673
   0.3250   0.2750   0.2738   0.2735   0.2704   0.2658   0.2617   0.2567   0.2487   0.2317   0.2204   0.2138   0.2027   0.1920   0.1754   0.1695   0.1520   0.1452   0.1390   0.1315   0.1224   0.1022   0.0953   0.0958   0.0855   0.0726   0.0509   0.0319  -0.0026  -0.0615
  -0.1541
   0.3300   0.2565   0.2535   0.2520   0.2488   0.2438   0.2403   0.2356   0.2284   0.2142   0.2065   0.1990   0.1904   0.1814   0.1670   0.1599   0.1440   0.1376   0.1318   0.1248   0.1162   0.1000   0.0934   0.0914   0.0816   0.0694   0.0500   0.0304  -0.0033  -0.0624
  -0.1547
   0.3350   0.2561   0.2556   0.2559   0.2545   0.2500   0.2469   0.2423   0.2350   0.2203   0.2127   0.2009   0.1953   0.1859   0.1712   0.1595   0.1430   0.1365   0.1306   0.1236   0.1150   0.1035   0.0968   0.0905   0.0809   0.0688   0.0521   0.0308  -0.0031  -0.0630
  -0.1555
   0.3400   0.2381   0.2362   0.2353   0.2328   0.2291   0.2257   0.2219   0.2159   0.2037   0.1939   0.1869   0.1827   0.1747   0.1619   0.1495   0.1354   0.1287   0.1233   0.1168   0.1088   0.0997   0.0934   0.0862   0.0770   0.0656   0.0506   0.0296  -0.0029  -0.0622
  -0.1548
   0.3450   0.2273   0.2251   0.2241   0.2224   0.2183   0.2157   0.2118   0.2059   0.1946   0.1841   0.1783   0.1760   0.1688   0.1570   0.1438   0.1297   0.1239   0.1187   0.1125   0.1048   0.0983   0.0921   0.0829   0.0742   0.0633   0.0501   0.0287  -0.0032  -0.0620
  -0.1542
   0.3500   0.2268   0.2268   0.2272   0.2268   0.2234   0.2209   0.2173   0.2116   0.2000   0.1878   0.1794   0.1799   0.1723   0.1603   0.1428   0.1282   0.1225   0.1173   0.1111   0.1034   0.1010   0.0948   0.0816   0.0731   0.0625   0.0517   0.0290  -0.0028  -0.0625
  -0.1549
   0.3550   0.2086   0.2065   0.2054   0.2037   0.2008   0.1982   0.1953   0.1908   0.1819   0.1707   0.1639   0.1667   0.1608   0.1509   0.1323   0.1197   0.1144   0.1097   0.1040   0.0971   0.0977   0.0918   0.0768   0.0688   0.0588   0.0504   0.0274  -0.0032  -0.0629
  -0.1554
   0.3600   0.2054   0.2042   0.2037   0.2033   0.1997   0.1975   0.1940   0.1885   0.1777   0.1690   0.1615   0.1597   0.1528   0.1418   0.1303   0.1169   0.1123   0.1077   0.1021   0.0951   0.0884   0.0829   0.0748   0.0671   0.0575   0.0455   0.0270  -0.0013  -0.0530
  -0.1427
   0.3650   0.2010   0.2007   0.2006   0.1999   0.1970   0.1943   0.1908   0.1852   0.1731   0.1648   0.1593   0.1521   0.1443   0.1323   0.1273   0.1144   0.1095   0.1049   0.0995   0.0928   0.0786   0.0735   0.0732   0.0657   0.0564   0.0406   0.0270   0.0013  -0.0426
  -0.1297
   0.3700   0.1838   0.1813   0.1797   0.1779   0.1750   0.1724   0.1694   0.1647   0.1553   0.1495   0.1449   0.1394   0.1332   0.1234   0.1181   0.1071   0.1024   0.0983   0.0933   0.0871   0.0756   0.0708   0.0693   0.0622   0.0534   0.0393   0.0255   0.0007  -0.0433
  -0.1302
   0.3750   0.1846   0.1839   0.1836   0.1835   0.1805   0.1785   0.1753   0.1703   0.1603   0.1553   0.1469   0.1433   0.1368   0.1266   0.1184   0.1066   0.1021   0.0979   0.0928   0.0866   0.0783   0.0734   0.0687   0.0617   0.0530   0.0409   0.0256   0.0008  -0.0439
  -0.1312
   0.3800   0.1757   0.1749   0.1744   0.1736   0.1715   0.1692   0.1666   0.1623   0.1534   0.1459   0.1405   0.1378   0.1319   0.1225   0.1131   0.1026   0.0978   0.0938   0.0890   0.0831   0.0765   0.0718   0.0663   0.0596   0.0512   0.0403   0.0251   0.0011  -0.0431
  -0.1303
   0.3850   0.1631   0.1610   0.1596   0.1585   0.1561   0.1542   0.1517   0.1478   0.1405   0.1332   0.1298   0.1284   0.1235   0.1156   0.1064   0.0967   0.0924   0.0888   0.0843   0.0788   0.0739   0.0695   0.0630   0.0567   0.0488   0.0392   0.0237   0.0006  -0.0431
  -0.1299
   0.3900   0.1663   0.1664   0.1666   0.1669   0.1648   0.1633   0.1607   0.1566   0.1483   0.1401   0.1336   0.1340   0.1286   0.1199   0.1076   0.0968   0.0928   0.0890   0.0845   0.0788   0.0768   0.0722   0.0627   0.0564   0.0486   0.0408   0.0241   0.0010  -0.0435
  -0.1306
   0.3950   0.1544   0.1533   0.1526   0.1517   0.1504   0.1485   0.1465   0.1434   0.1369   0.1285   0.1236   0.1256   0.1211   0.1139   0.1004   0.0912   0.0872   0.0838   0.0796   0.0744   0.0746   0.0702   0.0594   0.0535   0.0461   0.0400   0.0230   0.0009  -0.0436
  -0.1309
   0.4000   0.1481   0.1466   0.1456   0.1451   0.1431   0.1416   0.1392   0.1356   0.1285   0.1227   0.1180   0.1168   0.1122   0.1048   0.0969   0.0876   0.0842   0.0809   0.0769   0.0719   0.0668   0.0628   0.0571   0.0515   0.0444   0.0357   0.0222   0.0015  -0.0370
  -0.1194
   0.4050   0.1499   0.1501   0.1502   0.1502   0.1486   0.1468   0.1443   0.1402   0.1313   0.1255   0.1209   0.1159   0.1102   0.1013   0.0973   0.0876   0.0841   0.0807   0.0766   0.0716   0.0614   0.0575   0.0569   0.0513   0.0443   0.0325   0.0225   0.0030  -0.0298
  -0.1075
   0.4100   0.1359   0.1342   0.1329   0.1315   0.1302   0.1283   0.1263   0.1232   0.1166   0.1120   0.1092   0.1053   0.1009   0.0938   0.0896   0.0817   0.0782   0.0751   0.0715   0.0669   0.0586   0.0550   0.0537   0.0484   0.0418   0.0314   0.0212   0.0026  -0.0302
  -0.1079
   0.4150   0.1345   0.1335   0.1328   0.1326   0.1309   0.1296   0.1274   0.1239   0.1172   0.1141   0.1087   0.1060   0.1016   0.0946   0.0889   0.0804   0.0772   0.0742   0.0705   0.0660   0.0598   0.0562   0.0528   0.0476   0.0412   0.0322   0.0209   0.0025  -0.0309
  -0.1090
   0.4200   0.1330   0.1330   0.1329   0.1326   0.1317   0.1302   0.1283   0.1251   0.1183   0.1128   0.1086   0.1063   0.1018   0.0946   0.0875   0.0794   0.0759   0.0729   0.0692   0.0648   0.0599   0.0563   0.0519   0.0469   0.0406   0.0324   0.0209   0.0030  -0.0302
  -0.1080
   0.4250   0.1202   0.1184   0.1171   0.1158   0.1150   0.1135   0.1118   0.1093   0.1044   0.0990   0.0974   0.0962   0.0928   0.0872   0.0805   0.0737   0.0705   0.0678   0.0646   0.0606   0.0568   0.0535   0.0488   0.0441   0.0382   0.0310   0.0196   0.0025  -0.0302
  -0.1076
   0.4300   0.1232   0.1230   0.1228   0.1230   0.1219   0.1209   0.1191   0.1161   0.1103   0.1050   0.1005   0.1005   0.0966   0.0905   0.0819   0.0739   0.0711   0.0683   0.0649   0.0607   0.0590   0.0556   0.0486   0.0439   0.0381   0.0323   0.0197   0.0026  -0.0306
  -0.1085
   0.4350   0.1179   0.1176   0.1173   0.1168   0.1166   0.1152   0.1138   0.1115   0.1064   0.1001   0.0963   0.0974   0.0939   0.0882   0.0783   0.0712   0.0682   0.0655   0.0623   0.0584   0.0582   0.0549   0.0469   0.0424   0.0367   0.0321   0.0193   0.0029  -0.0305
  -0.1086
   0.4400   0.1089   0.1073   0.1061   0.1051   0.1044   0.1032   0.1017   0.0993   0.0947   0.0906   0.0880   0.0871   0.0840   0.0789   0.0733   0.0668   0.0643   0.0619   0.0589   0.0553   0.0514   0.0484   0.0444   0.0401   0.0348   0.0282   0.0182   0.0028  -0.0262
  -0.0986
   0.4450   0.1131   0.1133   0.1133   0.1134   0.1126   0.1116   0.1097   0.1066   0.1001   0.0962   0.0926   0.0889   0.0847   0.0782   0.0752   0.0678   0.0653   0.0627   0.0597   0.0559   0.0483   0.0453   0.0447   0.0404   0.0351   0.0262   0.0185   0.0036  -0.0214
  -0.0881
   0.4500   0.1039   0.1030   0.1022   0.1011   0.1009   0.0995   0.0981   0.0958   0.0909   0.0871   0.0851   0.0822   0.0788   0.0734   0.0699   0.0640   0.0612   0.0589   0.0561   0.0526   0.0465   0.0437   0.0425   0.0385   0.0334   0.0254   0.0177   0.0035  -0.0215
  -0.0883
   0.4550   0.0992   0.0979   0.0969   0.0962   0.0955   0.0946   0.0931   0.0908   0.0864   0.0844   0.0811   0.0792   0.0762   0.0714   0.0675   0.0615   0.0592   0.0570   0.0543   0.0509   0.0463   0.0436   0.0411   0.0372   0.0323   0.0255   0.0170   0.0032  -0.0222
  -0.0894
   0.4600   0.1023   0.1026   0.1028   0.1027   0.1025   0.1015   0.1000   0.0976   0.0923   0.0884   0.0848   0.0831   0.0796   0.0741   0.0687   0.0623   0.0598   0.0574   0.0546   0.0512   0.0474   0.0447   0.0412   0.0373   0.0325   0.0262   0.0174   0.0037  -0.0216
  -0.0885
   0.4650   0.0915   0.0902   0.0892   0.0880   0.0880   0.0869   0.0858   0.0841   0.0806   0.0762   0.0754   0.0744   0.0719   0.0678   0.0627   0.0576   0.0551   0.0531   0.0507   0.0476   0.0448   0.0422   0.0387   0.0350   0.0305   0.0250   0.0163   0.0033  -0.0216
  -0.0882
   0.4700   0.0917   0.0911   0.0907   0.0904   0.0900   0.0893   0.0880   0.0860   0.0821   0.0786   0.0756   0.0756   0.0730   0.0687   0.0627   0.0569   0.0549   0.0528   0.0503   0.0472   0.0457   0.0432   0.0381   0.0345   0.0301   0.0256   0.0160   0.0032  -0.0221
  -0.0891
   0.4750   0.0920   0.0923   0.0925   0.0923   0.0924   0.0916   0.0905   0.0887   0.0845   0.0798   0.0765   0.0771   0.0743   0.0698   0.0622   0.0565   0.0543   0.0522   0.0497   0.0466   0.0463   0.0437   0.0376   0.0341   0.0297   0.0261   0.0161   0.0037  -0.0219
  -0.0890
   0.4800   0.0821   0.0808   0.0797   0.0786   0.0786   0.0776   0.0766   0.0750   0.0720   0.0687   0.0674   0.0667   0.0645   0.0608   0.0567   0.0521   0.0501   0.0483   0.0461   0.0434   0.0404   0.0381   0.0351   0.0318   0.0277   0.0226   0.0150   0.0033  -0.0190
  -0.0805
   0.4850   0.0856   0.0855   0.0854   0.0854   0.0850   0.0843   0.0829   0.0807   0.0761   0.0736   0.0709   0.0682   0.0652   0.0605   0.0585   0.0528   0.0511   0.0491   0.0468   0.0439   0.0382   0.0359   0.0353   0.0320   0.0280   0.0211   0.0151   0.0036  -0.0159
  -0.0716
   0.4900   0.0818   0.0816   0.0814   0.0807   0.0809   0.0799   0.0789   0.0772   0.0732   0.0701   0.0682   0.0660   0.0632   0.0589   0.0560   0.0512   0.0491   0.0472   0.0450   0.0423   0.0376   0.0354   0.0343   0.0311   0.0272   0.0210   0.0149   0.0038  -0.0158
  -0.0717
   0.4950   0.0744   0.0730   0.0719   0.0710   0.0709   0.0701   0.0691   0.0676   0.0648   0.0633   0.0615   0.0601   0.0582   0.0548   0.0520   0.0478   0.0460   0.0444   0.0424   0.0399   0.0363   0.0343   0.0325   0.0295   0.0257   0.0204   0.0140   0.0033  -0.0164
  -0.0727
   0.5000   0.0791   0.0794   0.0796   0.0797   0.0795   0.0790   0.0778   0.0759   0.0720   0.0694   0.0663   0.0651   0.0624   0.0582   0.0543   0.0492   0.0474   0.0456   0.0435   0.0408   0.0378   0.0357   0.0330   0.0299   0.0262   0.0213   0.0144   0.0037  -0.0160
  -0.0720
   0.5050   0.0721   0.0715   0.0709   0.0700   0.0704   0.0695   0.0687   0.0675   0.0647   0.0611   0.0604   0.0596   0.0576   0.0542   0.0502   0.0462   0.0442   0.0426   0.0407   0.0383   0.0361   0.0341   0.0313   0.0284   0.0248   0.0205   0.0137   0.0036  -0.0159
  -0.0716
   0.5100   0.0688   0.0679   0.0672   0.0666   0.0665   0.0660   0.0651   0.0638   0.0613   0.0590   0.0573   0.0573   0.0556   0.0527   0.0484   0.0443   0.0428   0.0413   0.0394   0.0371   0.0358   0.0339   0.0301   0.0274   0.0240   0.0205   0.0131   0.0033  -0.0164
  -0.0725
   0.5150   0.0727   0.0732   0.0735   0.0737   0.0739   0.0734   0.0725   0.0710   0.0676   0.0642   0.0612   0.0616   0.0593   0.0557   0.0500   0.0453   0.0437   0.0421   0.0401   0.0376   0.0372   0.0352   0.0304   0.0277   0.0242   0.0213   0.0135   0.0038  -0.0162
  -0.0724
   0.5200   0.0641   0.0632   0.0624   0.0614   0.0617   0.0610   0.0603   0.0593   0.0570   0.0542   0.0535   0.0529   0.0512   0.0484   0.0451   0.0417   0.0400   0.0386   0.0369   0.0348   0.0325   0.0307   0.0284   0.0258   0.0226   0.0185   0.0125   0.0034  -0.0142
  -0.0651
   0.5250   0.0649   0.0644   0.0640   0.0638   0.0635   0.0631   0.0621   0.0605   0.0574   0.0560   0.0542   0.0522   0.0501   0.0468   0.0455   0.0414   0.0401   0.0387   0.0369   0.0347   0.0303   0.0285   0.0281   0.0256   0.0224   0.0170   0.0124   0.0033  -0.0121
  -0.0578
   0.5300   0.0658   0.0661   0.0662   0.0660   0.0662   0.0656   0.0648   0.0633   0.0600   0.0576   0.0557   0.0539   0.0516   0.0480   0.0456   0.0416   0.0400   0.0385   0.0367   0.0345   0.0309   0.0291   0.0281   0.0255   0.0224   0.0175   0.0126   0.0037  -0.0119
  -0.0578
   0.5350   0.0573   0.0561   0.0552   0.0542   0.0543   0.0537   0.0531   0.0521   0.0503   0.0489   0.0481   0.0470   0.0456   0.0432   0.0410   0.0380   0.0365   0.0353   0.0338   0.0319   0.0291   0.0275   0.0261   0.0238   0.0208   0.0167   0.0116   0.0033  -0.0124
  -0.0587
   0.5400   0.0610   0.0610   0.0610   0.0611   0.0609   0.0607   0.0598   0.0584   0.0555   0.0540   0.0516   0.0507   0.0488   0.0457   0.0430   0.0390   0.0377   0.0363   0.0347   0.0326   0.0302   0.0286   0.0265   0.0241   0.0211   0.0173   0.0118   0.0034  -0.0122
  -0.0582
   0.5450   0.0585   0.0585   0.0584   0.0579   0.0582   0.0577   0.0571   0.0561   0.0537   0.0507   0.0498   0.0491   0.0474   0.0445   0.0411   0.0378   0.0363   0.0350   0.0334   0.0314   0.0297   0.0281   0.0257   0.0234   0.0205   0.0171   0.0116   0.0036  -0.0120
  -0.0577
   0.5500   0.0524   0.0514   0.0505   0.0498   0.0498   0.0495   0.0489   0.0481   0.0466   0.0449   0.0441   0.0442   0.0430   0.0411   0.0379   0.0350   0.0338   0.0327   0.0313   0.0295   0.0285   0.0270   0.0242   0.0220   0.0193   0.0166   0.0108   0.0032  -0.0125
  -0.0586
   0.5550   0.0575   0.0579   0.0582   0.0584   0.0584   0.0583   0.0575   0.0563   0.0537   0.0515   0.0489   0.0491   0.0474   0.0445   0.0403   0.0365   0.0353   0.0340   0.0325   0.0305   0.0301   0.0285   0.0248   0.0226   0.0198   0.0175   0.0112   0.0036  -0.0123
  -0.0585
   0.5600   0.0519   0.0515   0.0511   0.0504   0.0507   0.0503   0.0498   0.0490   0.0471   0.0447   0.0440   0.0435   0.0420   0.0397   0.0370   0.0341   0.0328   0.0317   0.0303   0.0286   0.0267   0.0253   0.0234   0.0213   0.0187   0.0155   0.0107   0.0034  -0.0108
  -0.0525
   0.5650   0.0493   0.0485   0.0479   0.0474   0.0472   0.0470   0.0463   0.0453   0.0433   0.0424   0.0415   0.0400   0.0387   0.0364   0.0356   0.0327   0.0317   0.0306   0.0293   0.0277   0.0242   0.0228   0.0226   0.0206   0.0181   0.0138   0.0102   0.0029  -0.0094
  -0.0466
   0.5700   0.0533   0.0538   0.0540   0.0541   0.0541   0.0540   0.0532   0.0520   0.0492   0.0475   0.0456   0.0442   0.0423   0.0393   0.0374   0.0340   0.0328   0.0316   0.0302   0.0284   0.0255   0.0241   0.0231   0.0211   0.0185   0.0146   0.0106   0.0034  -0.0092
  -0.0465
   0.5750   0.0458   0.0450   0.0443   0.0435   0.0436   0.0433   0.0429   0.0422   0.0408   0.0395   0.0390   0.0382   0.0371   0.0351   0.0333   0.0310   0.0297   0.0288   0.0275   0.0260   0.0239   0.0226   0.0215   0.0196   0.0172   0.0139   0.0098   0.0031  -0.0095
  -0.0472
   0.5800   0.0469   0.0465   0.0462   0.0461   0.0458   0.0458   0.0452   0.0442   0.0423   0.0414   0.0399   0.0392   0.0379   0.0358   0.0339   0.0310   0.0300   0.0290   0.0277   0.0261   0.0242   0.0230   0.0214   0.0195   0.0172   0.0141   0.0097   0.0030  -0.0095
  -0.0469
   0.5850   0.0483   0.0487   0.0489   0.0488   0.0489   0.0488   0.0483   0.0474   0.0452   0.0428   0.0417   0.0411   0.0395   0.0370   0.0343   0.0314   0.0302   0.0291   0.0278   0.0262   0.0247   0.0234   0.0214   0.0195   0.0172   0.0144   0.0099   0.0034  -0.0092
  -0.0465
   0.5900   0.0412   0.0402   0.0394   0.0386   0.0387   0.0385   0.0382   0.0377   0.0367   0.0352   0.0350   0.0351   0.0343   0.0328   0.0304   0.0283   0.0273   0.0264   0.0253   0.0239   0.0231   0.0219   0.0198   0.0181   0.0159   0.0136   0.0091   0.0030  -0.0096
  -0.0472
   0.5950   0.0450   0.0451   0.0452   0.0454   0.0451   0.0453   0.0447   0.0438   0.0419   0.0405   0.0385   0.0387   0.0375   0.0354   0.0323   0.0293   0.0285   0.0275   0.0263   0.0248   0.0243   0.0231   0.0202   0.0184   0.0162   0.0143   0.0093   0.0032  -0.0096
  -0.0472
   0.6000   0.0433   0.0434   0.0434   0.0431   0.0432   0.0431   0.0427   0.0420   0.0402   0.0381   0.0372   0.0368   0.0354   0.0333   0.0310   0.0286   0.0275   0.0265   0.0254   0.0239   0.0224   0.0212   0.0196   0.0179   0.0158   0.0131   0.0091   0.0032  -0.0083
  -0.0422
   0.6050   0.0381   0.0371   0.0364   0.0357   0.0355   0.0355   0.0351   0.0344   0.0332   0.0325   0.0323   0.0312   0.0303   0.0288   0.0282   0.0262   0.0254   0.0246   0.0236   0.0223   0.0196   0.0185   0.0184   0.0168   0.0148   0.0114   0.0085   0.0026  -0.0074
  -0.0374
   0.6100   0.0429   0.0433   0.0435   0.0437   0.0435   0.0436   0.0430   0.0420   0.0398   0.0387   0.0370   0.0358   0.0344   0.0321   0.0307   0.0278   0.0270   0.0260   0.0249   0.0234   0.0210   0.0199   0.0191   0.0174   0.0154   0.0122   0.0089   0.0030  -0.0072
  -0.0374
   0.6150   0.0381   0.0378   0.0374   0.0368   0.0370   0.0368   0.0365   0.0360   0.0347   0.0334   0.0329   0.0322   0.0312   0.0295   0.0279   0.0259   0.0249   0.0240   0.0230   0.0218   0.0201   0.0190   0.0180   0.0165   0.0145   0.0118   0.0084   0.0029  -0.0074
  -0.0379
   0.6200   0.0360   0.0353   0.0348   0.0344   0.0341   0.0342   0.0338   0.0332   0.0321   0.0316   0.0308   0.0303   0.0295   0.0281   0.0268   0.0247   0.0240   0.0232   0.0223   0.0211   0.0195   0.0185   0.0173   0.0159   0.0140   0.0115   0.0080   0.0026  -0.0075
  -0.0378
   0.6250   0.0400   0.0405   0.0408   0.0410   0.0409   0.0410   0.0406   0.0398   0.0378   0.0361   0.0348   0.0343   0.0329   0.0309   0.0287   0.0261   0.0252   0.0243   0.0232   0.0219   0.0207   0.0196   0.0179   0.0164   0.0145   0.0121   0.0084   0.0030  -0.0072
  -0.0374
   0.6300   0.0336   0.0330   0.0324   0.0318   0.0318   0.0318   0.0316   0.0313   0.0305   0.0290   0.0290   0.0290   0.0284   0.0272   0.0251   0.0235   0.0226   0.0219   0.0210   0.0199   0.0192   0.0183   0.0165   0.0151   0.0133   0.0115   0.0078   0.0028  -0.0075
  -0.0380
   0.6350   0.0349   0.0346   0.0344   0.0344   0.0341   0.0343   0.0339   0.0333   0.0321   0.0313   0.0300   0.0302   0.0294   0.0280   0.0258   0.0236   0.0230   0.0222   0.0213   0.0201   0.0197   0.0187   0.0165   0.0151   0.0133   0.0117   0.0077   0.0027  -0.0076
  -0.0381
   0.6400   0.0367   0.0371   0.0373   0.0373   0.0374   0.0374   0.0371   0.0364   0.0347   0.0330   0.0319   0.0314   0.0302   0.0283   0.0264   0.0241   0.0233   0.0225   0.0215   0.0203   0.0190   0.0180   0.0166   0.0152   0.0134   0.0112   0.0079   0.0029  -0.0065
  -0.0340
   0.6450   0.0303   0.0295   0.0288   0.0281   0.0280   0.0280   0.0278   0.0274   0.0266   0.0259   0.0260   0.0252   0.0246   0.0234   0.0229   0.0215   0.0207   0.0201   0.0193   0.0183   0.0162   0.0153   0.0152   0.0139   0.0123   0.0095   0.0072   0.0024  -0.0058
  -0.0302
   0.6500   0.0340   0.0341   0.0341   0.0343   0.0339   0.0342   0.0337   0.0329   0.0313   0.0308   0.0294   0.0286   0.0275   0.0258   0.0249   0.0226   0.0220   0.0213   0.0204   0.0192   0.0173   0.0164   0.0157   0.0144   0.0127   0.0101   0.0074   0.0025  -0.0057
  -0.0303
   0.6550   0.0326   0.0328   0.0328   0.0325   0.0326   0.0325   0.0323   0.0318   0.0305   0.0293   0.0286   0.0279   0.0270   0.0254   0.0239   0.0221   0.0212   0.0205   0.0196   0.0186   0.0172   0.0163   0.0154   0.0141   0.0124   0.0101   0.0073   0.0027  -0.0057
  -0.0306
   0.6600   0.0280   0.0272   0.0266   0.0260   0.0258   0.0259   0.0257   0.0253   0.0248   0.0244   0.0242   0.0239   0.0234   0.0224   0.0215   0.0200   0.0194   0.0188   0.0181   0.0172   0.0160   0.0152   0.0143   0.0131   0.0116   0.0095   0.0067   0.0023  -0.0059
  -0.0306
   0.6650   0.0327   0.0331   0.0334   0.0336   0.0334   0.0336   0.0333   0.0325   0.0310   0.0299   0.0286   0.0282   0.0271   0.0254   0.0238   0.0216   0.0210   0.0203   0.0194   0.0183   0.0172   0.0163   0.0150   0.0137   0.0121   0.0102   0.0071   0.0026  -0.0057
  -0.0303
   0.6700   0.0287   0.0285   0.0282   0.0278   0.0279   0.0278   0.0278   0.0275   0.0267   0.0252   0.0251   0.0251   0.0244   0.0233   0.0214   0.0200   0.0192   0.0186   0.0179   0.0169   0.0164   0.0156   0.0141   0.0129   0.0114   0.0098   0.0067   0.0026  -0.0059
  -0.0307
   0.6750   0.0269   0.0264   0.0260   0.0257   0.0254   0.0256   0.0254   0.0250   0.0244   0.0239   0.0233   0.0235   0.0230   0.0221   0.0206   0.0190   0.0185   0.0179   0.0172   0.0163   0.0160   0.0152   0.0135   0.0124   0.0110   0.0097   0.0064   0.0024  -0.0060
  -0.0309
   0.6800   0.0310   0.0315   0.0318   0.0321   0.0319   0.0321   0.0318   0.0312   0.0296   0.0284   0.0271   0.0267   0.0257   0.0240   0.0224   0.0204   0.0198   0.0191   0.0183   0.0172   0.0161   0.0153   0.0141   0.0129   0.0114   0.0096   0.0068   0.0026  -0.0051
  -0.0275
   0.6850   0.0253   0.0248   0.0243   0.0237   0.0237   0.0236   0.0235   0.0233   0.0226   0.0218   0.0221   0.0214   0.0208   0.0198   0.0193   0.0181   0.0175   0.0169   0.0163   0.0155   0.0137   0.0130   0.0129   0.0118   0.0105   0.0082   0.0062   0.0022  -0.0046
  -0.0245
   0.6900   0.0265   0.0262   0.0261   0.0260   0.0257   0.0258   0.0256   0.0250   0.0240   0.0239   0.0230   0.0224   0.0217   0.0205   0.0200   0.0183   0.0179   0.0173   0.0166   0.0157   0.0141   0.0134   0.0129   0.0119   0.0105   0.0084   0.0061   0.0022  -0.0047
  -0.0246
   0.6950   0.0283   0.0287   0.0290   0.0290   0.0290   0.0290   0.0289   0.0284   0.0270   0.0260   0.0250   0.0245   0.0235   0.0220   0.0207   0.0190   0.0183   0.0177   0.0169   0.0160   0.0148   0.0140   0.0132   0.0121   0.0107   0.0088   0.0064   0.0025  -0.0046
  -0.0248
   0.7000   0.0226   0.0219   0.0213   0.0207   0.0206   0.0205   0.0206   0.0204   0.0201   0.0196   0.0198   0.0195   0.0192   0.0185   0.0177   0.0167   0.0161   0.0156   0.0150   0.0143   0.0133   0.0127   0.0120   0.0110   0.0097   0.0080   0.0057   0.0021  -0.0047
  -0.0249
   0.7050   0.0262   0.0263   0.0264   0.0266   0.0263   0.0264   0.0262   0.0257   0.0245   0.0240   0.0229   0.0226   0.0219   0.0207   0.0195   0.0178   0.0173   0.0168   0.0161   0.0152   0.0143   0.0135   0.0125   0.0114   0.0101   0.0085   0.0060   0.0023  -0.0046
  -0.0247
   0.7100   0.0252   0.0254   0.0255   0.0253   0.0254   0.0253   0.0253   0.0250   0.0241   0.0227   0.0224   0.0222   0.0215   0.0204   0.0188   0.0174   0.0167   0.0162   0.0155   0.0147   0.0142   0.0135   0.0122   0.0112   0.0099   0.0086   0.0059   0.0024  -0.0046
  -0.0249
   0.7150   0.0211   0.0204   0.0199   0.0195   0.0193   0.0193   0.0193   0.0192   0.0189   0.0185   0.0184   0.0186   0.0183   0.0178   0.0166   0.0155   0.0151   0.0147   0.0141   0.0134   0.0131   0.0125   0.0112   0.0103   0.0091   0.0080   0.0054   0.0021  -0.0048
  -0.0252
   0.7200   0.0257   0.0261   0.0263   0.0266   0.0264   0.0265   0.0264   0.0258   0.0245   0.0238   0.0226   0.0222   0.0214   0.0200   0.0189   0.0171   0.0167   0.0161   0.0154   0.0145   0.0136   0.0129   0.0119   0.0109   0.0097   0.0081   0.0058   0.0022  -0.0042
  -0.0225
   0.7250   0.0221   0.0220   0.0218   0.0214   0.0214   0.0212   0.0213   0.0211   0.0204   0.0194   0.0196   0.0189   0.0184   0.0174   0.0168   0.0157   0.0151   0.0147   0.0141   0.0134   0.0120   0.0114   0.0112   0.0103   0.0091   0.0072   0.0055   0.0021  -0.0037
  -0.0201
   0.7300   0.0205   0.0200   0.0196   0.0193   0.0191   0.0190   0.0191   0.0187   0.0182   0.0182   0.0179   0.0174   0.0171   0.0163   0.0160   0.0149   0.0145   0.0141   0.0136   0.0129   0.0116   0.0110   0.0107   0.0098   0.0087   0.0070   0.0051   0.0018  -0.0038
  -0.0203
   0.7350   0.0244   0.0248   0.0252   0.0254   0.0253   0.0252   0.0252   0.0247   0.0235   0.0228   0.0216   0.0211   0.0203   0.0190   0.0179   0.0163   0.0158   0.0152   0.0146   0.0138   0.0127   0.0121   0.0113   0.0104   0.0092   0.0076   0.0055   0.0022  -0.0037
  -0.0204
   0.7400   0.0193   0.0188   0.0184   0.0179   0.0179   0.0177   0.0179   0.0178   0.0175   0.0168   0.0171   0.0168   0.0165   0.0159   0.0151   0.0143   0.0137   0.0133   0.0128   0.0122   0.0114   0.0109   0.0103   0.0094   0.0084   0.0070   0.0050   0.0020  -0.0038
  -0.0204
   0.7450   0.0205   0.0202   0.0201   0.0201   0.0198   0.0198   0.0199   0.0195   0.0188   0.0186   0.0180   0.0178   0.0173   0.0165   0.0158   0.0145   0.0142   0.0137   0.0132   0.0125   0.0117   0.0112   0.0103   0.0095   0.0084   0.0071   0.0050   0.0019  -0.0038
  -0.0204
   0.7500   0.0224   0.0228   0.0231   0.0232   0.0232   0.0230   0.0232   0.0228   0.0218   0.0207   0.0200   0.0198   0.0191   0.0180   0.0166   0.0152   0.0147   0.0142   0.0136   0.0128   0.0124   0.0118   0.0106   0.0098   0.0087   0.0075   0.0052   0.0022  -0.0037
  -0.0205
   0.7550   0.0173   0.0166   0.0161   0.0156   0.0156   0.0154   0.0156   0.0156   0.0155   0.0150   0.0152   0.0154   0.0152   0.0148   0.0138   0.0131   0.0126   0.0123   0.0119   0.0113   0.0111   0.0106   0.0095   0.0088   0.0078   0.0068   0.0046   0.0019  -0.0039
  -0.0207
   0.7600   0.0207   0.0208   0.0209   0.0211   0.0208   0.0208   0.0208   0.0204   0.0195   0.0192   0.0182   0.0179   0.0173   0.0164   0.0156   0.0142   0.0139   0.0134   0.0129   0.0122   0.0113   0.0108   0.0100   0.0092   0.0082   0.0069   0.0049   0.0019  -0.0035
  -0.0187
   0.7650   0.0200   0.0201   0.0202   0.0201   0.0201   0.0199   0.0201   0.0198   0.0190   0.0180   0.0178   0.0173   0.0166   0.0156   0.0150   0.0139   0.0134   0.0130   0.0124   0.0118   0.0106   0.0101   0.0098   0.0090   0.0080   0.0064   0.0049   0.0019  -0.0030
  -0.0167
   0.7700   0.0161   0.0155   0.0150   0.0146   0.0144   0.0143   0.0144   0.0143   0.0141   0.0141   0.0142   0.0139   0.0137   0.0132   0.0130   0.0123   0.0119   0.0116   0.0112   0.0107   0.0096   0.0092   0.0090   0.0083   0.0073   0.0059   0.0044   0.0016  -0.0032
  -0.0169
   0.7750   0.0204   0.0208   0.0210   0.0213   0.0211   0.0211   0.0211   0.0206   0.0196   0.0193   0.0182   0.0178   0.0171   0.0160   0.0152   0.0138   0.0134   0.0130   0.0124   0.0118   0.0109   0.0103   0.0097   0.0089   0.0079   0.0065   0.0047   0.0019  -0.0031
  -0.0170
   0.7800   0.0173   0.0172   0.0170   0.0167   0.0168   0.0165   0.0167   0.0166   0.0162   0.0154   0.0155   0.0153   0.0149   0.0142   0.0134   0.0126   0.0121   0.0117   0.0113   0.0107   0.0101   0.0096   0.0090   0.0083   0.0074   0.0062   0.0045   0.0018  -0.0031
  -0.0170
   0.7850   0.0158   0.0154   0.0150   0.0148   0.0146   0.0145   0.0146   0.0144   0.0142   0.0141   0.0139   0.0138   0.0136   0.0132   0.0127   0.0118   0.0116   0.0112   0.0108   0.0103   0.0097   0.0092   0.0086   0.0079   0.0070   0.0059   0.0042   0.0016  -0.0032
  -0.0170
   0.7900   0.0196   0.0201   0.0204   0.0206   0.0206   0.0205   0.0205   0.0202   0.0192   0.0184   0.0175   0.0174   0.0167   0.0157   0.0145   0.0132   0.0128   0.0124   0.0118   0.0112   0.0108   0.0102   0.0092   0.0085   0.0075   0.0065   0.0046   0.0019  -0.0031
  -0.0171
   0.7950   0.0150   0.0146   0.0143   0.0138   0.0139   0.0137   0.0139   0.0139   0.0138   0.0131   0.0134   0.0135   0.0133   0.0129   0.0120   0.0114   0.0110   0.0107   0.0103   0.0098   0.0096   0.0092   0.0083   0.0076   0.0068   0.0060   0.0041   0.0018  -0.0032
  -0.0173
   0.8000   0.0161   0.0160   0.0158   0.0159   0.0156   0.0156   0.0156   0.0154   0.0148   0.0148   0.0142   0.0141   0.0137   0.0131   0.0126   0.0116   0.0114   0.0110   0.0106   0.0101   0.0094   0.0089   0.0083   0.0077   0.0068   0.0057   0.0041   0.0016  -0.0030
  -0.0157
   0.8050   0.0181   0.0185   0.0187   0.0188   0.0188   0.0187   0.0188   0.0185   0.0175   0.0168   0.0163   0.0157   0.0151   0.0141   0.0134   0.0123   0.0119   0.0115   0.0110   0.0105   0.0094   0.0089   0.0087   0.0080   0.0071   0.0057   0.0043   0.0017  -0.0025
  -0.0141
   0.8100   0.0133   0.0127   0.0123   0.0118   0.0118   0.0116   0.0118   0.0118   0.0117   0.0115   0.0118   0.0116   0.0115   0.0111   0.0109   0.0104   0.0101   0.0098   0.0095   0.0091   0.0082   0.0078   0.0077   0.0071   0.0063   0.0051   0.0038   0.0015  -0.0027
  -0.0143
   0.8150   0.0165   0.0166   0.0167   0.0169   0.0166   0.0167   0.0166   0.0163   0.0156   0.0156   0.0147   0.0144   0.0139   0.0131   0.0126   0.0115   0.0112   0.0109   0.0104   0.0099   0.0091   0.0087   0.0082   0.0075   0.0067   0.0055   0.0040   0.0016  -0.0027
  -0.0144
   0.8200   0.0160   0.0162   0.0163   0.0162   0.0162   0.0161   0.0162   0.0161   0.0155   0.0147   0.0145   0.0142   0.0137   0.0130   0.0121   0.0113   0.0109   0.0105   0.0101   0.0096   0.0090   0.0086   0.0080   0.0074   0.0066   0.0055   0.0040   0.0017  -0.0026
  -0.0143
   0.8250   0.0125   0.0119   0.0114   0.0111   0.0109   0.0109   0.0110   0.0110   0.0109   0.0108   0.0111   0.0110   0.0109   0.0107   0.0103   0.0098   0.0095   0.0093   0.0090   0.0086   0.0081   0.0077   0.0073   0.0067   0.0060   0.0050   0.0036   0.0014  -0.0028
  -0.0144
   0.8300   0.0165   0.0169   0.0172   0.0174   0.0173   0.0173   0.0173   0.0170   0.0161   0.0157   0.0148   0.0147   0.0141   0.0133   0.0124   0.0112   0.0110   0.0106   0.0102   0.0096   0.0092   0.0088   0.0079   0.0073   0.0065   0.0056   0.0039   0.0017  -0.0026
  -0.0145
   0.8350   0.0138   0.0137   0.0136   0.0133   0.0134   0.0132   0.0134   0.0134   0.0131   0.0124   0.0125   0.0125   0.0122   0.0118   0.0108   0.0102   0.0098   0.0095   0.0092   0.0087   0.0086   0.0082   0.0074   0.0068   0.0060   0.0053   0.0037   0.0016  -0.0027
  -0.0146
   0.8400   0.0124   0.0120   0.0117   0.0115   0.0113   0.0113   0.0114   0.0113   0.0111   0.0112   0.0110   0.0109   0.0108   0.0105   0.0102   0.0095   0.0093   0.0091   0.0087   0.0083   0.0078   0.0074   0.0070   0.0064   0.0057   0.0048   0.0034   0.0014  -0.0026
  -0.0134
   0.8450   0.0160   0.0165   0.0168   0.0170   0.0170   0.0169   0.0169   0.0166   0.0157   0.0152   0.0144   0.0140   0.0134   0.0124   0.0119   0.0108   0.0105   0.0102   0.0097   0.0092   0.0083   0.0079   0.0076   0.0070   0.0062   0.0050   0.0038   0.0015  -0.0022
  -0.0121
   0.8500   0.0118   0.0114   0.0111   0.0107   0.0108   0.0106   0.0107   0.0108   0.0107   0.0103   0.0106   0.0104   0.0102   0.0099   0.0096   0.0092   0.0088   0.0086   0.0083   0.0079   0.0073   0.0069   0.0068   0.0062   0.0056   0.0045   0.0034   0.0014  -0.0023
  -0.0123
   0.8550   0.0128   0.0127   0.0125   0.0126   0.0123   0.0124   0.0123   0.0121   0.0118   0.0120   0.0114   0.0112   0.0110   0.0105   0.0102   0.0094   0.0093   0.0090   0.0087   0.0082   0.0076   0.0072   0.0068   0.0063   0.0056   0.0047   0.0034   0.0013  -0.0023
  -0.0124
   0.8600   0.0148   0.0152   0.0154   0.0155   0.0156   0.0155   0.0155   0.0153   0.0146   0.0139   0.0134   0.0132   0.0126   0.0118   0.0111   0.0102   0.0098   0.0095   0.0091   0.0086   0.0081   0.0077   0.0072   0.0066   0.0059   0.0050   0.0036   0.0016  -0.0022
  -0.0123
   0.8650   0.0104   0.0099   0.0094   0.0090   0.0090   0.0089   0.0090   0.0091   0.0092   0.0089   0.0093   0.0093   0.0093   0.0091   0.0087   0.0084   0.0081   0.0079   0.0077   0.0074   0.0070   0.0066   0.0063   0.0058   0.0052   0.0044   0.0031   0.0013  -0.0023
  -0.0124
   0.8700   0.0134   0.0135   0.0136   0.0138   0.0136   0.0136   0.0136   0.0133   0.0128   0.0127   0.0120   0.0119   0.0115   0.0109   0.0103   0.0094   0.0092   0.0090   0.0086   0.0081   0.0078   0.0074   0.0067   0.0062   0.0055   0.0048   0.0033   0.0014  -0.0023
  -0.0125
   0.8750   0.0131   0.0133   0.0134   0.0133   0.0134   0.0133   0.0134   0.0133   0.0129   0.0121   0.0119   0.0119   0.0115   0.0109   0.0100   0.0093   0.0090   0.0087   0.0083   0.0079   0.0078   0.0074   0.0066   0.0061   0.0055   0.0048   0.0034   0.0015  -0.0022
  -0.0125
   0.8800   0.0098   0.0092   0.0088   0.0085   0.0084   0.0083   0.0084   0.0085   0.0085   0.0085   0.0087   0.0087   0.0087   0.0085   0.0083   0.0079   0.0077   0.0075   0.0073   0.0070   0.0065   0.0062   0.0059   0.0055   0.0049   0.0041   0.0030   0.0012  -0.0022
  -0.0116
   0.8850   0.0136   0.0140   0.0142   0.0145   0.0143   0.0144   0.0143   0.0140   0.0132   0.0130   0.0123   0.0119   0.0114   0.0106   0.0103   0.0093   0.0091   0.0088   0.0084   0.0080   0.0072   0.0068   0.0066   0.0061   0.0054   0.0044   0.0033   0.0013  -0.0019
  -0.0106
   0.8900   0.0111   0.0111   0.0110   0.0107   0.0108   0.0106   0.0107   0.0108   0.0105   0.0100   0.0102   0.0099   0.0097   0.0092   0.0088   0.0084   0.0080   0.0078   0.0075   0.0072   0.0066   0.0063   0.0061   0.0056   0.0050   0.0041   0.0031   0.0013  -0.0019
  -0.0106
   0.8950   0.0098   0.0094   0.0091   0.0090   0.0088   0.0088   0.0088   0.0087   0.0087   0.0089   0.0088   0.0086   0.0086   0.0083   0.0082   0.0077   0.0076   0.0074   0.0071   0.0068   0.0063   0.0060   0.0057   0.0053   0.0047   0.0039   0.0029   0.0011  -0.0020
  -0.0108
   0.9000   0.0133   0.0137   0.0140   0.0143   0.0142   0.0142   0.0141   0.0139   0.0132   0.0128   0.0121   0.0118   0.0113   0.0106   0.0099   0.0090   0.0088   0.0085   0.0081   0.0077   0.0072   0.0068   0.0064   0.0059   0.0052   0.0044   0.0032   0.0014  -0.0019
  -0.0107
   0.9050   0.0094   0.0091   0.0088   0.0084   0.0085   0.0083   0.0084   0.0086   0.0086   0.0081   0.0086   0.0085   0.0084   0.0082   0.0078   0.0075   0.0072   0.0070   0.0068   0.0065   0.0062   0.0059   0.0056   0.0052   0.0046   0.0039   0.0028   0.0012  -0.0020
  -0.0108
   0.9100   0.0104   0.0102   0.0101   0.0101   0.0099   0.0100   0.0099   0.0098   0.0096   0.0097   0.0093   0.0092   0.0091   0.0087   0.0084   0.0077   0.0076   0.0074   0.0071   0.0068   0.0065   0.0062   0.0057   0.0052   0.0047   0.0040   0.0028   0.0012  -0.0020
  -0.0109
   0.9150   0.0123   0.0127   0.0130   0.0131   0.0131   0.0131   0.0131   0.0130   0.0124   0.0117   0.0112   0.0112   0.0107   0.0101   0.0093   0.0085   0.0082   0.0079   0.0076   0.0072   0.0070   0.0067   0.0060   0.0055   0.0049   0.0044   0.0031   0.0014  -0.0019
  -0.0109
   0.9200   0.0082   0.0077   0.0074   0.0070   0.0070   0.0069   0.0069   0.0071   0.0072   0.0070   0.0074   0.0074   0.0074   0.0073   0.0071   0.0069   0.0066   0.0065   0.0063   0.0060   0.0057   0.0054   0.0052   0.0048   0.0043   0.0036   0.0026   0.0011  -0.0019
  -0.0102
   0.9250   0.0110   0.0111   0.0112   0.0114   0.0112   0.0113   0.0111   0.0110   0.0104   0.0105   0.0099   0.0096   0.0093   0.0087   0.0086   0.0078   0.0077   0.0074   0.0072   0.0068   0.0061   0.0058   0.0056   0.0052   0.0046   0.0037   0.0028   0.0011  -0.0017
  -0.0094
   0.9300   0.0108   0.0110   0.0111   0.0111   0.0112   0.0110   0.0111   0.0110   0.0106   0.0100   0.0099   0.0097   0.0093   0.0088   0.0083   0.0078   0.0075   0.0072   0.0070   0.0066   0.0061   0.0058   0.0056   0.0051   0.0046   0.0038   0.0029   0.0012  -0.0016
  -0.0093
   0.9350   0.0077   0.0072   0.0068   0.0065   0.0064   0.0064   0.0064   0.0065   0.0066   0.0067   0.0069   0.0069   0.0069   0.0068   0.0067   0.0065   0.0063   0.0062   0.0060   0.0057   0.0053   0.0051   0.0049   0.0045   0.0041   0.0034   0.0025   0.0010  -0.0018
  -0.0096
   0.9400   0.0113   0.0117   0.0119   0.0122   0.0120   0.0121   0.0120   0.0118   0.0112   0.0110   0.0103   0.0101   0.0097   0.0091   0.0086   0.0078   0.0076   0.0074   0.0071   0.0067   0.0063   0.0060   0.0055   0.0051   0.0046   0.0039   0.0028   0.0012  -0.0016
  -0.0095
   0.9450   0.0091   0.0091   0.0090   0.0088   0.0089   0.0087   0.0088   0.0089   0.0087   0.0082   0.0084   0.0083   0.0081   0.0078   0.0073   0.0070   0.0067   0.0065   0.0063   0.0060   0.0057   0.0054   0.0051   0.0047   0.0042   0.0036   0.0026   0.0012  -0.0017
  -0.0095
   0.9500   0.0079   0.0075   0.0072   0.0071   0.0069   0.0069   0.0069   0.0069   0.0069   0.0071   0.0070   0.0071   0.0071   0.0069   0.0067   0.0063   0.0062   0.0061   0.0059   0.0056   0.0054   0.0052   0.0048   0.0044   0.0039   0.0034   0.0024   0.0010  -0.0018
  -0.0096
   0.9550   0.0112   0.0116   0.0119   0.0122   0.0121   0.0121   0.0120   0.0119   0.0113   0.0109   0.0102   0.0101   0.0097   0.0091   0.0084   0.0076   0.0074   0.0071   0.0068   0.0065   0.0063   0.0060   0.0054   0.0049   0.0044   0.0039   0.0027   0.0013  -0.0016
  -0.0096
   0.9600   0.0076   0.0073   0.0071   0.0067   0.0068   0.0067   0.0067   0.0069   0.0069   0.0066   0.0070   0.0069   0.0069   0.0067   0.0064   0.0062   0.0060   0.0058   0.0056   0.0054   0.0051   0.0049   0.0046   0.0043   0.0038   0.0032   0.0024   0.0010  -0.0016
  -0.0090
   0.9650   0.0085   0.0083   0.0082   0.0083   0.0081   0.0081   0.0080   0.0079   0.0077   0.0079   0.0076   0.0074   0.0072   0.0069   0.0070   0.0064   0.0063   0.0062   0.0059   0.0057   0.0051   0.0048   0.0047   0.0044   0.0039   0.0032   0.0024   0.0009  -0.0015
  -0.0083
   0.9700   0.0104   0.0108   0.0110   0.0111   0.0112   0.0111   0.0110   0.0110   0.0104   0.0099   0.0095   0.0093   0.0089   0.0083   0.0078   0.0072   0.0069   0.0067   0.0064   0.0061   0.0056   0.0053   0.0051   0.0047   0.0042   0.0035   0.0026   0.0012  -0.0014
  -0.0083
   0.9750   0.0065   0.0061   0.0057   0.0054   0.0054   0.0053   0.0053   0.0055   0.0056   0.0056   0.0059   0.0059   0.0059   0.0059   0.0058   0.0056   0.0055   0.0053   0.0052   0.0050   0.0046   0.0044   0.0043   0.0040   0.0036   0.0030   0.0022   0.0009  -0.0015
  -0.0085
   0.9800   0.0091   0.0092   0.0093   0.0095   0.0093   0.0094   0.0093   0.0092   0.0088   0.0088   0.0083   0.0081   0.0079   0.0075   0.0072   0.0065   0.0064   0.0063   0.0060   0.0057   0.0053   0.0051   0.0047   0.0044   0.0039   0.0033   0.0024   0.0010  -0.0015
  -0.0084
   0.9850   0.0091   0.0093   0.0094   0.0093   0.0094   0.0093   0.0093   0.0094   0.0090   0.0085   0.0084   0.0083   0.0080   0.0075   0.0070   0.0065   0.0063   0.0061   0.0059   0.0056   0.0053   0.0051   0.0047   0.0043   0.0039   0.0033   0.0024   0.0011  -0.0014
  -0.0084
   0.9900   0.0061   0.0056   0.0053   0.0050   0.0049   0.0049   0.0049   0.0051   0.0052   0.0053   0.0055   0.0056   0.0057   0.0057   0.0055   0.0053   0.0052   0.0051   0.0049   0.0048   0.0046   0.0044   0.0041   0.0038   0.0034   0.0029   0.0021   0.0009  -0.0015
  -0.0086
   0.9950   0.0096   0.0099   0.0101   0.0104   0.0103   0.0104   0.0102   0.0101   0.0096   0.0094   0.0087   0.0087   0.0083   0.0078   0.0073   0.0066   0.0065   0.0063   0.0060   0.0057   0.0055   0.0052   0.0047   0.0043   0.0039   0.0034   0.0024   0.0011  -0.0014
  -0.0086
   1.0000   0.0076   0.0075   0.0075   0.0073   0.0074   0.0073   0.0073   0.0074   0.0073   0.0068   0.0070   0.0069   0.0067   0.0064   0.0061   0.0058   0.0056   0.0054   0.0052   0.0050   0.0047   0.0044   0.0043   0.0040   0.0035   0.0029   0.0022   0.0010  -0.0013
  -0.0076
   1.0050   0.0063   0.0060   0.0057   0.0056   0.0054   0.0054   0.0054   0.0054   0.0054   0.0056   0.0057   0.0054   0.0054   0.0053   0.0055   0.0052   0.0051   0.0050   0.0048   0.0047   0.0040   0.0038   0.0040   0.0037   0.0033   0.0025   0.0020   0.0007  -0.0012
  -0.0068
   1.0100   0.0095   0.0099   0.0102   0.0104   0.0103   0.0103   0.0102   0.0101   0.0095   0.0092   0.0087   0.0083   0.0079   0.0073   0.0071   0.0065   0.0063   0.0061   0.0058   0.0055   0.0048   0.0046   0.0046   0.0042   0.0038   0.0029   0.0023   0.0010  -0.0011
  -0.0068
   1.0150   0.0061   0.0059   0.0056   0.0053   0.0054   0.0052   0.0053   0.0054   0.0055   0.0053   0.0057   0.0055   0.0054   0.0053   0.0053   0.0052   0.0050   0.0049   0.0047   0.0045   0.0040   0.0038   0.0039   0.0036   0.0032   0.0025   0.0020   0.0008  -0.0012
  -0.0069
   1.0200   0.0069   0.0067   0.0066   0.0067   0.0065   0.0065   0.0064   0.0064   0.0062   0.0065   0.0063   0.0060   0.0059   0.0057   0.0059   0.0054   0.0054   0.0052   0.0051   0.0048   0.0042   0.0040   0.0040   0.0037   0.0033   0.0026   0.0020   0.0008  -0.0012
  -0.0069
   1.0250   0.0087   0.0091   0.0094   0.0095   0.0095   0.0095   0.0094   0.0093   0.0088   0.0085   0.0082   0.0078   0.0075   0.0070   0.0067   0.0061   0.0059   0.0057   0.0055   0.0052   0.0047   0.0045   0.0044   0.0040   0.0036   0.0029   0.0023   0.0010  -0.0011
  -0.0068
   1.0300   0.0051   0.0047   0.0044   0.0040   0.0040   0.0039   0.0040   0.0042   0.0043   0.0044   0.0048   0.0047   0.0047   0.0047   0.0047   0.0047   0.0045   0.0044   0.0042   0.0042   0.0038   0.0036   0.0036   0.0034   0.0030   0.0024   0.0019   0.0008  -0.0012
  -0.0070
   1.0350   0.0076   0.0077   0.0077   0.0079   0.0078   0.0078   0.0077   0.0076   0.0073   0.0075   0.0070   0.0067   0.0065   0.0062   0.0061   0.0055   0.0054   0.0053   0.0051   0.0048   0.0044   0.0042   0.0040   0.0037   0.0034   0.0027   0.0021   0.0008  -0.0012
  -0.0069
   1.0400   0.0076   0.0078   0.0079   0.0079   0.0080   0.0079   0.0079   0.0079   0.0076   0.0073   0.0072   0.0069   0.0067   0.0063   0.0060   0.0056   0.0054   0.0052   0.0050   0.0048   0.0044   0.0042   0.0040   0.0037   0.0033   0.0028   0.0021   0.0010  -0.0011
  -0.0069
   1.0450   0.0048   0.0043   0.0040   0.0037   0.0037   0.0036   0.0037   0.0038   0.0040   0.0043   0.0045   0.0044   0.0045   0.0045   0.0046   0.0044   0.0044   0.0043   0.0042   0.0040   0.0037   0.0035   0.0035   0.0032   0.0029   0.0024   0.0018   0.0007  -0.0012
  -0.0070
   1.0500   0.0081   0.0084   0.0086   0.0088   0.0087   0.0088   0.0087   0.0085   0.0081   0.0081   0.0075   0.0073   0.0070   0.0065   0.0063   0.0056   0.0055   0.0054   0.0051   0.0049   0.0045   0.0043   0.0040   0.0037   0.0033   0.0028   0.0021   0.0009  -0.0011
  -0.0070
   1.0550   0.0062   0.0062   0.0062   0.0060   0.0061   0.0060   0.0060   0.0062   0.0061   0.0057   0.0060   0.0058   0.0057   0.0055   0.0051   0.0050   0.0047   0.0045   0.0044   0.0043   0.0041   0.0039   0.0037   0.0034   0.0031   0.0026   0.0019   0.0009  -0.0012
  -0.0070
   1.0600   0.0050   0.0047   0.0045   0.0044   0.0042   0.0043   0.0042   0.0043   0.0044   0.0046   0.0047   0.0046   0.0047   0.0047   0.0046   0.0044   0.0043   0.0042   0.0041   0.0039   0.0038   0.0036   0.0034   0.0031   0.0028   0.0024   0.0017   0.0007  -0.0012
  -0.0071
   1.0650   0.0081   0.0085   0.0088   0.0090   0.0090   0.0090   0.0090   0.0088   0.0084   0.0081   0.0076   0.0074   0.0071   0.0066   0.0062   0.0056   0.0054   0.0053   0.0050   0.0047   0.0046   0.0044   0.0039   0.0036   0.0033   0.0029   0.0020   0.0010  -0.0011
  -0.0070
   1.0700   0.0050   0.0048   0.0046   0.0043   0.0044   0.0043   0.0044   0.0045   0.0047   0.0044   0.0048   0.0048   0.0048   0.0048   0.0045   0.0044   0.0042   0.0042   0.0040   0.0038   0.0038   0.0036   0.0033   0.0031   0.0028   0.0025   0.0018   0.0008  -0.0012
  -0.0071
   1.0750   0.0058   0.0056   0.0055   0.0056   0.0054   0.0055   0.0054   0.0054   0.0053   0.0055   0.0053   0.0053   0.0052   0.0051   0.0049   0.0045   0.0045   0.0044   0.0042   0.0040   0.0040   0.0038   0.0034   0.0032   0.0028   0.0025   0.0017   0.0008  -0.0012
  -0.0071
   1.0800   0.0076   0.0080   0.0083   0.0084   0.0084   0.0084   0.0084   0.0083   0.0080   0.0075   0.0071   0.0071   0.0068   0.0064   0.0057   0.0053   0.0050   0.0049   0.0047   0.0045   0.0045   0.0043   0.0038   0.0035   0.0031   0.0028   0.0020   0.0010  -0.0011
  -0.0071
   1.0850   0.0043   0.0039   0.0036   0.0033   0.0033   0.0032   0.0033   0.0035   0.0037   0.0035   0.0039   0.0041   0.0042   0.0043   0.0039   0.0039   0.0038   0.0037   0.0036   0.0035   0.0036   0.0035   0.0031   0.0028   0.0026   0.0024   0.0016   0.0008  -0.0012
  -0.0071
   1.0900   0.0066   0.0067   0.0068   0.0070   0.0068   0.0069   0.0068   0.0067   0.0065   0.0065   0.0060   0.0061   0.0059   0.0057   0.0052   0.0047   0.0047   0.0046   0.0044   0.0041   0.0042   0.0040   0.0034   0.0032   0.0029   0.0027   0.0018   0.0008  -0.0012
  -0.0071
   1.0950   0.0067   0.0069   0.0071   0.0071   0.0072   0.0071   0.0071   0.0072   0.0069   0.0064   0.0062   0.0064   0.0062   0.0059   0.0052   0.0048   0.0047   0.0045   0.0044   0.0041   0.0043   0.0041   0.0035   0.0032   0.0029   0.0028   0.0018   0.0010  -0.0011
  -0.0073
   1.1000   0.0041   0.0036   0.0033   0.0031   0.0030   0.0030   0.0030   0.0031   0.0033   0.0034   0.0036   0.0037   0.0038   0.0038   0.0038   0.0037   0.0036   0.0036   0.0035   0.0033   0.0032   0.0031   0.0029   0.0027   0.0024   0.0021   0.0015   0.0006  -0.0011
  -0.0062
   1.1050   0.0072   0.0075   0.0077   0.0079   0.0078   0.0078   0.0077   0.0075   0.0071   0.0070   0.0065   0.0062   0.0059   0.0054   0.0054   0.0048   0.0047   0.0046   0.0044   0.0042   0.0036   0.0034   0.0035   0.0032   0.0029   0.0022   0.0018   0.0007  -0.0008
  -0.0050
   1.1100   0.0055   0.0055   0.0054   0.0052   0.0053   0.0052   0.0053   0.0053   0.0052   0.0048   0.0051   0.0049   0.0048   0.0045   0.0044   0.0042   0.0040   0.0039   0.0038   0.0036   0.0032   0.0031   0.0031   0.0029   0.0026   0.0020   0.0017   0.0007  -0.0008
  -0.0052
   1.1150   0.0043   0.0039   0.0037   0.0036   0.0034   0.0034   0.0034   0.0034   0.0035   0.0037   0.0038   0.0037   0.0037   0.0037   0.0039   0.0037   0.0037   0.0036   0.0035   0.0033   0.0029   0.0028   0.0029   0.0027   0.0024   0.0019   0.0015   0.0006  -0.0009
  -0.0053
   1.1200   0.0072   0.0075   0.0078   0.0080   0.0080   0.0080   0.0079   0.0078   0.0073   0.0071   0.0066   0.0064   0.0060   0.0056   0.0054   0.0048   0.0047   0.0046   0.0044   0.0041   0.0037   0.0035   0.0034   0.0031   0.0028   0.0023   0.0018   0.0008  -0.0008
  -0.0051
   1.1250   0.0042   0.0040   0.0038   0.0035   0.0036   0.0035   0.0036   0.0037   0.0038   0.0036   0.0040   0.0039   0.0039   0.0038   0.0037   0.0037   0.0035   0.0035   0.0034   0.0032   0.0030   0.0028   0.0028   0.0026   0.0024   0.0019   0.0015   0.0007  -0.0009
  -0.0053
   1.1300   0.0048   0.0047   0.0046   0.0046   0.0045   0.0045   0.0045   0.0044   0.0043   0.0046   0.0044   0.0043   0.0042   0.0041   0.0041   0.0039   0.0038   0.0037   0.0036   0.0034   0.0031   0.0030   0.0029   0.0027   0.0024   0.0020   0.0015   0.0006  -0.0009
  -0.0053
   1.1350   0.0067   0.0070   0.0072   0.0074   0.0074   0.0074   0.0073   0.0073   0.0069   0.0066   0.0062   0.0060   0.0057   0.0053   0.0050   0.0046   0.0044   0.0043   0.0041   0.0039   0.0036   0.0034   0.0033   0.0030   0.0027   0.0022   0.0017   0.0008  -0.0008
  -0.0052
   1.1400   0.0034   0.0030   0.0028   0.0025   0.0025   0.0024   0.0024   0.0026   0.0028   0.0029   0.0032   0.0032   0.0033   0.0033   0.0033   0.0033   0.0032   0.0032   0.0031   0.0030   0.0028   0.0027   0.0026   0.0024   0.0022   0.0018   0.0014   0.0006  -0.0009
  -0.0053
   1.1450   0.0056   0.0056   0.0057   0.0059   0.0057   0.0058   0.0057   0.0056   0.0054   0.0056   0.0051   0.0050   0.0048   0.0046   0.0045   0.0041   0.0041   0.0040   0.0038   0.0036   0.0033   0.0031   0.0030   0.0028   0.0025   0.0021   0.0015   0.0007  -0.0009
  -0.0053
   1.1500   0.0057   0.0059   0.0061   0.0060   0.0061   0.0061   0.0061   0.0061   0.0059   0.0055   0.0054   0.0053   0.0051   0.0048   0.0044   0.0042   0.0040   0.0039   0.0037   0.0035   0.0034   0.0032   0.0030   0.0028   0.0025   0.0021   0.0016   0.0008  -0.0008
  -0.0053
   1.1550   0.0031   0.0027   0.0025   0.0022   0.0022   0.0021   0.0022   0.0023   0.0025   0.0026   0.0029   0.0029   0.0031   0.0031   0.0031   0.0031   0.0030   0.0029   0.0029   0.0028   0.0027   0.0026   0.0025   0.0023   0.0021   0.0018   0.0013   0.0006  -0.0009
  -0.0054
   1.1600   0.0061   0.0064   0.0066   0.0068   0.0067   0.0068   0.0067   0.0066   0.0062   0.0062   0.0057   0.0056   0.0053   0.0050   0.0047   0.0042   0.0041   0.0040   0.0038   0.0036   0.0035   0.0033   0.0030   0.0028   0.0025   0.0022   0.0016   0.0007  -0.0008
  -0.0053
   1.1650   0.0046   0.0046   0.0046   0.0044   0.0045   0.0044   0.0045   0.0046   0.0046   0.0042   0.0044   0.0044   0.0043   0.0041   0.0038   0.0037   0.0035   0.0034   0.0033   0.0031   0.0031   0.0030   0.0027   0.0025   0.0023   0.0020   0.0015   0.0007  -0.0009
  -0.0053
   1.1700   0.0034   0.0031   0.0029   0.0028   0.0027   0.0027   0.0027   0.0027   0.0029   0.0031   0.0031   0.0032   0.0033   0.0033   0.0033   0.0031   0.0031   0.0031   0.0030   0.0028   0.0028   0.0027   0.0025   0.0023   0.0021   0.0018   0.0013   0.0006  -0.0009
  -0.0054
   1.1750   0.0063   0.0066   0.0069   0.0071   0.0071   0.0071   0.0071   0.0070   0.0066   0.0063   0.0058   0.0058   0.0055   0.0051   0.0047   0.0042   0.0041   0.0040   0.0038   0.0036   0.0035   0.0033   0.0030   0.0028   0.0025   0.0022   0.0016   0.0008  -0.0008
  -0.0053
   1.1800   0.0036   0.0034   0.0032   0.0029   0.0030   0.0029   0.0030   0.0032   0.0033   0.0030   0.0034   0.0035   0.0035   0.0035   0.0031   0.0032   0.0030   0.0029   0.0028   0.0028   0.0028   0.0027   0.0024   0.0023   0.0020   0.0019   0.0013   0.0007  -0.0009
  -0.0054
   1.1850   0.0041   0.0040   0.0039   0.0040   0.0038   0.0039   0.0038   0.0038   0.0038   0.0039   0.0037   0.0038   0.0038   0.0037   0.0035   0.0033   0.0033   0.0032   0.0031   0.0030   0.0029   0.0028   0.0025   0.0023   0.0021   0.0019   0.0013   0.0006  -0.0009
  -0.0054
   1.1900   0.0059   0.0063   0.0065   0.0067   0.0067   0.0067   0.0067   0.0066   0.0063   0.0058   0.0055   0.0055   0.0053   0.0049   0.0044   0.0040   0.0039   0.0038   0.0036   0.0034   0.0034   0.0033   0.0028   0.0026   0.0024   0.0022   0.0015   0.0008  -0.0008
  -0.0054
   1.1950   0.0029   0.0025   0.0023   0.0020   0.0020   0.0020   0.0020   0.0022   0.0025   0.0023   0.0026   0.0029   0.0030   0.0031   0.0028   0.0028   0.0027   0.0027   0.0026   0.0025   0.0027   0.0026   0.0022   0.0021   0.0019   0.0018   0.0012   0.0006  -0.0009
  -0.0056
   1.2000   0.0049   0.0050   0.0051   0.0052   0.0051   0.0052   0.0051   0.0050   0.0048   0.0048   0.0044   0.0044   0.0043   0.0040   0.0039   0.0035   0.0035   0.0034   0.0033   0.0031   0.0029   0.0028   0.0026   0.0024   0.0021   0.0018   0.0013   0.0006  -0.0008
  -0.0047
   1.2050   0.0051   0.0053   0.0055   0.0055   0.0055   0.0055   0.0055   0.0054   0.0052   0.0048   0.0048   0.0046   0.0044   0.0041   0.0038   0.0036   0.0034   0.0033   0.0032   0.0031   0.0027   0.0026   0.0026   0.0024   0.0022   0.0017   0.0014   0.0006  -0.0006
  -0.0038
   1.2100   0.0026   0.0022   0.0020   0.0017   0.0017   0.0017   0.0017   0.0018   0.0020   0.0021   0.0024   0.0023   0.0024   0.0025   0.0026   0.0026   0.0026   0.0025   0.0025   0.0024   0.0021   0.0020   0.0021   0.0020   0.0018   0.0014   0.0011   0.0004  -0.0007
  -0.0040
   1.2150   0.0055   0.0057   0.0059   0.0061   0.0060   0.0061   0.0060   0.0058   0.0055   0.0055   0.0050   0.0048   0.0046   0.0042   0.0041   0.0037   0.0036   0.0035   0.0034   0.0032   0.0028   0.0027   0.0026   0.0024   0.0022   0.0018   0.0014   0.0006  -0.0006
  -0.0040
   1.2200   0.0040   0.0040   0.0040   0.0039   0.0040   0.0039   0.0039   0.0040   0.0039   0.0036   0.0038   0.0037   0.0036   0.0034   0.0033   0.0032   0.0031   0.0030   0.0029   0.0027   0.0025   0.0024   0.0024   0.0022   0.0020   0.0016   0.0013   0.0006  -0.0006
  -0.0039
   1.2250   0.0028   0.0025   0.0023   0.0022   0.0021   0.0021   0.0021   0.0021   0.0023   0.0025   0.0026   0.0025   0.0026   0.0026   0.0027   0.0027   0.0026   0.0026   0.0025   0.0024   0.0022   0.0021   0.0021   0.0020   0.0018   0.0014   0.0011   0.0004  -0.0007
  -0.0040
   1.2300   0.0056   0.0059   0.0062   0.0064   0.0063   0.0064   0.0063   0.0061   0.0058   0.0056   0.0052   0.0050   0.0047   0.0044   0.0041   0.0037   0.0036   0.0034   0.0033   0.0032   0.0029   0.0027   0.0026   0.0024   0.0022   0.0018   0.0014   0.0006  -0.0006
  -0.0039
   1.2350   0.0030   0.0028   0.0026   0.0024   0.0025   0.0024   0.0024   0.0025   0.0027   0.0025   0.0028   0.0028   0.0028   0.0028   0.0027   0.0027   0.0026   0.0025   0.0025   0.0024   0.0022   0.0021   0.0021   0.0020   0.0018   0.0015   0.0011   0.0005  -0.0007
  -0.0040
   1.2400   0.0035   0.0033   0.0032   0.0033   0.0031   0.0032   0.0031   0.0031   0.0031   0.0033   0.0032   0.0031   0.0031   0.0030   0.0031   0.0028   0.0028   0.0028   0.0027   0.0026   0.0023   0.0022   0.0022   0.0020   0.0018   0.0015   0.0011   0.0005  -0.0007
  -0.0041
   1.2450   0.0052   0.0055   0.0058   0.0059   0.0059   0.0059   0.0059   0.0058   0.0055   0.0052   0.0049   0.0048   0.0045   0.0042   0.0039   0.0035   0.0035   0.0033   0.0032   0.0030   0.0028   0.0027   0.0025   0.0023   0.0021   0.0018   0.0013   0.0006  -0.0006
  -0.0040
   1.2500   0.0023   0.0019   0.0017   0.0014   0.0015   0.0014   0.0014   0.0016   0.0018   0.0018   0.0022   0.0022   0.0023   0.0024   0.0023   0.0024   0.0023   0.0023   0.0022   0.0022   0.0021   0.0020   0.0019   0.0018   0.0016   0.0014   0.0010   0.0005  -0.0007
  -0.0041
   1.2550   0.0042   0.0043   0.0043   0.0045   0.0043   0.0044   0.0043   0.0042   0.0041   0.0042   0.0039   0.0038   0.0037   0.0035   0.0034   0.0031   0.0030   0.0029   0.0028   0.0027   0.0025   0.0024   0.0023   0.0021   0.0019   0.0016   0.0012   0.0005  -0.0007
  -0.0041
   1.2600   0.0045   0.0047   0.0048   0.0048   0.0049   0.0048   0.0048   0.0048   0.0046   0.0043   0.0042   0.0042   0.0040   0.0037   0.0034   0.0032   0.0031   0.0030   0.0028   0.0027   0.0026   0.0025   0.0023   0.0021   0.0019   0.0017   0.0012   0.0006  -0.0006
  -0.0040
   1.2650   0.0021   0.0017   0.0014   0.0012   0.0012   0.0012   0.0012   0.0013   0.0015   0.0016   0.0019   0.0020   0.0021   0.0022   0.0022   0.0022   0.0022   0.0022   0.0021   0.0021   0.0020   0.0019   0.0018   0.0017   0.0015   0.0013   0.0010   0.0004  -0.0007
  -0.0041
   1.2700   0.0048   0.0050   0.0052   0.0054   0.0053   0.0054   0.0053   0.0052   0.0049   0.0049   0.0044   0.0044   0.0042   0.0039   0.0037   0.0032   0.0032   0.0031   0.0030   0.0028   0.0027   0.0026   0.0023   0.0021   0.0019   0.0017   0.0012   0.0006  -0.0006
  -0.0040
   1.2750   0.0035   0.0035   0.0035   0.0034   0.0035   0.0034   0.0034   0.0035   0.0035   0.0031   0.0033   0.0033   0.0033   0.0032   0.0029   0.0028   0.0026   0.0026   0.0025   0.0024   0.0024   0.0023   0.0021   0.0019   0.0017   0.0015   0.0011   0.0006  -0.0006
  -0.0040
   1.2800   0.0023   0.0021   0.0019   0.0018   0.0017   0.0017   0.0017   0.0017   0.0019   0.0020   0.0021   0.0022   0.0023   0.0024   0.0023   0.0023   0.0022   0.0022   0.0021   0.0021   0.0021   0.0020   0.0018   0.0017   0.0015   0.0014   0.0009   0.0004  -0.0007
  -0.0042
   1.2850   0.0050   0.0053   0.0056   0.0058   0.0058   0.0058   0.0057   0.0056   0.0053   0.0051   0.0046   0.0046   0.0044   0.0040   0.0037   0.0033   0.0032   0.0031   0.0029   0.0028   0.0028   0.0026   0.0023   0.0021   0.0019   0.0017   0.0012   0.0006  -0.0006
  -0.0040
   1.2900   0.0026   0.0024   0.0023   0.0020   0.0021   0.0020   0.0021   0.0022   0.0024   0.0021   0.0024   0.0025   0.0026   0.0026   0.0023   0.0024   0.0023   0.0022   0.0022   0.0021   0.0022   0.0021   0.0018   0.0017   0.0015   0.0014   0.0010   0.0005  -0.0007
  -0.0041
   1.2950   0.0030   0.0029   0.0028   0.0028   0.0027   0.0028   0.0027   0.0027   0.0027   0.0029   0.0027   0.0028   0.0028   0.0028   0.0027   0.0024   0.0025   0.0024   0.0023   0.0022   0.0023   0.0022   0.0019   0.0017   0.0016   0.0015   0.0010   0.0005  -0.0007
  -0.0042
   1.3000   0.0048   0.0051   0.0053   0.0054   0.0000   0.0000   0.0000   0.0000   0.0000   0.0000   0.0000   0.0000   0.0000   0.0000   0.0000   0.0000   0.0000   0.0000   0.0000   0.0000   0.0000   0.0000   0.0000   0.0000   0.0000   0.0000   0.0000   0.0000   0.0000
   0.0000
