0.  0.5     36.8  2.2  6.0
.5  .75     83.2  4.5 15.3
.75  1.    102.3  5.0 16.9
1.  1.25   121.9  5.3 21.1
1.25 1.5   127.7  5.6 21.6 
1.5  1.75  132.5  5.3 21.9
1.75  2.   121.9  6.2 17.9
2.  2.25   125.2  6.1 18.6
2.25  2.5   96.3  4.2 14.1
2.5  2.75   96.4  7.7 13.0
2.75  3.0   77.9  3.7 10.7
3.0  3.25   73.7  3.5 10.0
3.25 3.5    66.7  3.2  8.8
3.5 4.0     49.6  1.7  7.1
4.0 4.5     39.7  1.4  5.0
4.5 5.5     24.5  0.7  3.3
5.5 6.5     12.6  0.4  1.7
6.5 8.0      6.2  0.24 0.74
8.0 10.0     2.41 0.11 0.28
