195467 3481 72072
195466 3481 1830459
195450 3480 132664
195448 3480 10049
195445 3480 467
195443 3480 90285
195442 3480 1081303
195441 3480 452463
195415 3479 453
195412 3479 430
195410 3479 10034
195407 3479 90298
195391 3478 1918283
195390 3478 1077788
195389 3478 1641438
195384 3478 10037
195382 3478 466
195379 3478 90293
195377 3477 10026
195375 3477 451
195372 3477 90386
195371 3475 1655687
195370 3475 2597506
195369 3475 1029
195363 3474 979
195362 3474 446
195361 3474 456
195360 3474 437
195359 3474 459
195358 3474 459
195357 3474 457
195356 3474 454
195355 3474 692
195354 3474 464
195351 3474 2200516
195350 3474 237839
195346 3474 699942
195344 3474 211834
195341 3474 455
195339 3474 10030
195336 3474 461
195334 3474 90342
195332 3474 2397597
195327 3473 1195700
195326 3473 86565
195324 3472 1390273
195323 3472 108296
195322 3471 621065
195321 3471 637933
195320 3471 1001933
195318 3470 823427
195317 3470 2008017
195316 3470 58013
195315 3470 279318
195311 3469 315620
195310 3469 1566108
195309 3469 563928
195307 3469 10031
195306 3469 10025
195305 3469 474916
195304 3469 19388
195303 3469 603686
195302 3469 1160
195301 3469 1699
195300 3469 133097
195299 3469 2168105
195298 3469 1923400
195297 3469 778305
195296 3469 1885576
195295 3469 1916588
195289 3469 652
195288 3469 543785
195287 3469 652
195286 3469 652
195285 3469 650
195284 3469 573550
195283 3469 989
195282 3469 8750
195281 3469 96539
195280 3469 276502
195279 3469 788
195278 3469 574468
195275 3468 1953652
195274 3468 2074022
195273 3468 2292757
195272 3468 2778297
195269 3468 1110
195268 3468 2904216
195267 3468 207
195265 3468 1728042
195264 3468 446
195263 3468 712919
195261 3468 116977
195233 3467 1163390
195232 3467 2360704
195231 3467 343223
195230 3467 1877120
195229 3467 473702
195228 3467 473741
195227 3467 10041
195226 3467 6317415
195225 3467 87241
195224 3467 10041
195223 3467 138
195222 3466 2807071
195221 3466 2855050
195218 3466 27895
195217 3466 26994
195216 3466 164
195215 3466 1527096
195213 3466 1273798
195211 3466 1093983
195210 3466 460
195209 3466 1191813
195208 3466 104719
195207 3466 286712
195205 3466 1008045
195204 3466 456076
195203 3466 1136
195202 3466 597
195201 3466 1620
195200 3466 607657
195199 3466 610006
195198 3466 459559
195197 3466 611936
195196 3466 489410
195195 3466 652
195194 3466 831
195193 3466 31353
195192 3466 2603
195191 3466 4085318
195190 3466 783480
195189 3466 2293524
195188 3466 1446
195186 3466 712
195185 3466 676
195184 3466 585
195183 3465 317391
195182 3465 450
195081 3465 6750104
195080 3465 272149
194902 3463 660
194901 3463 1380
194900 3463 3520
194899 3463 1053
194898 3463 3141971
194896 3463 5891112
194895 3463 2857920
194894 3463 612
194892 3463 1560744
194891 3463 407349
194890 3463 8587593
194889 3463 4714705
194887 3463 494957
194886 3463 227814
194884 3463 465
194883 3463 2095991
194882 3463 180
194881 3463 467713
194880 3463 692
194879 3463 2208116
194878 3463 2063201
194877 3463 2302200
194876 3463 1530191
194875 3463 1310
194874 3463 5085648
194873 3463 462
194872 3463 1154894
194871 3463 460
194866 3462 5015415
194865 3462 1798341
194864 3462 14505139
194863 3461 12524012
194862 3461 1148255
194754 3461 273654
194752 3461 5326
194750 3461 622061
194749 3461 468
194747 3461 937926
194746 3461 168016
194740 3461 15488
194739 3461 7693346
194738 3461 10287140
194736 3461 306289
194735 3461 8509011
194734 3461 159796
194733 3461 590
194732 3461 227177
194731 3461 459
194729 3461 168492
194728 3461 465
194727 3461 162672
194726 3461 2581946
194724 3461 1523263
194723 3461 1164265
194721 3460 9369498
194720 3460 7276610
194719 3460 3910875
194718 3460 108071
194717 3460 12483
194716 3460 222161
194715 3460 2080604
194714 3460 449
194713 3460 1588437
194712 3460 23457
194701 3459 7102
194700 3459 1306
194699 3459 1128630
194698 3459 874
194697 3459 1861351
194696 3459 458
194695 3459 633
194694 3459 893567
194693 3459 1756858
194692 3459 468
194691 3459 42813
194688 3459 1000738
194687 3459 452
194681 3459 10919675
194680 3459 417280
194679 3459 699
193766 3453 701381
193765 3453 8348
193763 3453 265019
193762 3453 774
193760 3453 883625
193759 3453 443568
193758 3453 335587
193757 3453 2142
193756 3453 100055
193755 3453 7879356
193754 3453 814
193753 3453 410286
193752 3453 297607
193751 3453 51061
193750 3453 374120
193749 3453 274503
193748 3453 987
193747 3453 46384
193746 3453 43696
193744 3453 784
193743 3453 3365074
193742 3453 783
193741 3453 807
193740 3453 48431
193739 3453 12575
193738 3453 1036905
193736 3453 27553
193735 3453 818582
193734 3453 26973
193733 3453 20129
193730 3453 464
193725 3453 4163647
193724 3453 362374
193723 3453 404822
193721 3447 1114749
193720 3443 447
193719 3443 472
193716 3443 924
193715 3443 92310
193714 3443 2823
193703 3442 42516
193702 3442 66961
193701 3442 71962
193700 3442 35398
193699 3442 54760
193698 3442 91386
193696 3442 106026
193695 3442 5931
193693 3442 117670
193691 3442 477
193679 3441 1923125
193678 3441 609
193677 3441 882389
193675 3441 3228937
193674 3441 39713
193673 3441 793
193672 3441 90262
193671 3441 469
193670 3441 1748939
193669 3441 841
193666 3441 458
193665 3441 271162
193664 3441 763
193663 3441 361742
193662 3441 22355
193661 3441 787
193660 3441 356093
193659 3441 849
193644 3440 32097
193643 3440 52557
193642 3440 199
193641 3440 1683741
193640 3440 496
193639 3440 1061
193638 3439 1637921
193637 3438 2875206
193636 3438 454
193630 3436 1013286
193629 3435 6459543
193628 3433 5494704
193627 3432 3687954
193624 3430 9339696
193623 3430 824
193622 3430 6041301
193621 3430 7887
193620 3430 273
193619 3430 1382483
193618 3429 37389310
193617 3428 126138
193616 3428 1141
193615 3428 117588
193614 3428 1122
193613 3428 8472800
193612 3428 124979638
193611 3428 610
193610 3428 21836
193609 3428 7681331
193608 3428 2670503
193607 3428 796
193606 3428 791276
193605 3428 625379
193604 3428 1134
193603 3428 891
193602 3427 4305558
193601 3427 24342635
193600 3427 860
193594 3426 6266275
193593 3425 4725083
193592 3425 38728
193591 3425 61995
193589 3423 4643
193588 3420 112347476
193587 3420 840
193586 3420 1558876
193585 3420 1142
193584 3419 12979093
193583 3419 6281001
193582 3419 741
193581 3419 850042
193580 3419 18304
193579 3419 739
193578 3419 777
193577 3419 795
193576 3419 781
193575 3419 7562224
193574 3419 804
193573 3419 6614768
193572 3419 98841
193570 3419 467
193569 3419 462
193568 3419 14146
193567 3419 5612143
193566 3419 823
193565 3419 2555479
193564 3419 911442
193563 3419 531191
193562 3419 3186918
193561 3419 1067
193560 3419 1774535
193559 3418 530760
193558 3418 10773
193557 3418 454
193553 3413 11682800
193552 3413 99206726
193551 3413 849
193550 3413 772
193549 3413 1521
193548 3413 1602
193547 3413 1490
193546 3413 1558
193545 3413 1559
193544 3413 1290860
193543 3413 1025
193541 3413 1522
193538 3413 1418
193537 3413 465346
193536 3413 1634
193506 3413 2022740
193505 3413 446
193504 3412 1216034
193502 3410 2098796
193499 3409 236800
193498 3409 52134
193497 3409 64174
193481 3408 4083215
193480 3408 159471
193479 3408 98234
193477 3406 18078569
193476 3406 5180
193475 3406 785
193474 3406 605764
193473 3405 18551734
193472 3405 2083897
193471 3405 3885984
193470 3405 820
193469 3404 330602014
193468 3404 743
193467 3404 10859627
193466 3402 5512979
193465 3402 1372227
193464 3401 1901443
193463 3401 1748549
193462 3401 70502
193461 3398 37762945
193460 3398 596
193459 3398 561014
193456 3398 15321
193454 3398 1179567
193452 3398 1115659
193449 3398 741134
193446 3396 34660841
193445 3396 308913
193444 3396 10442
193443 3396 2333
193442 3396 20011
193441 3396 13518
193440 3396 1816
193439 3396 35746
193438 3396 1984
193437 3396 17651
193436 3396 15677
193435 3396 1800
193434 3396 4467
193433 3396 554
193432 3394 38558534
193431 3394 393825
193428 3393 20904820
193427 3393 562
193425 3392 8042513
193424 3392 789
193423 3391 11776674
193422 3391 3082
193421 3391 1372
193420 3391 3393001
193419 3390 21346157
193418 3389 15817744
193417 3389 2995409
193416 3389 8764
193415 3388 4954703
193414 3388 446295
193413 3385 5210660
193412 3385 600
193411 3384 672277
193410 3383 64118
193409 3383 1728
193408 3382 1401348
193407 3382 16162
193406 3382 20431
193404 3380 2219323
193403 3380 3407364
193401 3380 1123663
193398 3380 4006
193396 3379 1054419
193394 3379 481
193392 3379 439
193391 3379 452
193390 3379 431
193389 3379 456
193388 3379 445
193387 3379 447
193386 3379 401870
193385 3379 437
193384 3379 442
193383 3379 430
193382 3379 437
193381 3379 444
193380 3379 443
193379 3379 450
193378 3379 451
193377 3379 452
193376 3379 460
193375 3379 463
193374 3379 452
193373 3379 477
193372 3379 451
193370 3379 36555
193368 3379 297860
193363 3379 24963
193362 3379 10139
193357 3379 217582
193356 3379 254015
193355 3379 586
193341 3378 1099067
193339 3378 263536
193337 3378 184
193335 3378 446
193332 3378 90346
193323 3377 90340
193301 3375 8500332
193300 3375 10031
193299 3375 332889
193298 3375 125761
193297 3375 1970525
193295 3375 188344
193290 3375 455
193287 3375 90303
193279 3374 103734
193278 3374 10032
193277 3374 23274
193276 3374 271633
193275 3374 26370
193274 3374 1550419
193270 3374 344183
193268 3374 146
193267 3374 460
193264 3374 90293
193263 3374 116
193262 3373 1314
193258 3372 1391
193257 3371 421
193256 3371 205
193246 3370 358548
193245 3370 22566
193244 3370 28794
193243 3370 1398843
193240 3370 331895
193236 3370 404289
193234 3370 461
193231 3370 90272
193230 3368 602
193228 3367 2192566
193227 3367 1330105
193226 3366 280169
193225 3366 681028
193224 3366 115610
193223 3366 1106
193221 3366 148339
193220 3366 1236
193219 3366 145101
193194 3363 441774
193193 3363 1091361
193192 3363 305249
193189 3363 1681237
193188 3363 434450
193187 3363 966938
193186 3363 672
193185 3363 1135
193184 3363 304917
193183 3363 10038
193182 3363 5762532
193179 3363 1160450
193177 3363 451
193174 3363 90302
193171 3362 90339
193170 3361 449
193167 3361 90329
193166 3361 195
193163 3361 448
193156 3360 2286421
193155 3360 2698821
193154 3360 756
193153 3360 411219
193152 3360 181050
193151 3360 431077
193150 3360 348009
193149 3360 456
193148 3360 521407
193147 3360 812
193146 3360 448
193145 3360 10033
193144 3360 5672685
193141 3360 919419
193139 3360 451
193136 3360 90276
193135 3359 466
193132 3359 90268
193131 3358 2082518
193130 3354 143094
193129 3354 66454
193128 3353 29341
193127 3353 156332
193126 3353 55805
193124 3352 839
193123 3352 315
193122 3352 1888
193120 3352 41560
193119 3352 281653
193118 3352 1163636
193117 3352 73880
193116 3352 222356
193115 3352 100774
193114 3352 91546
193113 3352 118109
193112 3352 351751
193111 3352 490615
193110 3352 125311
193109 3352 47202
193108 3352 776
193107 3352 300952
193097 3351 873639
193096 3351 614
193095 3351 614
193094 3351 1019666
193093 3351 347851
193092 3351 855739
193091 3351 532
193090 3351 622
193089 3351 10034
193084 3351 1807765
193079 3351 454027
193078 3351 449
193075 3351 90366
193052 3350 14947
193051 3350 1809534
193050 3350 614
193049 3350 487812
193048 3350 1798
193047 3350 260499
193046 3350 724107
193044 3350 1573794
193039 3350 382
193034 3350 460
193031 3350 90331
193030 3350 383
193029 3350 53253
193026 3350 79749
193023 3349 347970
193022 3348 144701
193021 3348 24568
193014 3347 418374
193011 3347 365493
193010 3347 174640
193008 3347 225371
193007 3347 976300
193006 3347 10030
193005 3347 615581
193004 3347 1251977
193000 3347 1264945
192999 3347 21763
192997 3347 20945
192996 3347 9174
192992 3347 460
192991 3347 456
192988 3347 90356
192987 3347 1032156
192986 3347 6010
192983 3345 4589491
192982 3345 242
192981 3345 452
192979 3345 1598218
192978 3344 1191687
192977 3343 519965
192976 3343 1345514
192975 3343 618396
192945 3342 2218821
192943 3341 982877
192941 3339 9152289
192940 3339 5786768
192931 3338 213712
192930 3338 20999
192929 3338 3752060
192928 3338 4369
192927 3338 895655
192926 3338 1092
192925 3338 402276
192924 3338 419
192923 3338 315
192922 3338 289180
192920 3338 195623
192919 3338 645201
192916 3337 1937052
192915 3337 1448955
192914 3337 3136765
192913 3337 842229
192912 3337 1541213
192911 3337 5717735
192910 3337 3321412
192909 3337 461
192908 3335 15983893
192907 3333 11449305
192906 3329 6629393
192904 3328 1916
192901 3328 588290
192899 3328 271818
192898 3328 665
192897 3328 1201148
192896 3328 1819643
192895 3328 445562
192894 3328 451
192893 3327 1803662
192892 3327 920011
192891 3327 856
192890 3327 94580
192889 3327 351898
192888 3326 3035434
192887 3326 714886
192875 3326 1364100
192872 3325 5907578
192871 3325 4345484
192870 3325 20175058
192869 3325 2830606
192868 3325 711543
192867 3325 644
192866 3325 644
192864 3325 540
192863 3325 610
192862 3325 277185
192861 3325 450340
192860 3325 218
192853 3325 186
192850 3325 186
192849 3325 225
192848 3325 224
192847 3325 184
192846 3325 180
192844 3324 943721
192843 3324 31778
192842 3324 702961
192839 3324 458
192838 3324 3579683
192824 3323 574049
192822 3323 1371974
192820 3323 617723
192817 3323 584563
192816 3323 198315
192815 3323 214
192813 3323 155821
192812 3323 451
192811 3323 93121
192809 3323 24838167
192808 3323 1644979
192807 3323 455
192806 3323 108726
192805 3323 40621
192804 3323 60381
192800 3323 11805195
192799 3323 158392
192798 3323 1367318
192797 3323 136
192796 3323 204194
192791 3323 460
192788 3323 90331
192787 3323 6952157
192779 3322 1185837
192778 3322 709346
192777 3322 20384866
192776 3322 661
192775 3322 807033
192772 3322 1397987
192765 3322 2607935
192764 3322 193
192762 3322 363770
192760 3322 463
192757 3322 90424
192750 3319 542315
192749 3319 41117
192747 3319 289566
192746 3319 151
192745 3319 287655
192742 3319 463
192740 3319 90499
192732 3318 1443735
192731 3318 830249
192730 3318 614
192729 3318 2208969
192727 3318 3063062
192726 3318 152
192724 3318 356739
192722 3318 461
192719 3318 90284
192712 3316 73577
192711 3316 1881957
192710 3316 5921838
192709 3316 1669053
192708 3316 5369420
192707 3316 6399232
192706 3316 449
192705 3316 122
192700 3316 90420
192699 3315 675187
192696 3314 97258
192695 3314 245259
192690 3314 90352
192688 3311 16605100
192687 3311 463
192680 3311 90377
192678 3309 90382
192577 3307 115756
192576 3307 602
192575 3307 797
192572 3305 1415015
192554 3300 170203
192553 3300 278
192552 3300 278
192551 3300 156204
192550 3300 226
192549 3300 232694
192548 3300 1119490
192547 3300 422973
192546 3300 14726
192545 3300 179
192544 3300 134590
192543 3300 235
192542 3300 384490
192540 3300 266
192537 3300 142403
192536 3300 228
192535 3300 1305108
192534 3300 150677
192533 3300 1798804
192531 3300 487435
192528 3300 449
192525 3300 90281
192511 3299 284724
192510 3299 529259
192509 3299 10852091
192508 3299 2319266
192507 3299 265518
192506 3299 743
192505 3299 1099928
192504 3299 46845
192503 3299 6576436
192502 3299 28529
192501 3299 38806
192500 3299 1599463
192499 3299 761277
192497 3299 458974
192496 3299 9324776
192495 3299 862
192494 3299 91694
192493 3299 881
192492 3299 602584
192491 3299 233421
192490 3299 1760
192489 3299 108887
192488 3299 1777
192487 3299 49224
192486 3299 1418
192485 3299 57664
192484 3299 1073
192483 3299 49260
192482 3299 1372
192481 3299 71051
192480 3299 1650
192479 3299 169028
192478 3299 983
192477 3299 18930
192476 3299 1039522
192475 3299 746
192471 3299 1175517
192468 3299 445469
192467 3299 289149
192466 3299 597
192465 3299 443
192464 3299 466
192463 3299 442
192462 3299 447
192461 3299 379953
192460 3299 75550
192459 3299 478
192458 3299 453
192457 3299 29849
192456 3299 450
192455 3299 474
192454 3299 909
192453 3299 810454
192452 3299 12281
192451 3299 142124
192450 3299 467
192449 3299 469
192448 3299 444
192447 3299 642609
192445 3299 261063
192442 3299 466
192439 3299 90208
192436 3299 861
192435 3299 1438450
192417 3298 107756
192416 3298 53412
192415 3298 238294
192414 3298 15980
192410 3298 115919
192409 3298 1132
192408 3298 109725
192407 3298 1103
192406 3298 110959
192405 3298 1128
192404 3298 121187
192403 3298 1216
192401 3298 90363
192400 3298 324604
192399 3298 558
192398 3298 139979
192390 3297 449
192387 3297 90246
192379 3296 1940734
192378 3296 781511
192377 3296 710
192376 3296 731934
192375 3296 32354
192374 3296 155479
192373 3296 826
192372 3296 130243
192371 3296 789
192370 3296 28721
192369 3296 583
192368 3296 40335
192367 3296 594
192366 3296 3441
192365 3296 5468
192364 3296 578
192363 3296 9168
192362 3296 573
192361 3296 23956
192360 3296 567
192359 3296 247586
192358 3296 871
192357 3296 957
192349 3296 5172873
192348 3296 1357654
192347 3296 718948
192346 3296 566
192345 3296 1139
192344 3296 76810
192342 3296 86802
192339 3296 453
192336 3296 90344
192283 3295 453
192280 3295 90307
192271 3294 90330
192264 3293 327846
192259 3293 330885
192258 3293 80988
192257 3293 453
192255 3293 90392
192254 3293 840135
192253 3293 148
192246 3292 585180
192245 3292 472
192244 3292 1510839
192242 3292 389250
192239 3292 435
192236 3292 90229
192229 3291 466
192226 3291 90251
192216 3290 90313
192213 3289 90223
192205 3288 2309032
192202 3288 432648
192201 3288 920704
192200 3288 196153
192199 3288 1174522
192198 3288 461
192197 3288 1161279
192196 3288 44570
192195 3288 460
192194 3288 950847
192193 3288 1879
192192 3288 1705945
192190 3288 290515
192187 3288 449
192184 3288 90290
192177 3287 2712483
192176 3287 15237
192175 3287 113
192174 3287 396418
192173 3287 590
192172 3287 823885
192171 3287 1402347
192166 3287 352247
192164 3287 464
192161 3287 90414
192155 3287 8388542
192141 3286 251027
192140 3286 978769
192139 3286 366
192136 3286 398232
192133 3286 15466
192132 3286 586
192131 3286 237
192130 3286 586
192129 3286 329
192128 3286 691258
192127 3286 32777
192125 3286 682783
192121 3286 281494
192120 3286 225758
192119 3286 1158224
192117 3286 748359
192115 3286 103297
192112 3286 468
192109 3286 90258
192102 3285 11384
192095 3285 1702799
192087 3285 111542
192086 3285 1113
192083 3285 112231
192082 3285 1160
192079 3285 814
192078 3285 839
192077 3285 839
192075 3285 616731
192074 3285 614
192073 3285 2521458
192072 3285 222356
192067 3285 458102
192066 3285 22821
192065 3285 457
192062 3285 90312
192050 3284 5497380
192048 3284 209622
192019 3283 90330
192018 3282 813808
192017 3280 382004
192004 3279 1724906
192003 3279 1954823
192000 3279 49887
191996 3279 450140
191995 3279 447
191992 3279 90328
191991 3277 462
191988 3277 90249
191987 3276 21597
191973 3276 777856
191971 3276 643995
191970 3275 40853
191969 3274 3130901
191967 3274 680
191965 3274 1337707
191964 3274 207773
191963 3274 1656987
191962 3274 460
191961 3274 92137
191960 3274 2830095
191853 3273 45792
191851 3273 1276915
191850 3273 448
191849 3273 1058716
191848 3273 936649
191846 3273 324652
191841 3273 90290
191840 3273 458
191825 3273 85130
191821 3273 1012
191752 3272 111313
191751 3272 1591020
191750 3272 174
191745 3272 377263
191744 3272 457
191742 3272 206992
191741 3271 2855
191740 3271 706572
191735 3271 3331354
191734 3271 574
191733 3271 4397373
191732 3271 269652
191731 3270 1753617
191719 3269 1603424
191718 3269 215676
191717 3269 2590580
191716 3269 453
191715 3269 3110260
191714 3269 343016
191709 3269 227939
191705 3269 467
191702 3269 90278
191701 3269 31328
191700 3269 1140272
191699 3268 4719144
191698 3267 2095660
191697 3267 3052000
191600 3266 111687
191599 3266 1510731
191598 3266 1097
191594 3266 7289
191593 3266 563900
191592 3266 687370
191591 3266 87945
191590 3266 116310
191587 3266 342935
191585 3266 1332311
191578 3266 128661
191576 3266 2197225
191573 3266 484
191571 3266 90318
191556 3265 2310
191555 3265 3066
191554 3265 339802
191551 3265 2439840
191549 3265 595212
191548 3265 439894
191547 3265 44302
191543 3265 166
191539 3265 798285
191535 3265 260
191532 3265 231
191527 3265 959936
191524 3265 357
191523 3265 357
191521 3265 210896
191519 3265 458
191514 3265 90544
191513 3265 5668194
191512 3265 20519684
191511 3265 56763
191509 3265 279
191508 3265 243
191506 3265 214
191505 3265 591
191487 3264 448
191485 3264 332892
191484 3264 184
191483 3264 184
191480 3264 447
191477 3264 90289
191475 3263 5166938
191466 3262 449
191463 3262 90337
191462 3262 1338
191451 3261 887639
191450 3261 451593
191449 3261 45768
191448 3261 1547319
191447 3261 587528
191446 3261 214
191445 3261 65667
191443 3261 329723
191440 3261 467
191439 3261 464
191435 3261 188045
191433 3261 90345
191388 3259 1178673
191383 3259 260652
191382 3259 466
191381 3259 104806
191380 3259 4589382
191376 3259 427603
191375 3259 467
191372 3259 90244
191360 3254 3710605
191359 3254 1288746
191344 3253 332934
191343 3253 239622
191340 3253 267152
191337 3253 312079
191336 3253 462
191329 3253 388285
191328 3253 90333
191327 3253 11906
191324 3253 449
191309 3252 2195246
191307 3252 270967
191306 3252 184
191303 3252 449
191300 3252 90297
191275 3250 2779061
191274 3250 123964
191272 3250 473
191266 3250 16713
191265 3250 5512
191263 3250 100527
191262 3250 49597
191259 3250 90456
191258 3250 181493
191248 3249 697798
191247 3249 262129
191245 3249 190486
191244 3249 1498588
191242 3249 349878
191241 3249 24437
191240 3249 812
191239 3249 812
191238 3249 576
191237 3249 544
191236 3249 470
191235 3249 510
191234 3249 477738
191232 3249 905801
191231 3249 164744
191230 3249 208480
191229 3249 586031
191227 3249 411924
191226 3249 31261
191225 3249 16741
191224 3249 1670355
191222 3249 386591
191218 3249 51215
191217 3249 510058
191216 3249 63897
191215 3249 461
191212 3249 90257
191211 3246 524
191210 3246 636571
191208 3246 273264
191207 3246 203077
191206 3246 848421
191205 3246 2507779
191204 3246 585477
191203 3246 1968
191199 3245 386551
191198 3245 627349
191163 3244 1333415
191159 3244 411509
191158 3244 460
191153 3244 90291
191152 3244 851315
191150 3244 190413
191149 3243 1853531
191129 3242 189204
191128 3242 23277
191126 3242 314
191121 3242 321610
191120 3242 214
191119 3242 77436
191118 3242 73905
191114 3242 548920
191110 3242 897905
191105 3242 579265
191104 3242 455
191101 3242 90307
191100 3241 333547
191099 3241 62353
191083 3240 239728
191082 3240 170
191081 3240 34651
191079 3240 191429
191076 3240 450
191075 3240 34478
191074 3240 454
191073 3240 39494
191072 3240 69366
191071 3240 42648
191068 3240 90290
191066 3240 1529664
191065 3240 31605
191064 3240 5358
191063 3240 192797
191062 3240 595933
191059 3240 46693
191041 3239 90359
191032 3238 3267690
191031 3238 101377
191022 3238 290961
191021 3238 462
191018 3238 90438
190984 3236 440620
190983 3236 1222859
190981 3236 3357920
190980 3236 477
190979 3236 177980
190975 3236 125811
190974 3236 1797584
190973 3236 54672
190972 3236 49266
190970 3236 180784
190969 3236 569777
190968 3236 284183
190967 3236 2184
190966 3236 14704
190965 3236 4299
190963 3236 182
190962 3236 1576758
190961 3236 2474728
190960 3236 3032912
190955 3236 735985
190953 3236 461
190950 3236 90309
190949 3236 668497
190947 3236 31589
190946 3235 354165
190945 3235 269531
190944 3235 440365
190920 3233 90267
190919 3233 664675
190918 3233 294
190917 3233 495
190916 3233 349
190905 3232 36696
190904 3232 978609
190903 3232 174720
190902 3232 30466
190898 3232 2148663
190897 3232 117736
190895 3232 324538
190894 3232 88655
190893 3232 3428
190892 3232 275
190879 3232 1251241
190870 3232 328737
190867 3232 19198
190866 3232 84583
190864 3232 161706
190861 3232 456
190858 3232 90306
190857 3232 794
190856 3232 954
190848 3231 643901
190844 3231 347080
190843 3231 475
190842 3231 455
190839 3231 90302
190838 3230 801152
190837 3230 127083
190836 3230 1102
190835 3230 118143
190834 3230 1133
190822 3229 192614
190821 3229 114160
190819 3229 93040
190818 3229 98233
190815 3229 414619
190813 3229 475
190810 3229 90337
190714 3226 700008
190712 3226 224881
190709 3226 471
190706 3226 90353
190705 3226 240120
190696 3225 446
190693 3225 90296
190685 3223 519289
190683 3223 296351
190680 3223 449
190676 3223 90398
190675 3222 6021537
190674 3222 1423325
190673 3221 1657927
190672 3221 165558
190671 3221 106316
190670 3221 2834347
190669 3221 125473
190668 3221 1042
190667 3221 49131
190666 3221 103694
190665 3221 1036
190656 3220 451
190655 3220 60732
190654 3220 49850
190653 3220 452
190652 3220 70785
190649 3220 90348
190648 3220 341418
190646 3219 602
190645 3219 661786
190644 3219 376661
190643 3218 48106
190642 3218 24800
190641 3218 1544754
190640 3218 96894
190639 3218 31360
190630 3217 26392
190629 3217 484171
190628 3217 172280
190627 3217 2448197
190626 3217 1102909
190622 3216 18773072
190621 3216 22242242
190620 3216 737082
190602 3215 10562971
190601 3215 169434
190598 3215 65775
190595 3215 569777
190594 3215 173183
190585 3214 1570273
