# FONLL heavy quark hadroproduction cross section, calculated on Mon Jul 13 15:36:53 CEST 2020
# FONLL version and perturbative order: ## FONLL v1.3.2 fonll [ds/dpt^2dy (pb/GeV^2)]
# quark = bottom
# final state = meson. NP params (cm,lm,hm) = 24.2, 26.7, 22.2
# BR(q->meson) = 1
# ebeam1 = 6500, ebeam2 = 6500
# PDF set = CTEQ6.6
# ptmin = 0.025
# ptmax = 100.025
# ymin  = -0.5
# ymax  = 0.5
# Uncertainties from scales, masses, PDFs combined quadratically
# cross section is ds/dpt (pb/GeV)
# pt      central      min       max       min_sc     max_sc     min_mass   max_mass     min_pdf    max_pdf   fr=.5 .5     fr=2 2     fr=2 1     fr=1 2    fr=1 .5    fr=.5 1
   0.0250 1.6112e+05 6.5334e+04 2.5772e+05 7.3856e+04 2.4623e+05 1.3169e+05 1.9848e+05 1.3478e+05 1.8746e+05 1.2593e+05 1.7169e+05 2.2368e+05 1.1491e+05 2.4623e+05 7.3856e+04
   1.0250 5.6292e+06 2.4359e+06 8.7024e+06 2.7329e+06 8.2848e+06 4.6318e+06 6.8855e+06 4.7272e+06 6.5312e+06 4.5766e+06 5.9485e+06 7.4631e+06 4.1062e+06 8.2848e+06 2.7329e+06
   2.0250 8.6377e+06 4.0375e+06 1.2955e+07 4.4706e+06 1.2346e+07 7.2113e+06 1.0405e+07 7.3104e+06 9.9650e+06 7.3029e+06 9.0841e+06 1.1181e+07 6.4124e+06 1.2346e+07 4.4706e+06
   3.0250 9.3003e+06 4.7106e+06 1.3736e+07 5.1380e+06 1.3170e+07 7.8888e+06 1.1017e+07 7.9777e+06 1.0623e+07 8.2171e+06 9.6588e+06 1.1933e+07 6.9484e+06 1.3170e+07 5.1380e+06
   4.0250 8.4941e+06 4.6302e+06 1.2480e+07 4.9777e+06 1.2066e+07 7.3271e+06 9.8821e+06 7.3971e+06 9.5910e+06 7.8364e+06 8.6540e+06 1.0853e+07 6.3396e+06 1.2066e+07 4.9777e+06
   5.0250 7.0577e+06 4.1083e+06 1.0333e+07 4.3633e+06 1.0061e+07 6.1879e+06 8.0699e+06 6.2314e+06 7.8841e+06 6.7781e+06 7.0496e+06 8.9626e+06 5.2581e+06 1.0061e+07 4.3633e+06
   6.0250 5.5608e+06 3.4324e+06 8.0990e+06 3.6110e+06 7.9272e+06 4.9480e+06 6.2606e+06 4.9668e+06 6.1548e+06 5.5376e+06 5.4571e+06 6.9978e+06 4.1433e+06 7.9272e+06 3.6110e+06
   7.0250 4.2682e+06 2.7675e+06 6.1720e+06 2.8908e+06 6.0632e+06 3.8454e+06 4.7439e+06 3.8485e+06 4.6880e+06 4.3763e+06 4.1273e+06 5.3130e+06 3.1875e+06 6.0632e+06 2.8908e+06
   8.0250 3.2438e+06 2.1923e+06 4.6503e+06 2.2778e+06 4.5801e+06 2.9528e+06 3.5675e+06 2.9474e+06 3.5402e+06 3.4026e+06 3.0998e+06 3.9918e+06 2.4322e+06 4.5801e+06 2.2778e+06
   9.0250 2.4644e+06 1.7170e+06 3.4995e+06 1.7764e+06 3.4530e+06 2.2622e+06 2.6870e+06 2.2534e+06 2.6753e+06 2.6207e+06 2.3328e+06 2.9982e+06 1.8573e+06 3.4530e+06 1.7764e+06
  10.0250 1.8810e+06 1.3460e+06 2.6448e+06 1.3882e+06 2.6132e+06 1.7389e+06 2.0364e+06 1.7290e+06 2.0330e+06 2.0229e+06 1.7673e+06 2.2635e+06 1.4260e+06 2.6132e+06 1.3882e+06
  11.0250 1.4463e+06 1.0590e+06 2.0133e+06 1.0894e+06 1.9913e+06 1.3449e+06 1.5565e+06 1.3352e+06 1.5574e+06 1.5689e+06 1.3510e+06 1.7226e+06 1.1033e+06 1.9913e+06 1.0894e+06
  12.0250 1.1220e+06 8.3752e+05 1.5465e+06 8.5981e+05 1.5308e+06 1.0486e+06 1.2012e+06 1.0395e+06 1.2044e+06 1.2245e+06 1.0433e+06 1.3238e+06 8.6139e+05 1.5308e+06 8.5981e+05
  13.0250 8.7793e+05 6.6212e+05 1.1985e+06 6.7836e+05 1.1870e+06 8.2407e+05 9.3577e+05 8.1590e+05 9.3996e+05 9.6328e+05 8.1352e+05 1.0269e+06 6.7836e+05 1.1870e+06 6.8371e+05
  14.0250 6.9310e+05 5.2698e+05 9.3726e+05 5.3896e+05 9.2879e+05 6.5309e+05 7.3584e+05 6.4580e+05 7.4039e+05 7.6390e+05 6.4048e+05 8.0413e+05 5.3896e+05 9.2879e+05 5.4783e+05
  15.0250 5.5217e+05 4.2304e+05 7.3997e+05 4.3203e+05 7.3358e+05 5.2210e+05 5.8414e+05 5.1562e+05 5.8872e+05 6.1057e+05 5.0920e+05 6.3592e+05 4.3203e+05 7.3358e+05 4.4216e+05
  16.0250 4.4341e+05 3.4217e+05 5.8911e+05 3.4901e+05 5.8423e+05 4.2056e+05 4.6758e+05 4.1484e+05 4.7198e+05 4.9156e+05 4.0827e+05 5.0724e+05 3.4901e+05 5.8423e+05 3.5932e+05
  17.0250 3.5882e+05 2.7879e+05 4.7280e+05 2.8406e+05 4.6901e+05 3.4129e+05 3.7727e+05 3.3625e+05 3.8139e+05 3.9856e+05 3.3000e+05 4.0793e+05 2.8406e+05 4.6901e+05 2.9396e+05
  18.0250 2.9256e+05 2.2878e+05 3.8245e+05 2.3290e+05 3.7947e+05 2.7900e+05 3.0678e+05 2.7454e+05 3.1058e+05 3.2543e+05 2.6884e+05 3.3070e+05 2.3290e+05 3.7947e+05 2.4208e+05
  19.0250 2.4020e+05 1.8897e+05 3.1166e+05 1.9222e+05 3.0929e+05 2.2961e+05 2.5125e+05 2.2568e+05 2.5472e+05 2.6745e+05 2.2059e+05 2.7008e+05 1.9222e+05 3.0929e+05 2.0056e+05
  20.0250 1.9848e+05 1.5704e+05 2.5572e+05 1.5964e+05 2.5381e+05 1.9016e+05 2.0713e+05 1.8668e+05 2.1028e+05 2.2114e+05 1.8220e+05 2.2209e+05 1.5964e+05 2.5381e+05 1.6711e+05
  21.0250 1.6501e+05 1.3126e+05 2.1116e+05 1.3336e+05 2.0962e+05 1.5842e+05 1.7184e+05 1.5534e+05 1.7468e+05 1.8392e+05 1.5144e+05 1.8381e+05 1.3336e+05 2.0962e+05 1.4000e+05
  22.0250 1.3798e+05 1.1032e+05 1.7543e+05 1.1203e+05 1.7417e+05 1.3273e+05 1.4340e+05 1.3000e+05 1.4596e+05 1.5381e+05 1.2662e+05 1.5306e+05 1.1203e+05 1.7417e+05 1.1790e+05
  23.0250 1.1601e+05 9.3200e+04 1.4659e+05 9.4597e+04 1.4554e+05 1.1179e+05 1.2034e+05 1.0938e+05 1.2264e+05 1.2931e+05 1.0646e+05 1.2818e+05 9.4597e+04 1.4554e+05 9.9774e+04
  24.0250 9.8028e+04 7.9113e+04 1.2316e+05 8.0268e+04 1.2229e+05 9.4623e+04 1.0152e+05 9.2481e+04 1.0358e+05 1.0925e+05 8.9968e+04 1.0793e+05 8.0268e+04 1.2229e+05 8.4826e+04
  25.0250 8.3234e+04 6.7461e+04 1.0401e+05 6.8423e+04 1.0328e+05 8.0468e+04 8.6056e+04 7.8566e+04 8.7901e+04 9.2733e+04 7.6403e+04 9.1338e+04 6.8423e+04 1.0328e+05 7.2434e+04
  26.0250 7.0994e+04 5.7774e+04 8.8254e+04 5.8581e+04 8.7638e+04 6.8736e+04 7.3290e+04 6.7045e+04 7.4943e+04 7.9063e+04 6.5184e+04 7.7664e+04 5.8581e+04 8.7638e+04 6.2111e+04
  27.0250 6.0817e+04 4.9682e+04 7.5226e+04 5.0364e+04 7.4703e+04 5.8964e+04 6.2695e+04 5.7458e+04 6.4176e+04 6.7694e+04 5.5857e+04 6.6334e+04 5.0364e+04 7.4703e+04 5.3473e+04
  28.0250 5.2314e+04 4.2891e+04 6.4402e+04 4.3471e+04 6.3954e+04 5.0785e+04 5.3858e+04 4.9443e+04 5.5185e+04 5.8198e+04 4.8063e+04 5.6902e+04 4.3471e+04 6.3954e+04 4.6211e+04
  29.0250 4.5176e+04 3.7166e+04 5.5365e+04 3.7661e+04 5.4980e+04 4.3909e+04 4.6452e+04 4.2711e+04 4.7641e+04 5.0227e+04 4.1519e+04 4.9011e+04 3.7661e+04 5.4980e+04 4.0079e+04
  30.0250 3.9156e+04 3.2318e+04 4.7785e+04 3.2743e+04 4.7452e+04 3.8102e+04 4.0216e+04 3.7031e+04 4.1282e+04 4.3507e+04 3.5998e+04 4.2377e+04 3.2743e+04 4.7452e+04 3.4880e+04
  31.0250 3.4058e+04 2.8197e+04 4.1397e+04 2.8564e+04 4.1108e+04 3.3176e+04 3.4941e+04 3.2218e+04 3.5898e+04 3.7816e+04 3.1322e+04 3.6776e+04 2.8564e+04 4.1108e+04 3.0455e+04
  32.0250 2.9722e+04 2.4680e+04 3.5991e+04 2.4998e+04 3.5738e+04 2.8981e+04 3.0462e+04 2.8123e+04 3.1321e+04 3.2978e+04 2.7343e+04 3.2025e+04 2.4998e+04 3.5738e+04 2.6674e+04
  33.0250 2.6021e+04 2.1667e+04 3.1397e+04 2.1944e+04 3.1175e+04 2.5396e+04 2.6643e+04 2.4626e+04 2.7416e+04 2.8847e+04 2.3946e+04 2.7980e+04 2.1944e+04 3.1175e+04 2.3432e+04
  34.0250 2.2850e+04 1.9078e+04 2.7478e+04 1.9321e+04 2.7283e+04 2.2322e+04 2.3376e+04 2.1629e+04 2.4071e+04 2.5311e+04 2.1035e+04 2.4524e+04 1.9321e+04 2.7283e+04 2.0644e+04
  35.0250 2.0125e+04 1.6846e+04 2.4122e+04 1.7059e+04 2.3950e+04 1.9676e+04 2.0571e+04 1.9053e+04 2.1197e+04 2.2274e+04 1.8532e+04 2.1560e+04 1.7059e+04 2.3950e+04 1.8238e+04
  36.0250 1.7775e+04 1.4915e+04 2.1238e+04 1.5102e+04 2.1086e+04 1.7393e+04 1.8155e+04 1.6831e+04 1.8719e+04 1.9657e+04 1.6373e+04 1.9008e+04 1.5102e+04 2.1086e+04 1.6154e+04
  37.0250 1.5742e+04 1.3238e+04 1.8752e+04 1.3404e+04 1.8616e+04 1.5414e+04 1.6066e+04 1.4908e+04 1.6576e+04 1.7394e+04 1.4504e+04 1.6806e+04 1.3404e+04 1.8616e+04 1.4345e+04
  38.0250 1.3976e+04 1.1779e+04 1.6601e+04 1.1926e+04 1.6480e+04 1.3696e+04 1.4255e+04 1.3238e+04 1.4715e+04 1.5432e+04 1.2881e+04 1.4897e+04 1.1926e+04 1.6480e+04 1.2769e+04
  39.0250 1.2440e+04 1.0506e+04 1.4735e+04 1.0637e+04 1.4626e+04 1.2198e+04 1.2679e+04 1.1784e+04 1.3095e+04 1.3725e+04 1.1467e+04 1.3239e+04 1.0637e+04 1.4626e+04 1.1393e+04
  40.0250 1.1097e+04 9.3911e+03 1.3111e+04 9.5078e+03 1.3013e+04 1.0889e+04 1.1304e+04 1.0513e+04 1.1681e+04 1.2235e+04 1.0232e+04 1.1794e+04 9.5078e+03 1.3013e+04 1.0187e+04
  41.0250 9.9222e+03 8.4129e+03 1.1693e+04 8.5173e+03 1.1606e+04 9.7416e+03 1.0101e+04 9.4010e+03 1.0443e+04 1.0932e+04 9.1500e+03 1.0532e+04 8.5173e+03 1.1606e+04 9.1292e+03
  42.0250 8.8910e+03 7.5526e+03 1.0453e+04 7.6463e+03 1.0374e+04 8.7341e+03 9.0461e+03 8.4247e+03 9.3573e+03 9.7897e+03 8.2006e+03 9.4256e+03 7.6463e+03 1.0374e+04 8.1981e+03
  43.0250 7.9838e+03 6.7941e+03 9.3648e+03 6.8784e+03 9.2931e+03 7.8471e+03 8.1189e+03 7.5658e+03 8.4019e+03 8.7848e+03 7.3652e+03 8.4536e+03 6.8784e+03 9.2931e+03 7.3769e+03
  44.0250 7.1838e+03 6.1237e+03 8.4077e+03 6.1997e+03 8.3426e+03 7.0644e+03 7.3018e+03 6.8083e+03 7.5594e+03 7.8991e+03 6.6285e+03 7.5977e+03 6.1997e+03 8.3426e+03 6.6509e+03
  45.0250 6.4766e+03 5.5299e+03 7.5638e+03 5.5985e+03 7.5047e+03 6.3719e+03 6.5800e+03 6.1386e+03 6.8146e+03 7.1165e+03 5.9770e+03 6.8420e+03 5.5985e+03 7.5047e+03 6.0075e+03
  46.0250 5.8500e+03 5.0027e+03 6.8181e+03 5.0648e+03 6.7643e+03 5.7579e+03 5.9408e+03 5.5452e+03 6.1549e+03 6.4234e+03 5.3998e+03 6.1732e+03 5.0648e+03 6.7643e+03 5.4360e+03
  47.0250 5.2936e+03 4.5336e+03 6.1577e+03 4.5899e+03 6.1087e+03 5.2125e+03 5.3736e+03 5.0182e+03 5.5691e+03 5.8084e+03 4.8871e+03 5.5802e+03 4.5899e+03 6.1087e+03 4.9274e+03
  48.0250 4.7985e+03 4.1153e+03 5.5715e+03 4.1665e+03 5.5268e+03 4.7268e+03 4.8691e+03 4.5492e+03 5.0478e+03 5.2615e+03 4.4307e+03 5.0531e+03 4.1665e+03 5.5268e+03 4.4739e+03
  49.0250 4.3571e+03 3.7417e+03 5.0503e+03 3.7882e+03 5.0094e+03 4.2935e+03 4.4195e+03 4.1311e+03 4.5830e+03 4.7742e+03 4.0238e+03 4.5838e+03 3.7882e+03 5.0094e+03 4.0686e+03
  50.0250 3.9626e+03 3.4072e+03 4.5858e+03 3.4496e+03 4.5485e+03 3.9062e+03 4.0181e+03 3.7574e+03 4.1679e+03 4.3391e+03 3.6601e+03 4.1649e+03 3.4496e+03 4.5485e+03 3.7057e+03
  51.0250 3.6096e+03 3.1074e+03 4.1709e+03 3.1461e+03 4.1366e+03 3.5593e+03 3.6589e+03 3.4229e+03 3.7962e+03 3.9499e+03 3.3345e+03 3.7904e+03 3.1461e+03 4.1366e+03 3.3803e+03
  52.0250 3.2930e+03 2.8382e+03 3.7992e+03 2.8736e+03 3.7678e+03 3.2482e+03 3.3369e+03 3.1229e+03 3.4630e+03 3.6011e+03 3.0425e+03 3.4548e+03 2.8736e+03 3.7678e+03 3.0881e+03
  53.0250 3.0085e+03 2.5961e+03 3.4658e+03 2.6284e+03 3.4369e+03 2.9685e+03 3.0478e+03 2.8534e+03 3.1637e+03 3.2880e+03 2.7801e+03 3.1537e+03 2.6284e+03 3.4369e+03 2.8252e+03
  54.0250 2.7526e+03 2.3779e+03 3.1662e+03 2.4076e+03 3.1396e+03 2.7167e+03 2.7877e+03 2.6108e+03 2.8943e+03 3.0065e+03 2.5439e+03 2.8829e+03 2.4076e+03 3.1396e+03 2.5882e+03
  55.0250 2.5218e+03 2.1810e+03 2.8966e+03 2.2082e+03 2.8720e+03 2.4897e+03 2.5533e+03 2.3922e+03 2.6515e+03 2.7529e+03 2.3309e+03 2.6391e+03 2.2082e+03 2.8720e+03 2.3743e+03
  56.0250 2.3135e+03 2.0029e+03 2.6535e+03 2.0280e+03 2.6309e+03 2.2846e+03 2.3418e+03 2.1947e+03 2.4323e+03 2.5242e+03 2.1387e+03 2.4192e+03 2.0280e+03 2.6309e+03 2.1809e+03
  57.0250 2.1251e+03 1.8418e+03 2.4341e+03 1.8649e+03 2.4132e+03 2.0991e+03 2.1506e+03 2.0162e+03 2.2341e+03 2.3175e+03 1.9648e+03 2.2206e+03 1.8649e+03 2.4132e+03 2.0058e+03
  58.0250 1.9545e+03 1.6957e+03 2.2358e+03 1.7170e+03 2.2164e+03 1.9311e+03 1.9775e+03 1.8544e+03 2.0546e+03 2.1304e+03 1.8072e+03 2.0409e+03 1.7170e+03 2.2164e+03 1.8470e+03
  59.0250 1.7998e+03 1.5630e+03 2.0562e+03 1.5827e+03 2.0382e+03 1.7786e+03 1.8206e+03 1.7078e+03 1.8918e+03 1.9609e+03 1.6643e+03 1.8781e+03 1.5827e+03 2.0382e+03 1.7027e+03
  60.0250 1.6593e+03 1.4424e+03 1.8934e+03 1.4605e+03 1.8767e+03 1.6401e+03 1.6781e+03 1.5745e+03 1.7440e+03 1.8071e+03 1.5345e+03 1.7304e+03 1.4605e+03 1.8767e+03 1.5716e+03
  61.0250 1.5315e+03 1.3326e+03 1.7456e+03 1.3493e+03 1.7301e+03 1.5141e+03 1.5485e+03 1.4534e+03 1.6096e+03 1.6673e+03 1.4165e+03 1.5962e+03 1.3493e+03 1.7301e+03 1.4521e+03
  62.0250 1.4151e+03 1.2324e+03 1.6112e+03 1.2480e+03 1.5968e+03 1.3993e+03 1.4306e+03 1.3430e+03 1.4871e+03 1.5401e+03 1.3089e+03 1.4742e+03 1.2480e+03 1.5968e+03 1.3432e+03
  63.0250 1.3090e+03 1.1410e+03 1.4889e+03 1.1554e+03 1.4755e+03 1.2946e+03 1.3230e+03 1.2424e+03 1.3755e+03 1.4241e+03 1.2109e+03 1.3629e+03 1.1554e+03 1.4755e+03 1.2437e+03
  64.0250 1.2121e+03 1.0575e+03 1.3773e+03 1.0709e+03 1.3648e+03 1.1990e+03 1.2249e+03 1.1505e+03 1.2736e+03 1.3182e+03 1.1213e+03 1.2614e+03 1.0709e+03 1.3648e+03 1.1528e+03
  65.0250 1.1235e+03 9.8103e+02 1.2754e+03 9.9346e+02 1.2638e+03 1.1116e+03 1.1352e+03 1.0665e+03 1.1804e+03 1.2214e+03 1.0394e+03 1.1686e+03 9.9346e+02 1.2638e+03 1.0696e+03
  66.0250 1.0424e+03 9.1099e+02 1.1822e+03 9.2254e+02 1.1715e+03 1.0315e+03 1.0531e+03 9.8965e+02 1.0952e+03 1.1328e+03 9.6450e+02 1.0837e+03 9.2254e+02 1.1715e+03 9.9333e+02
  67.0250 9.6814e+02 8.4676e+02 1.0970e+03 8.5750e+02 1.0869e+03 9.5819e+02 9.7791e+02 9.1921e+02 1.0171e+03 1.0517e+03 8.9583e+02 1.0060e+03 8.5750e+02 1.0869e+03 9.2339e+02
  68.0250 9.0001e+02 7.8777e+02 1.0189e+03 7.9777e+02 1.0095e+03 8.9089e+02 9.0896e+02 8.5460e+02 9.4542e+02 9.7728e+02 8.3283e+02 9.3466e+02 7.9777e+02 1.0095e+03 8.5915e+02
  69.0250 8.3744e+02 7.3355e+02 9.4720e+02 7.4287e+02 9.3843e+02 8.2908e+02 8.4566e+02 7.9526e+02 8.7963e+02 9.0897e+02 7.7498e+02 8.6923e+02 7.4287e+02 9.3843e+02 8.0010e+02
  70.0250 7.7993e+02 6.8366e+02 8.8139e+02 6.9235e+02 8.7319e+02 7.7225e+02 7.8748e+02 7.4071e+02 8.1915e+02 8.4619e+02 7.2179e+02 8.0911e+02 6.9235e+02 8.7319e+02 7.4575e+02
  71.0250 7.2701e+02 6.3771e+02 8.2088e+02 6.4581e+02 8.1322e+02 7.1995e+02 7.3396e+02 6.9051e+02 7.6351e+02 7.8845e+02 6.7284e+02 7.5382e+02 6.4581e+02 8.1322e+02 6.9568e+02
  72.0250 6.7827e+02 5.9533e+02 7.6520e+02 6.0290e+02 7.5803e+02 6.7176e+02 6.8466e+02 6.4428e+02 7.1226e+02 7.3528e+02 6.2775e+02 7.0291e+02 6.0290e+02 7.5803e+02 6.4951e+02
  73.0250 6.3333e+02 5.5623e+02 7.1391e+02 5.6330e+02 7.0719e+02 6.2733e+02 6.3922e+02 6.0164e+02 6.6501e+02 6.8628e+02 5.8617e+02 6.5600e+02 5.6330e+02 7.0719e+02 6.0689e+02
  74.0250 5.9185e+02 5.2010e+02 6.6662e+02 5.2671e+02 6.6032e+02 5.8632e+02 5.9729e+02 5.6230e+02 6.2140e+02 6.4108e+02 5.4780e+02 6.1273e+02 5.2671e+02 6.6032e+02 5.6752e+02
  75.0250 5.5354e+02 4.8670e+02 6.2297e+02 4.9288e+02 6.1705e+02 5.4843e+02 5.5857e+02 5.2596e+02 5.8113e+02 5.9935e+02 5.1235e+02 5.7277e+02 4.9288e+02 6.1705e+02 5.3110e+02
  76.0250 5.1812e+02 4.5579e+02 5.8264e+02 4.6156e+02 5.7709e+02 5.1339e+02 5.2277e+02 4.9235e+02 5.4389e+02 5.6079e+02 4.7957e+02 5.3585e+02 4.6156e+02 5.7709e+02 4.9740e+02
  77.0250 4.8532e+02 4.2715e+02 5.4534e+02 4.3256e+02 5.4012e+02 4.8094e+02 4.8962e+02 4.6123e+02 5.0941e+02 5.2510e+02 4.4921e+02 5.0169e+02 4.3256e+02 5.4012e+02 4.6618e+02
  78.0250 4.5492e+02 4.0060e+02 5.1081e+02 4.0567e+02 5.0591e+02 4.5086e+02 4.5891e+02 4.3238e+02 4.7746e+02 4.9204e+02 4.2108e+02 4.7005e+02 4.0567e+02 5.0591e+02 4.3723e+02
  79.0250 4.2673e+02 3.7597e+02 4.7882e+02 3.8072e+02 4.7421e+02 4.2296e+02 4.3043e+02 4.0562e+02 4.4783e+02 4.6140e+02 3.9498e+02 4.4073e+02 3.8072e+02 4.7421e+02 4.1037e+02
  80.0250 4.0056e+02 3.5309e+02 4.4915e+02 3.5755e+02 4.4482e+02 3.9706e+02 4.0400e+02 3.8078e+02 4.2032e+02 4.3296e+02 3.7075e+02 4.1352e+02 3.5755e+02 4.4482e+02 3.8543e+02
  81.0250 3.7624e+02 3.3183e+02 4.2162e+02 3.3601e+02 4.1754e+02 3.7299e+02 3.7944e+02 3.5770e+02 3.9477e+02 4.0656e+02 3.4825e+02 3.8826e+02 3.3601e+02 4.1754e+02 3.6224e+02
  82.0250 3.5363e+02 3.1205e+02 3.9605e+02 3.1598e+02 3.9220e+02 3.5061e+02 3.5661e+02 3.3624e+02 3.7102e+02 3.8202e+02 3.2732e+02 3.6479e+02 3.1598e+02 3.9220e+02 3.4067e+02
  83.0250 3.3260e+02 2.9364e+02 3.7227e+02 2.9734e+02 3.6865e+02 3.2978e+02 3.3538e+02 3.1627e+02 3.4892e+02 3.5920e+02 3.0785e+02 3.4297e+02 2.9734e+02 3.6865e+02 3.2059e+02
  84.0250 3.1302e+02 2.7649e+02 3.5016e+02 2.7997e+02 3.4674e+02 3.1038e+02 3.1560e+02 2.9768e+02 3.2835e+02 3.3796e+02 2.8972e+02 3.2266e+02 2.7997e+02 3.4674e+02 3.0188e+02
  85.0250 2.9477e+02 2.6051e+02 3.2956e+02 2.6378e+02 3.2634e+02 2.9231e+02 2.9718e+02 2.8035e+02 3.0918e+02 3.1817e+02 2.7282e+02 3.0374e+02 2.6378e+02 3.2634e+02 2.8445e+02
  86.0250 2.7775e+02 2.4559e+02 3.1037e+02 2.4868e+02 3.0734e+02 2.7546e+02 2.8001e+02 2.6419e+02 2.9131e+02 2.9973e+02 2.5707e+02 2.8611e+02 2.4868e+02 3.0734e+02 2.6818e+02
  87.0250 2.6188e+02 2.3167e+02 2.9248e+02 2.3458e+02 2.8962e+02 2.5973e+02 2.6399e+02 2.4912e+02 2.7463e+02 2.8253e+02 2.4237e+02 2.6966e+02 2.3458e+02 2.8962e+02 2.5299e+02
  88.0250 2.4705e+02 2.1867e+02 2.7579e+02 2.2141e+02 2.7308e+02 2.4505e+02 2.4903e+02 2.3504e+02 2.5907e+02 2.6648e+02 2.2865e+02 2.5431e+02 2.2141e+02 2.7308e+02 2.3880e+02
  89.0250 2.3321e+02 2.0651e+02 2.6020e+02 2.0910e+02 2.5764e+02 2.3133e+02 2.3506e+02 2.2188e+02 2.4452e+02 2.5148e+02 2.1583e+02 2.3998e+02 2.0910e+02 2.5764e+02 2.2553e+02
  90.0250 2.2026e+02 1.9514e+02 2.4563e+02 1.9759e+02 2.4321e+02 2.1850e+02 2.2199e+02 2.0959e+02 2.3093e+02 2.3746e+02 2.0384e+02 2.2658e+02 1.9759e+02 2.4321e+02 2.1312e+02
  91.0250 2.0815e+02 1.8450e+02 2.3201e+02 1.8681e+02 2.2972e+02 2.0649e+02 2.0978e+02 1.9808e+02 2.1821e+02 2.2435e+02 1.9262e+02 2.1404e+02 1.8681e+02 2.2972e+02 2.0151e+02
  92.0250 1.9681e+02 1.7453e+02 2.1926e+02 1.7672e+02 2.1710e+02 1.9526e+02 1.9834e+02 1.8731e+02 2.0631e+02 2.1209e+02 1.8213e+02 2.0232e+02 1.7672e+02 2.1710e+02 1.9063e+02
  93.0250 1.8619e+02 1.6519e+02 2.0733e+02 1.6726e+02 2.0528e+02 1.8474e+02 1.8763e+02 1.7722e+02 1.9516e+02 2.0060e+02 1.7230e+02 1.9134e+02 1.6726e+02 2.0528e+02 1.8043e+02
  94.0250 1.7624e+02 1.5643e+02 1.9615e+02 1.5839e+02 1.9421e+02 1.7487e+02 1.7759e+02 1.6776e+02 1.8471e+02 1.8983e+02 1.6308e+02 1.8104e+02 1.5839e+02 1.9421e+02 1.7087e+02
  95.0250 1.6690e+02 1.4821e+02 1.8567e+02 1.5006e+02 1.8383e+02 1.6561e+02 1.6817e+02 1.5889e+02 1.7491e+02 1.7973e+02 1.5444e+02 1.7140e+02 1.5006e+02 1.8383e+02 1.6189e+02
  96.0250 1.5813e+02 1.4048e+02 1.7584e+02 1.4224e+02 1.7409e+02 1.5692e+02 1.5933e+02 1.5056e+02 1.6571e+02 1.7026e+02 1.4632e+02 1.6234e+02 1.4224e+02 1.7409e+02 1.5345e+02
  97.0250 1.4990e+02 1.3322e+02 1.6661e+02 1.3488e+02 1.6495e+02 1.4876e+02 1.5103e+02 1.4273e+02 1.5707e+02 1.6136e+02 1.3870e+02 1.5384e+02 1.3488e+02 1.6495e+02 1.4553e+02
  98.0250 1.4216e+02 1.2639e+02 1.5794e+02 1.2797e+02 1.5637e+02 1.4109e+02 1.4323e+02 1.3538e+02 1.4895e+02 1.5300e+02 1.3154e+02 1.4586e+02 1.2797e+02 1.5637e+02 1.3807e+02
  99.0250 1.3489e+02 1.1997e+02 1.4980e+02 1.2146e+02 1.4831e+02 1.3388e+02 1.3589e+02 1.2846e+02 1.4131e+02 1.4514e+02 1.2480e+02 1.3835e+02 1.2146e+02 1.4831e+02 1.3106e+02
 100.0250 1.2804e+02 1.1392e+02 1.4214e+02 1.1534e+02 1.4072e+02 1.2709e+02 1.2899e+02 1.2196e+02 1.3413e+02 1.3775e+02 1.1847e+02 1.3129e+02 1.1534e+02 1.4072e+02 1.2446e+02
