 RefPoint     0    0    0      0    0
 T0_A_1_A     1    0    0      0    2
 T0_A_2_A     2    0    0      0    4
 T0_A_3_A     3    0    0      0    6
 T0_A_4_A     4    0    0      1    0
 T0_A_5_A     5	   0    0      1    2
 T0_A_6_A     6	   0    0      1    4
 T0_A_7_A     7	   0    0      1    6
 T0_A_8_A     8	   0    0      2    0
 T0_A_9_A     9	   0    0      2    2
 T0_A_10_A    10   0    0      2    4
 T0_A_11_A    11   0    0      2    6
 T0_A_12_A    12   0    0      3    0
 T0_C_1_A     13   0    0      3    2
 T0_C_2_A     14   0    0      3    4
 T0_C_3_A     15   0    0      3    6
 T0_C_4_A     16   0    0      4    0
 T0_C_5_A     17   0    0      4    2
 T0_C_6_A     18   0    0      4    4
 T0_C_7_A     19   0    0      4    6
 T0_C_8_A     20   0    0      5    0
 T0_C_9_A     21   0    0      5    2
 T0_C_10_A    22   0    0      5    4
 T0_C_11_A    23   0    0      5    6
 T0_C_12_A    24   0    0      6    0
 T0_A_1_T     25   0    0      6    2
 T0_A_2_T     26   0    0      6    4
 T0_A_3_T     27   0    0      6    6
 T0_A_4_T     28   0    0      7    0
 T0_A_5_T     29   0    0      7    2
 T0_A_6_T     30   0    0      7    4
 T0_A_7_T     31   0    0      7    6
 T0_A_8_T     32   0    0      8    0
 T0_A_9_T     33   0    0      8    2
 T0_A_10_T    34   0    0      8    4
 T0_A_11_T    35   0    0      8    6
 T0_A_12_T    36   0    0      9    0
 T0_C_1_T     37   0    0      9    2
 T0_C_2_T     38   0    0      9    4
 T0_C_3_T     39   0    0      9    6
 T0_C_4_T     40   0    0      10    0
 T0_C_5_T     41   0    0      10    2
 T0_C_6_T     42   0    0      10    4
 T0_C_7_T     43   0    0      10    6
 T0_C_8_T     44   0    0      11    0
 T0_C_9_T     45   0    0      11    2
 T0_C_10_T    46   0    0      11    4
 T0_C_11_T    47   0    0      11    6
 T0_C_12_T    48   0    0      12    0
 T0_MEAN      49   0    0      12    2
 T0_VERTEX    50  0    0      12    4
 T0_OR_A      51   0    0      12    6
 T0_OR_C      52   0    0      13    0
 T0mult_Q0    53  0    0      13    2  
 T0mult_Q1    54  0    0      13    4
 T0_A_1_Q0    55   1    0      0    0
 T0_A_2_Q0    56   1    0      0    2
 T0_A_3_Q0    57   1    0      0    4
 T0_A_4_Q0    58   1    0      0    6
 T0_A_5_Q0    59   1    0      1    0
 T0_A_6_Q0    60   1    0      1    2
 T0_A_7_Q0    61   1    0      1    4
 T0_A_8_Q0    62   1    0      1    6
 T0_A_9_Q0    63   1    0      2    0
 T0_A_10_Q0   64   1    0      2    2
 T0_A_11_Q0   65   1    0      2    4
 T0_A_12_Q0   66   1    0      2    6
 T0_C_1_Q0    67   1    0      3    0
 T0_C_2_Q0    68   1    0      3    2
 T0_C_3_Q0    69   1    0      3    4
 T0_C_4_Q0    70   1    0      3    6
 T0_C_5_Q0    71   1    0      4    0
 T0_C_6_Q0    72   1    0      4    2
 T0_C_7_Q0    73   1    0      4    4
 T0_C_8_Q0    74   1    0      4    6
 T0_C_9_Q0    75   1    0      5    0
 T0_C_10_Q0   76   1    0      5    2
 T0_C_11_Q0   77   1    0      5    4
 T0_C_12_Q0   78   1    0      5    6
 T0_A_1_Q1    79   1    0      6    0
 T0_A_2_Q1    80   1    0      6    2
 T0_A_3_Q1    81   1    0      6    4
 T0_A_4_Q1    82   1    0      6    6
 T0_A_5_Q1    83   1    0      7    0
 T0_A_6_Q1    84   1    0      7    2
 T0_A_7_Q1    85   1    0      7    4
 T0_A_8_Q1    86   1    0      7    6
 T0_A_9_Q1    87   1    0      8    0
 T0_A_10_Q1   88   1    0      8    2
 T0_A_11_Q1   89   1    0      8    4
 T0_A_12_Q1   90   1    0      8    6
 T0_C_1_Q1    91   1    0      9    0
 T0_C_2_Q1    92   1    0      9    2
 T0_C_3_Q1    93   1    0      9    4
 T0_C_4_Q1    94   1    0      9    6
 T0_C_5_Q1    95   1    0      10    0
 T0_C_6_Q1    96   1    0      10    2
 T0_C_7_Q1    97   1    0      10    4
 T0_C_8_Q1    98   1    0      10    6
 T0_C_9_Q1    99   1    0      11    0
 T0_C_10_Q1   100   1    0      11    2
 T0_C_11_Q1   101   1    0      11    4
 T0_C_12_Q1   102   1    0      11    6
 T0_A         103  1    0      12    0
 T0_C         104  1    0      12    2
  T0_VER      105  1    0      12    4
 T0_centr     106  1    0      12    6  
 T0_scen      107  1    0      13    0
 

