2
 RefPoint       0    7    0      0    0
 T0_C_1_CFD     1    7    0      0    2
 T0_C_2_CFD     2    7    0      0    4
 T0_C_3_CFD     3    7    0      0    6
 T0_C_4_CFD     4    7    0      1    0
 T0_C_5_CFD     5    7    0      1    2
 T0_C_6_CFD     6    7    0      1    4
 T0_C_7_CFD     7    7    0      1    6
 T0_C_8_CFD     8    7    0      2    0
 T0_C_9_CFD     9    7    0      2    2
 T0_C_10_CFD   10    7    0      2    4
 T0_C_11_CFD   11    7    0      2    6
 T0_C_12_CFD   12    7    0      3    0
 T0_C_1_LED    13   7    0      3    2
 T0_C_2_LED    14   7    0      3    4
 T0_C_3_LED    15   7    0      3    6
 T0_C_4_LED    16   7    0      4    0
 T0_C_5_LED    17   7    0      4    2
 T0_C_6_LED    18   7    0      4    4
 T0_C_7_LED    19   7    0      4    6
 T0_C_8_LED    20   7    0      5    0
 T0_C_9_LED    21   7    0      5    2
 T0_C_10_LED   22   7    0      5    4
 T0_C_11_LED   23   7    0      5    6
 T0_C_12_LED   24   7    0      6    0
 T0_C_1_QT0    25   7    0      6    2
 T0_C_1_QT1    26   7    0      6    4
 T0_C_2_QT0    27   7    0      6    6
 T0_C_2_QT1    28   7    0      7    0
 T0_C_3_QT0    29   7    0      7    2
 T0_C_3_QT1    30   7    0      7    4
 T0_C_4_QT0    31   7    0      7    6
 T0_C_4_QT1    32   7    0      8    0
 T0_C_5_QT0    33   7    0      8    2
 T0_C_5_QT1    34   7    0      8    4
 T0_C_6_QT0    35   7    0      8    6
 T0_C_6_QT1    36   7    0      9    0
 T0_C_7_QT0    37   7    0      9    2
 T0_C_7_QT1    38   7    0      9    4
 T0_C_8_QT0    39   7    0      9    6
 T0_C_8_QT1    40   7    0      10    0
 T0_C_9_QT0    41   7    0      10    2
 T0_C_9_QT1    42   7    0      10    4
 T0_C_10_QT0   43   7    0      10    6
 T0_C_10_QT1   44   7    0      11    0
 T0_C_11_QT0   45   7    0      11    2
 T0_C_11_QT1   46   7    0      11    4
 T0_C_12_QT0   47   7    0      11    6
 T0_C_12_QT1   48   7    0      12    0
 T0_MEAN       49   7    0      12    2
 T0_VERTEX     50   7    0      12    4
 T0_OR_A       51   7    0      12    6
 T0_OR_C       52   7    0      13    0
 T0multA_Q0     53   7    0      13    2  
 T0multA_Q1     54   7    0      13    4
 T0_scmult     55   7    0      13    6
 T0_smult      56   7    0      14    0
 T0_A_1_CFD     57   7    1      0    0
 T0_A_2_CFD     58   7    1      0    2
 T0_A_3_CFD     59   7    1      0    4
 T0_A_4_CFD     60   7    1      0    6
 T0_A_5_CFD     61   7    1      1    0
 T0_A_6_CFD     62   7    1      1    2
 T0_A_7_CFD     63   7    1      1    4
 T0_A_8_CFD     64   7    1      1    6
 T0_A_9_CFD     65   7    1      2    0
 T0_A_10_CFD    66   7    1      2    2
 T0_A_11_CFD    67   7    1      2    4
 T0_A_12_CFD   68    7    1      2    6
 T0_A_1_LED    69   7    1      3    0
 T0_A_2_LED    70   7    1      3    2
 T0_A_3_LED    71   7    1      3    4
 T0_A_4_LED    72   7    1      3    6
 T0_A_5_LED    73   7    1      4    0
 T0_A_6_LED    74   7    1      4    2
 T0_A_7_LED    75   7    1      4    4
 T0_A_8_LED    76   7    1      4    6
 T0_A_9_LED    77   7    1      5    0
 T0_A_10_LED   78   7    1      5    2
 T0_A_11_LED   79   7    1      5    4
 T0_A_12_LED   80   7    1      5    6
 T0_A_1_QT0    81   7    1      6    0
 T0_A_1_QT1    82   7    1      6    2
 T0_A_2_QT0    83   7    1      6    4
 T0_A_2_QT1    84   7    1      6    6
 T0_A_3_QT0    85   7    1      7    0
 T0_A_3_QT1    86   7    1      7    2
 T0_A_4_QT0    87   7    1      7    4
 T0_A_4_QT1    88   7    1      7    6
 T0_A_5_QT0    89   7    1      8    0
 T0_A_5_QT1    90   7    1      8    2
 T0_A_6_QT0    91   7    1      8    4
 T0_A_6_QT1    92   7    1      8    6
 T0_A_7_QT0    93   7    1      9    0
 T0_A_7_QT1    94   7    1      9    2
 T0_A_8_QT0    95   7    1      9    4
 T0_A_8_QT1    96   7    1      9    6
 T0_A_9_QT0    97   7    1      10    0
 T0_A_9_QT1    98   7    1      10    2
 T0_A_10_QT0   99   7    1      10    4
 T0_A_10_QT1   100  7    1      10    6
 T0_A_11_QT0   101  7    1      11    0
 T0_A_11_QT1   102  7    1      11    2
 T0_A_12_QT0   103  7    1      11    4
 T0_A_12_QT1   104  7    1      11    6
 T0multC_Q0    105  7    0      12    2  
 T0multC_Q1    106  7    0      12    4
 T0_C_1_QTC00   107  9   0       0    0
 T0_C_1_QTC01   108  9   0       0    2
 T0_C_1_QTC10   109  9   0       0    4
 T0_C_1_QTC11   110  9   0       0    6
  T0_C_2_QTC00   111  9   0       1    0
 T0_C_2_QTC01   112  9   0       1    2
 T0_C_2_QTC10   113  9   0       1    4
 T0_C_2_QTC11   114  9   0       1    6 
 T0_C_3_QTC00   115  9   0       2    0
 T0_C_3_QTC01   116  9   0       2    2
 T0_C_3_QTC10   117  9   0       2    4
 T0_C_3_QTC11   118  9   0       2    6
 T0_C_4_QTC00   119  9   0       3    0
 T0_C_4_QTC01   120  9   0       3    2
 T0_C_4_QTC10   121  9   0       3    4
 T0_C_4_QTC11   122  9   0       3    6
 T0_C_5_QTC00   123  9   0       4    0
 T0_C_5_QTC01   124  9   0       4    2
 T0_C_5_QTC10   125  9   0       4    4
 T0_C_5_QTC11   126  9   0       4    6
 T0_C_6_QTC00   127  9   0       5    0
 T0_C_6_QTC01   128  9   0       5    2
 T0_C_6_QTC10   129  9   0       5    4
 T0_C_6_QTC11   130  9   0       5    6
 T0_C_7_QTC00   131  9   0       6    0
 T0_C_7_QTC01   132  9   0       6    2
 T0_C_7_QTC10   133  9   0       6    4
 T0_C_7_QTC11   134  9   0       6    6
 T0_C_8_QTC00   135  9   0       7    0
 T0_C_8_QTC01   136  9   0       7    2
 T0_C_8_QTC10   137  9   0       7    4
 T0_C_8_QTC11   138  9   0       7    6
 T0_C_9_QTC00   139  9   0       8    0
 T0_C_9_QTC01   140  9   0       8    2
 T0_C_9_QTC10   141  9   0       8    4
 T0_C_9_QTC11   142  9   0       8    6
 T0_C_10_QTC00  143  9   0       9    0
 T0_C_10_QTC01  144  9   0       9    2
 T0_C_10_QTC10  145  9   0       9    4
 T0_C_10_QTC11  146  9   0       9    6
 T0_C_11_QTC00  147  9   0      10    0
 T0_C_11_QTC01  148  9   0      10    2
 T0_C_11_QTC10  149  9   0      10    4
 T0_C_11_QTC11  150  9   0      10    6
 T0_C_12_QTC00  151  9   0      11    0
 T0_C_12_QTC01  152  9   0      11    2
 T0_C_12_QTC10  153  9   0      11    4
 T0_C_12_QTC11  154  9   0      11    6
 T0multC_Q00    155  9   0      12    0  
 T0multC_Q01    156  9   0      12    2
 T0multC_Q10    157  9   0      12    4  
 T0multC_Q11    158  9   0      12    6
 T0multA_Q00    159  9   0      13    0
 T0multA_Q01    160  9   0      13    2
 T0multA_Q10    161  9   0      13    4
 T0multA_Q11    162  9   0      13    6

 T0_A_1_QTC00   163  9   1       0    0
 T0_A_1_QTC01   164  9   1       0    2
 T0_A_1_QTC10   165  9   1       0    4
 T0_A_1_QTC11   166  9   1       0    6 

 T0_A_2_QTC00   167  9   1       1    0
 T0_A_2_QTC01   168  9   1       1    2
 T0_A_2_QTC10   169  9   1       1    4
 T0_A_2_QTC11   170  9   1       1    6 
 T0_A_3_QTC00   171  9   1       2    0
 T0_A_3_QTC01   172  9   1       2    2
 T0_A_3_QTC10   173  9   1       2    4
 T0_A_3_QTC11   174  9   1       2    6
 T0_A_4_QTC00   175  9   1       3    0
 T0_A_4_QTC01   176  9   1       3    2
 T0_A_4_QTC10   177  9   1       3    4
 T0_A_4_QTC11   178  9   1       3    6
 T0_A_5_QTC00   179  9   1       4    0
 T0_A_5_QTC01   180  9   1       4    2
 T0_A_5_QTC10   181  9   1       4    4
 T0_A_5_QTC11   182  9   1       4    6
 T0_A_6_QTC00   183  9   1       5    0
 T0_A_6_QTC01   184  9   1       5    2
 T0_A_6_QTC10   185  9   1       5    4
 T0_A_6_QTC11   186  9   1       5    6
 T0_A_7_QTC00   187  9   1       6    0
 T0_A_7_QTC01   188  9   1       6    2
 T0_A_7_QTC10   189  9   1       6    4
 T0_A_7_QTC11   190  9   1       6    6
 T0_A_8_QTC00   191  9   1       7    0
 T0_A_8_QTC01   192  9   1       7    2
 T0_A_8_QTC10   193  9   1       7    4
 T0_A_8_QTC11   194  9   1       7    6
 T0_A_9_QTC00   195  9   1       8    0
 T0_A_9_QTC01   196  9   1       8    2
 T0_A_9_QTC10   197  9   1       8    4
 T0_A_9_QTC11   198  9   1       8    6
 T0_A_10_QTC00  199  9   1       9    0
 T0_A_10_QTC01  200  9   1       9    2
 T0_A_10_QTC10  201  9   1       9    4
 T0_A_10_QTC11  202  9   1       9    6
 T0_A_11_QTC00  203  9   1       10   0
 T0_A_11_QTC01  204  9   1       10   2
 T0_A_11_QTC10  205  9   1       10   4
 T0_A_11_QTC11  206  9   1       10   6
 T0_A_12_QTC00  207  9   1       11   0
 T0_A_12_QTC01  208  9   1       11   2
 T0_A_12_QTC10  209  9   1       11   4
 T0_A_12_QTC11  210  9   1       11   6
 FITCFD1_01    211    7   1     14    0
 FITCFD1_02    212   7   1      14    2
 FITCFD1_03    213   7   1      14    4
 FITCFD1_04    214   7   1      14    6
 FIT1_QTC00  215  9   1       12    0
 FIT1_QTC01  216  9   1       12    2
 FIT1_QTC10  217  9   1       12    4
 FiT1_QTC11  218  9   1       12    6
 FIT2_QTC00  219  9   1       13    0
 FIT2_QTC01  220  9   1       13    2
 FIT2_QTC10  221  9   1       13    4
 FiT2_QTC11  222  9   1       13    6
 FIT3_QTC00  223  9   1       14    0
 FIT3_QTC01  224  9   1       14    2
 FIT3_QTC10  225  9   1       14    4
 FiT3_QTC11  226  9   1       14    6
 FiT3_QTC11  226  9   1       14    6
