 1
 RefPoint       0    7    0      0    0
 T0_C_1_CFD     1    7    0      0    2
 T0_C_2_CFD     2    7    0      0    4
 T0_C_3_CFD     3    7    0      0    6
 T0_C_4_CFD     4    7    0      1    0
 T0_C_5_CFD     5    7    0      1    2
 T0_C_6_CFD     6    7    0      1    4
 T0_C_7_CFD     7    7    0      1    6
 T0_C_8_CFD     8    7    0      2    0
 T0_C_9_CFD     9    7    0      2    2
 T0_C_10_CFD   10    7    0      2    4
 T0_C_11_CFD   11    7    0      2    6
 T0_C_12_CFD   12    7    0      3    0
 T0_C_1_LED    13   7    0      3    2
 T0_C_2_LED    14   7    0      3    4
 T0_C_3_LED    15   7    0      3    6
 T0_C_4_LED    16   7    0      4    0
 T0_C_5_LED    17   7    0      4    2
 T0_C_6_LED    18   7    0      4    4
 T0_C_7_LED    19   7    0      4    6
 T0_C_8_LED    20   7    0      5    0
 T0_C_9_LED    21   7    0      5    2
 T0_C_10_LED   22   7    0      5    4
 T0_C_11_LED   23   7    0      5    6
 T0_C_12_LED   24   7    0      6    0
 T0_C_1_QT0    25   7    0      6    2
 T0_C_1_QT1    26   7    0      6    4
 T0_C_2_QT0    27   7    0      6    6
 T0_C_2_QT1    28   7    0      7    0
 T0_C_3_QT0    29   7    0      7    2
 T0_C_3_QT1    30   7    0      7    4
 T0_C_4_QT0    31   7    0      7    6
 T0_C_4_QT1    32   7    0      8    0
 T0_C_5_QT0    33   7    0      8    2
 T0_C_5_QT1    34   7    0      8    4
 T0_C_6_QT0    35   7    0      8    6
 T0_C_6_QT1    36   7    0      9    0
 T0_C_7_QT0    37   7    0      9    2
 T0_C_7_QT1    38   7    0      9    4
 T0_C_8_QT0    39   7    0      9    6
 T0_C_8_QT1    40   7    0      10    0
 T0_C_9_QT0    41   7    0      10    2
 T0_C_9_QT1    42   7    0      10    4
 T0_C_10_QT0   43   7    0      10    6
 T0_C_10_QT1   44   7    0      11    0
 T0_C_11_QT0   45   7    0      11    2
 T0_C_11_QT1   46   7    0      11    4
 T0_C_12_QT0   47   7    0      11    6
 T0_C_12_QT1   48   7    0      12    0
 T0_MEAN       49   7    0      12    2
 T0_VERTEX     50   7    0      12    4
 T0_OR_A       51   7    0      12    6
 T0_OR_C       52   7    0      13    0
 T0multA_Q0     53   7    0      13    2  
 T0multA_Q1     54   7    0      13    4
 T0_scmult     55   7    0      13    6
 T0_smult      56   7    0      14    0

 T0_A_1_CFD     57   7    1      0    0
 T0_A_2_CFD     58   7    1      0    2
 T0_A_3_CFD     59   7    1      0    4
 T0_A_4_CFD     60   7    1      0    6
 T0_A_5_CFD     61   7    1      1    0
 T0_A_6_CFD     62   7    1      1    2
 T0_A_7_CFD     63   7    1      1    4
 T0_A_8_CFD     64   7    1      1    6
 T0_A_9_CFD     65   7    1      2    0
 T0_A_10_CFD   66    7    1      2    2
 T0_A_11_CFD   67    7    1      2    4
 T0_A_12_CFD   68    7    1      2    6
 T0_A_1_LED    69   7    1      3    0
 T0_A_2_LED    70   7    1      3    2
 T0_A_3_LED    71   7    1      3    4
 T0_A_4_LED    72   7    1      3    6
 T0_A_5_LED    73   7    1      4    0
 T0_A_6_LED    74   7    1      4    2
 T0_A_7_LED    75   7    1      4    4
 T0_A_8_LED    76   7    1      4    6
 T0_A_9_LED    77   7    1      5    0
 T0_A_10_LED   78   7    1      5    2
 T0_A_11_LED   79   7    1      5    4
 T0_A_12_LED   80   7    1      5    6
 T0_A_1_QT0    81   7    1      6    0
 T0_A_1_QT1    82   7    1      6    2
 T0_A_2_QT0    83   7    1      6    4
 T0_A_2_QT1    84   7    1      6    6
 T0_A_3_QT0    85   7    1      7    0
 T0_A_3_QT1    86   7    1      7    2
 T0_A_4_QT0    87   7    1      7    4
 T0_A_4_QT1    88   7    1      7    6
 T0_A_5_QT0    89   7    1      8    0
 T0_A_5_QT1    90   7    1      8    2
 T0_A_6_QT0    91   7    1      8    4
 T0_A_6_QT1    92   7    1      8    6
 T0_A_7_QT0    93   7    1      9    0
 T0_A_7_QT1    94   7    1      9    2
 T0_A_8_QT0    95   7    1      9    4
 T0_A_8_QT1    96   7    1      9    6
 T0_A_9_QT0    97   7    1      10    0
 T0_A_9_QT1    98   7    1      10    2
 T0_A_10_QT0   99   7    1      10    4
 T0_A_10_QT1   100  7    1      10    6
 T0_A_11_QT0   101  7    1      11    0
 T0_A_11_QT1   102  7    1      11    2
 T0_A_12_QT0   103  7    1      11    4
 T0_A_12_QT1   104  7    1      11    6
 T0multC_Q0    105   7    0      14    2  
 T0multC_Q1    106   7    0      14    4
