1.99066e-07
1.99066e-07
0.0146349
0.0162241
0.0174772
0.0186172
0.0195319
0.0202924
0.0207211
0.0210952
0.0212471
0.0213185
0.0213446
0.0211432
0.0208742
0.0207162
0.0204162
0.0199882
0.0195068
0.0191762
0.0187084
0.0182856
0.0176888
0.0173048
0.0166903
0.0161631
0.0156701
0.0152176
0.0147814
0.0142879
0.0137465
0.0133097
0.0128565
0.0123682
0.0117972
0.0115078
0.0111059
0.0106916
0.0103307
0.00996125
0.00968176
0.00929119
0.00893606
0.00869678
0.00831517
0.00802016
0.00776754
0.00744486
0.00718408
0.00693903
0.00673599
0.00646028
0.00627157
0.00600959
0.00585313
0.00560609
0.0054542
0.00523184
0.00504632
0.00491633
0.00475269
0.00458926
0.0044959
0.00435317
0.00414753
0.00399087
0.00392577
0.00378723
0.00366878
0.00353362
0.0033867
0.00336799
0.00324517
0.00313927
0.00305526
0.00290636
0.00286038
0.00276283
0.0027483
0.00264917
0.00253391
0.00250146
0.00243218
0.00235455
0.00228607
0.00225283
0.00218733
0.00213717
0.00207964
0.00198389
0.00197712
0.00195761
0.00186823
0.0018318
0.00178602
0.00174103
0.00169246
0.00165463
0.00162
0.0015563
0.00156008
0.00148543
0.00144163
0.00146293
0.0014062
0.00135464
0.00134867
0.00132618
0.00129512
0.00125192
0.00120594
0.00120634
0.00119638
0.00118325
0.00114065
0.00113189
0.00107595
0.00109426
0.00105883
0.00102559
0.00102021
0.000992542
0.000979602
0.000968853
0.000929637
0.000909531
0.000898981
0.000891416
0.000895597
0.000853395
0.000837469
0.000826322
0.000809998
0.000800244
0.000769588
0.000773171
0.000754061
0.000729377
0.000733159
0.000711262
0.000697128
0.0007031
0.000668861
0.000691355
0.000658111
0.000655722
0.000643181
0.000634821
0.000616905
0.00062845
0.000600581
0.000602373
0.000583063
0.000567735
0.000576693
0.000567337
0.000585054
0.000538672
0.000539269
0.000545838
0.000510205
0.000525733
0.000498461
0.0004901
0.000499058
0.000486915
0.000478753
0.000467008
0.000458647
0.000464221
0.000454467
0.000434162
0.000439736
0.000444713
0.000426001
0.000431973
0.000422417
0.000407886
0.000407288
0.000403307
0.000403506
0.000401715
0.000386187
0.000385192
0.00037723
0.00037703
0.000350157
0.000369466
0.000358517
0.00035374
0.000357522
0.000357323
0.000335625
0.000333236
0.000330847
0.000330051
0.000330051
0.000332042
0.000325671
0.000312732
0.000324676
0.000325472
0.000304571
0.000302381
0.000300589
0.000290636
0.000302381
0.00028546
0.000291034
0.000292228
0.000271127
0.00028765
0.000271327
0.000267743
0.000267743
0.000270331
0.000261373
0.000271127
0.000254804
0.000255003
0.000248434
0.000254207
0.000253013
0.000240471
0.000254207
0.000241467
0.00023649
0.000245846
0.000234101
0.000233106
0.000226537
0.000237286
0.000223352
0.000224944
0.000212602
0.000228726
0.000214991
0.000208223
0.000209616
0.000212204
0.000198668
0.000199862
0.000189311
0.000195283
0.000194686
0.000195682
0.000196478
0.000206829
0.000177567
0.000184335
0.000186126
0.000185728
0.000183937
0.000177766
0.000182344
0.000180354
0.000176372
0.000175178
0.000177168
0.000170201
0.000173585
0.000160646
0.000169604
0.000159452
0.000158655
0.000169007
0.000167016
0.000162438
0.000165623
0.000157461
0.000166419
0.000153082
0.000153281
0.000154077
0.000150494
0.000148304
0.00014711
0.000142531
0.000148503
0.00014711
0.000151489
0.000148503
0.000135564
0.00013417
0.000145915
0.000137953
0.000137355
0.000147707
0.000135166
0.000139744
0.000130587
0.000131184
0.000134767
0.000129592
0.000133772
0.000121629
0.00012561
0.000128995
0.000121629
0.000121629
0.000121032
0.000118046
0.000109685
0.000122226
0.000136758
0.00012362
0.00010869
0.000118444
0.000110681
0.000115856
0.000106102
0.000111477
0.000112671
0.000105107
0.000100926
0.000107097
0.00010232
0.000114463
0.000105306
0.000109088
0.000107097
0.000104509
0.000106699
0.000101524
0.000103315
9.91347e-05
0.000103713
9.31627e-05
9.35609e-05
0.00010013
9.43571e-05
9.03758e-05
9.53525e-05
8.95796e-05
9.21674e-05
9.41581e-05
9.47553e-05
9.25656e-05
8.61955e-05
9.15702e-05
8.85842e-05
8.12188e-05
9.3959e-05
9.51534e-05
8.81861e-05
8.16169e-05
8.52001e-05
7.90291e-05
8.87833e-05
7.18627e-05
8.53992e-05
8.4802e-05
7.8631e-05
8.65936e-05
8.1816e-05
8.69917e-05
7.84319e-05
7.2659e-05
8.12188e-05
6.88767e-05
7.18627e-05
7.68394e-05
7.32562e-05
7.46496e-05
7.64412e-05
7.38534e-05
7.5645e-05
7.02702e-05
7.20618e-05
7.54459e-05
6.94739e-05
6.72842e-05
7.2858e-05
7.14646e-05
7.02702e-05
6.86777e-05
6.84786e-05
6.25066e-05
6.68861e-05
6.92749e-05
6.54926e-05
7.08674e-05
6.78814e-05
6.84786e-05
6.86777e-05
6.86777e-05
6.92749e-05
7.04693e-05
6.6687e-05
5.87244e-05
6.17104e-05
6.11132e-05
6.56917e-05
6.3701e-05
5.95206e-05
6.03169e-05
6.39001e-05
5.97197e-05
5.49421e-05
6.25066e-05
6.29048e-05
5.71319e-05
5.95206e-05
5.73309e-05
6.27057e-05
5.43449e-05
5.97197e-05
5.81272e-05
5.73309e-05
5.67337e-05
6.58907e-05
5.1359e-05
5.65347e-05
5.25533e-05
5.63356e-05
5.57384e-05
5.57384e-05
5.753e-05
5.1558e-05
5.81272e-05
4.99655e-05
5.05627e-05
5.29515e-05
5.39468e-05
4.73776e-05
5.23543e-05
4.89702e-05
5.05627e-05
4.31973e-05
4.75767e-05
4.37945e-05
4.71786e-05
4.08085e-05
5.21552e-05
5.35487e-05
5.17571e-05
5.1558e-05
4.95674e-05
4.5387e-05
4.41926e-05
4.79748e-05
4.20029e-05
4.97664e-05
4.43917e-05
3.88178e-05
4.22019e-05
4.73776e-05
4.41926e-05
4.59842e-05
4.69795e-05
4.20029e-05
4.10075e-05
4.59842e-05
4.2401e-05
4.16047e-05
4.35954e-05
4.14057e-05
4.04103e-05
4.57851e-05
4.22019e-05
4.26001e-05
4.35954e-05
4.12066e-05
3.74244e-05
3.98131e-05
3.54337e-05
4.14057e-05
3.66281e-05
3.28458e-05
3.88178e-05
4.22019e-05
4.26001e-05
3.52346e-05
3.68272e-05
4.2401e-05
3.623e-05
3.58318e-05
3.58318e-05
3.90169e-05
3.68272e-05
3.54337e-05
4.04103e-05
4.02113e-05
3.96141e-05
3.3443e-05
4.06094e-05
3.70262e-05
4.14057e-05
3.42393e-05
3.82206e-05
3.38412e-05
3.84197e-05
3.54337e-05
2.92627e-05
3.48365e-05
3.70262e-05
3.3443e-05
3.56328e-05
3.18505e-05
3.3244e-05
3.30449e-05
3.38412e-05
3.18505e-05
3.0258e-05
3.48365e-05
3.56328e-05
3.26468e-05
3.3443e-05
2.92627e-05
3.3443e-05
3.623e-05
3.16514e-05
3.22486e-05
3.18505e-05
3.50356e-05
3.36421e-05
2.78692e-05
2.80683e-05
3.28458e-05
2.92627e-05
3.06561e-05
2.56795e-05
2.94617e-05
2.84664e-05
3.24477e-05
2.80683e-05
2.4087e-05
3.12533e-05
3.04571e-05
3.14524e-05
2.66748e-05
2.34898e-05
2.98599e-05
2.76701e-05
2.66748e-05
2.78692e-05
2.80683e-05
2.54804e-05
2.64757e-05
2.34898e-05
2.32907e-05
2.70729e-05
2.88645e-05
2.28926e-05
2.74711e-05
2.76701e-05
2.26935e-05
2.28926e-05
2.34898e-05
2.82673e-05
2.4286e-05
2.26935e-05
2.4087e-05
2.82673e-05
2.36888e-05
2.22954e-05
2.44851e-05
2.90636e-05
2.52813e-05
2.44851e-05
2.09019e-05
2.68739e-05
2.1101e-05
2.54804e-05
2.50823e-05
2.1101e-05
2.38879e-05
2.28926e-05
2.56795e-05
1.79159e-05
2.13e-05
1.87122e-05
2.1101e-05
2.24944e-05
2.16982e-05
1.97075e-05
2.30916e-05
2.56795e-05
2.09019e-05
2.38879e-05
2.46841e-05
2.1101e-05
2.38879e-05
2.22954e-05
2.05038e-05
2.03047e-05
1.97075e-05
2.22954e-05
2.62767e-05
1.89112e-05
2.4087e-05
2.26935e-05
2.28926e-05
1.57262e-05
1.97075e-05
2.07028e-05
1.93094e-05
1.49299e-05
1.61243e-05
2.01056e-05
1.91103e-05
2.48832e-05
1.85131e-05
1.91103e-05
1.85131e-05
1.87122e-05
1.95084e-05
2.13e-05
2.09019e-05
1.91103e-05
1.5129e-05
2.16982e-05
1.59253e-05
2.26935e-05
1.93094e-05
1.75178e-05
1.91103e-05
1.93094e-05
1.63234e-05
1.79159e-05
1.47309e-05
1.91103e-05
1.71197e-05
1.63234e-05
1.89112e-05
1.63234e-05
1.79159e-05
1.77168e-05
2.05038e-05
1.73187e-05
1.89112e-05
1.8314e-05
1.71197e-05
1.37355e-05
1.45318e-05
1.89112e-05
1.73187e-05
1.59253e-05
1.71197e-05
1.49299e-05
1.65225e-05
1.95084e-05
1.33374e-05
1.5129e-05
1.41337e-05
1.41337e-05
1.33374e-05
1.29393e-05
1.5129e-05
1.61243e-05
1.71197e-05
1.65225e-05
1.61243e-05
1.61243e-05
1.45318e-05
1.31383e-05
1.49299e-05
1.8314e-05
1.85131e-05
1.65225e-05
1.47309e-05
1.23421e-05
1.47309e-05
1.61243e-05
1.5129e-05
1.09486e-05
1.61243e-05
1.53281e-05
1.29393e-05
1.53281e-05
1.39346e-05
1.35365e-05
1.45318e-05
1.27402e-05
1.33374e-05
1.45318e-05
1.39346e-05
1.45318e-05
1.19439e-05
1.35365e-05
1.53281e-05
1.25411e-05
1.2143e-05
1.55271e-05
1.2143e-05
1.31383e-05
1.35365e-05
1.09486e-05
1.33374e-05
1.2143e-05
1.09486e-05
1.27402e-05
1.53281e-05
1.2143e-05
1.31383e-05
1.31383e-05
1.01524e-05
1.09486e-05
1.35365e-05
1.23421e-05
1.19439e-05
1.19439e-05
1.43327e-05
1.2143e-05
1.19439e-05
1.15458e-05
1.15458e-05
9.15702e-06
1.41337e-05
1.39346e-05
1.03514e-05
9.75422e-06
1.29393e-05
1.01524e-05
1.05505e-05
1.31383e-05
1.35365e-05
1.15458e-05
9.15702e-06
1.2143e-05
1.01524e-05
1.2143e-05
1.29393e-05
9.15702e-06
1.11477e-05
1.39346e-05
1.03514e-05
9.15702e-06
1.17449e-05
9.35609e-06
9.75422e-06
1.19439e-05
9.15702e-06
9.15702e-06
1.13467e-05
1.01524e-05
1.27402e-05
1.15458e-05
9.35609e-06
1.11477e-05
8.55983e-06
9.35609e-06
7.96263e-06
9.95329e-06
9.95329e-06
1.2143e-05
1.13467e-05
1.05505e-05
9.15702e-06
9.15702e-06
1.11477e-05
1.13467e-05
1.2143e-05
9.55515e-06
1.07495e-05
1.07495e-05
6.76823e-06
1.19439e-05
1.01524e-05
7.36543e-06
1.09486e-05
1.07495e-05
1.03514e-05
8.75889e-06
1.2143e-05
9.95329e-06
1.13467e-05
9.75422e-06
9.55515e-06
1.17449e-05
9.75422e-06
8.36076e-06
7.36543e-06
9.75422e-06
9.55515e-06
1.03514e-05
8.95796e-06
8.55983e-06
1.01524e-05
1.09486e-05
1.03514e-05
8.75889e-06
7.5645e-06
9.75422e-06
8.36076e-06
6.76823e-06
9.75422e-06
8.95796e-06
7.76356e-06
6.76823e-06
7.5645e-06
7.96263e-06
9.35609e-06
9.15702e-06
9.15702e-06
9.15702e-06
6.3701e-06
8.55983e-06
7.5645e-06
7.36543e-06
8.75889e-06
6.9673e-06
8.95796e-06
5.97197e-06
8.16169e-06
8.16169e-06
7.36543e-06
8.55983e-06
6.56917e-06
7.16637e-06
8.75889e-06
5.37477e-06
5.77291e-06
7.36543e-06
6.9673e-06
6.56917e-06
6.56917e-06
7.76356e-06
6.9673e-06
7.96263e-06
6.3701e-06
7.5645e-06
4.97664e-06
5.17571e-06
6.17104e-06
7.36543e-06
8.16169e-06
7.36543e-06
6.9673e-06
8.55983e-06
4.97664e-06
9.35609e-06
6.3701e-06
6.76823e-06
7.36543e-06
8.36076e-06
5.37477e-06
5.17571e-06
6.9673e-06
7.76356e-06
5.37477e-06
1.01524e-05
6.56917e-06
6.56917e-06
7.5645e-06
7.5645e-06
4.97664e-06
6.3701e-06
8.75889e-06
5.57384e-06
6.76823e-06
5.37477e-06
4.57851e-06
7.96263e-06
5.77291e-06
4.18038e-06
6.17104e-06
5.57384e-06
5.17571e-06
7.96263e-06
6.17104e-06
6.56917e-06
4.97664e-06
6.76823e-06
7.96263e-06
5.77291e-06
6.56917e-06
4.37945e-06
5.57384e-06
5.57384e-06
5.77291e-06
7.5645e-06
6.17104e-06
6.9673e-06
5.37477e-06
4.77758e-06
5.57384e-06
4.37945e-06
5.57384e-06
3.18505e-06
3.18505e-06
5.77291e-06
7.16637e-06
3.38412e-06
4.37945e-06
6.56917e-06
7.16637e-06
5.37477e-06
3.58318e-06
3.78225e-06
4.77758e-06
7.36543e-06
6.56917e-06
5.17571e-06
5.57384e-06
4.97664e-06
6.17104e-06
6.9673e-06
5.17571e-06
4.57851e-06
5.57384e-06
5.77291e-06
6.17104e-06
5.97197e-06
4.97664e-06
3.78225e-06
5.57384e-06
5.57384e-06
4.37945e-06
4.97664e-06
5.77291e-06
4.97664e-06
3.18505e-06
4.97664e-06
8.55983e-06
5.17571e-06
3.78225e-06
5.77291e-06
5.17571e-06
4.97664e-06
5.97197e-06
5.37477e-06
4.18038e-06
6.76823e-06
4.77758e-06
6.17104e-06
6.17104e-06
6.3701e-06
5.17571e-06
6.56917e-06
4.97664e-06
4.97664e-06
6.3701e-06
4.18038e-06
4.37945e-06
4.97664e-06
5.57384e-06
4.57851e-06
4.37945e-06
3.58318e-06
3.98131e-06
4.18038e-06
4.57851e-06
3.98131e-06
3.98131e-06
3.78225e-06
4.77758e-06
3.58318e-06
4.77758e-06
5.17571e-06
5.17571e-06
4.77758e-06
4.77758e-06
3.78225e-06
4.18038e-06
2.78692e-06
3.58318e-06
3.98131e-06
4.77758e-06
2.98599e-06
3.98131e-06
5.37477e-06
5.97197e-06
3.18505e-06
4.57851e-06
4.77758e-06
4.97664e-06
4.77758e-06
3.58318e-06
5.77291e-06
4.37945e-06
5.37477e-06
5.37477e-06
4.18038e-06
4.97664e-06
3.18505e-06
3.78225e-06
5.37477e-06
3.58318e-06
3.18505e-06
3.18505e-06
3.18505e-06
4.18038e-06
3.78225e-06
3.58318e-06
3.78225e-06
3.98131e-06
5.37477e-06
2.78692e-06
3.58318e-06
4.18038e-06
3.98131e-06
3.98131e-06
2.18972e-06
3.78225e-06
3.38412e-06
1.39346e-06
3.18505e-06
3.38412e-06
3.38412e-06
4.57851e-06
3.58318e-06
4.37945e-06
2.18972e-06
5.17571e-06
3.78225e-06
4.37945e-06
4.77758e-06
3.58318e-06
4.37945e-06
2.58785e-06
2.38879e-06
4.57851e-06
3.78225e-06
4.57851e-06
3.58318e-06
3.58318e-06
4.57851e-06
2.98599e-06
3.78225e-06
4.37945e-06
3.18505e-06
3.78225e-06
0.00130826
