1.58315e-07
1.58315e-07
0.162321
0.117793
0.0931567
0.0762903
0.0640558
0.0543068
0.0469157
0.0404141
0.035133
0.0308322
0.0270298
0.0239139
0.0211934
0.0188993
0.0167953
0.0149815
0.01338
0.0120468
0.0107383
0.00973001
0.00875337
0.00791319
0.0071612
0.00645369
0.00592872
0.00534691
0.00491266
0.00444421
0.00404351
0.00372308
0.00343669
0.00314159
0.00287958
0.00262707
0.00243725
0.0022297
0.00211841
0.00189851
0.00176901
0.00165439
0.00152283
0.00138367
0.00133253
0.0012225
0.00110709
0.00104234
0.000994215
0.000921391
0.000864081
0.000822602
0.000755635
0.000732205
0.000657639
0.000636583
0.000597321
0.0005579
0.000548718
0.000496158
0.000468453
0.000445497
0.000402119
0.000403385
0.000365232
0.000354783
0.000343543
0.00032312
0.000308555
0.000286708
0.000287183
0.000262485
0.00025552
0.000239846
0.000223223
0.000208025
0.000213091
0.000190927
0.000188711
0.000176521
0.000164647
0.000156098
0.000157523
0.000149291
0.000143433
0.000131243
0.000133459
0.000120477
0.000119686
0.000112562
0.000109712
0.000107179
9.94215e-05
9.35639e-05
9.05559e-05
9.2614e-05
8.50149e-05
8.77062e-05
7.51994e-05
7.96322e-05
6.85502e-05
7.28247e-05
6.80752e-05
6.57005e-05
6.45923e-05
6.23759e-05
6.52256e-05
5.62017e-05
5.35103e-05
6.03178e-05
5.2877e-05
5.19272e-05
4.79693e-05
4.41698e-05
4.27449e-05
4.40114e-05
4.27449e-05
4.21117e-05
4.35365e-05
4.02119e-05
3.18212e-05
3.64123e-05
3.6254e-05
3.26128e-05
3.48292e-05
3.24545e-05
3.18212e-05
2.70718e-05
3.03964e-05
2.75467e-05
2.94465e-05
2.7705e-05
2.78634e-05
2.70718e-05
2.45388e-05
2.29556e-05
2.67552e-05
2.42221e-05
2.32722e-05
2.29556e-05
2.23223e-05
2.18474e-05
2.05809e-05
2.10558e-05
1.80479e-05
2.10558e-05
1.91561e-05
1.59898e-05
1.97893e-05
1.75729e-05
1.85228e-05
1.64647e-05
1.56731e-05
1.409e-05
1.31401e-05
1.53565e-05
1.6623e-05
1.59898e-05
1.39317e-05
1.29818e-05
1.17153e-05
1.34567e-05
1.39317e-05
1.06071e-05
8.7073e-06
1.12403e-05
1.06071e-05
1.20319e-05
8.23236e-06
1.04488e-05
7.91573e-06
8.07404e-06
1.04488e-05
8.54898e-06
8.23236e-06
8.07404e-06
8.07404e-06
9.02393e-06
9.02393e-06
8.39067e-06
9.8155e-06
6.64921e-06
8.54898e-06
8.07404e-06
6.80752e-06
6.33258e-06
8.39067e-06
8.7073e-06
6.01595e-06
5.38269e-06
6.96584e-06
7.28247e-06
6.17427e-06
5.38269e-06
6.33258e-06
6.80752e-06
4.27449e-06
5.22438e-06
5.06606e-06
4.59112e-06
3.00798e-06
5.22438e-06
4.74944e-06
5.85764e-06
4.11618e-06
4.59112e-06
3.79955e-06
3.3246e-06
4.90775e-06
3.79955e-06
5.06606e-06
3.79955e-06
4.43281e-06
4.59112e-06
2.53303e-06
4.43281e-06
4.11618e-06
4.11618e-06
4.59112e-06
4.59112e-06
3.64123e-06
3.3246e-06
3.16629e-06
3.64123e-06
3.3246e-06
3.64123e-06
3.3246e-06
3.16629e-06
1.58315e-06
3.48292e-06
3.48292e-06
2.2164e-06
2.53303e-06
1.58315e-06
2.2164e-06
2.84966e-06
2.05809e-06
3.16629e-06
3.00798e-06
2.05809e-06
1.42483e-06
2.84966e-06
1.42483e-06
1.58315e-06
2.84966e-06
2.05809e-06
1.89977e-06
1.58315e-06
1.1082e-06
2.84966e-06
1.89977e-06
1.89977e-06
2.37472e-06
1.58315e-06
3.16629e-06
1.58315e-06
2.69135e-06
2.53303e-06
2.53303e-06
2.05809e-06
9.49887e-07
1.26652e-06
1.74146e-06
1.1082e-06
1.89977e-06
2.2164e-06
2.2164e-06
1.58315e-06
2.2164e-06
1.42483e-06
7.91573e-07
1.42483e-06
1.42483e-06
1.26652e-06
2.05809e-06
1.89977e-06
1.58315e-06
1.89977e-06
1.42483e-06
1.58315e-07
4.74944e-07
6.33258e-07
7.91573e-07
1.1082e-06
9.49887e-07
1.42483e-06
2.05809e-06
1.26652e-06
9.49887e-07
1.1082e-06
7.91573e-07
7.91573e-07
1.1082e-06
9.49887e-07
6.33258e-07
1.89977e-06
1.1082e-06
4.74944e-07
6.33258e-07
7.91573e-07
1.1082e-06
1.42483e-06
1.74146e-06
7.91573e-07
9.49887e-07
2.05809e-06
7.91573e-07
1.58315e-06
9.49887e-07
1.1082e-06
6.33258e-07
1.1082e-06
4.74944e-07
3.16629e-07
7.91573e-07
4.74944e-07
4.74944e-07
3.16629e-07
1.1082e-06
3.16629e-07
9.49887e-07
6.33258e-07
7.91573e-07
6.33258e-07
9.49887e-07
1.26652e-06
9.49887e-07
6.33258e-07
6.33258e-07
1.1082e-06
4.74944e-07
9.49887e-07
1.58315e-07
6.33258e-07
9.49887e-07
9.49887e-07
1.1082e-06
4.74944e-07
4.74944e-07
3.16629e-07
4.74944e-07
6.33258e-07
1.58315e-07
6.33258e-07
7.91573e-07
1.58315e-07
3.16629e-07
1.58315e-07
4.74944e-07
9.49887e-07
4.74944e-07
4.74944e-07
3.16629e-07
4.74944e-07
7.91573e-07
6.33258e-07
3.16629e-07
3.16629e-07
4.74944e-07
3.16629e-07
1.58315e-07
6.33258e-07
9.49887e-07
3.16629e-07
1.58315e-07
7.91573e-07
1.58315e-07
3.16629e-07
6.33258e-07
6.33258e-07
4.74944e-07
7.91573e-07
4.74944e-07
6.33258e-07
9.49887e-07
6.33258e-07
7.91573e-07
4.74944e-07
1.58315e-07
3.16629e-07
3.16629e-07
4.74944e-07
1.58315e-07
1.58315e-07
4.74944e-07
3.16629e-07
3.16629e-07
3.16629e-07
4.74944e-07
1.58315e-07
1.58315e-07
1.58315e-07
1.58315e-07
3.16629e-07
1.58315e-07
4.74944e-07
3.16629e-07
3.16629e-07
3.16629e-07
3.16629e-07
3.16629e-07
6.33258e-07
6.33258e-07
3.16629e-07
3.16629e-07
1.58315e-07
1.58315e-07
1.58315e-07
4.74944e-07
1.58315e-07
1.58315e-07
3.16629e-07
4.74944e-07
4.74944e-07
1.58315e-07
1.58315e-07
4.74944e-07
1.58315e-07
1.58315e-07
1.58315e-07
3.16629e-07
1.58315e-07
1.58315e-07
6.33258e-07
1.58315e-07
1.58315e-07
1.58315e-07
3.16629e-07
6.33258e-07
3.16629e-07
4.74944e-07
1.58315e-07
3.16629e-07
1.58315e-07
1.58315e-07
1.58315e-07
1.58315e-07
1.58315e-07
1.58315e-07
1.58315e-07
1.58315e-07
4.74944e-07
1.58315e-07
1.58315e-07
1.58315e-07
1.58315e-07
1.58315e-07
4.74944e-07
1.58315e-07
1.58315e-07
1.58315e-07
1.58315e-07
4.74944e-07
1.58315e-07
1.58315e-07
1.58315e-07
1.58315e-07
1.58315e-07
1.58315e-07
1.58315e-07
3.16629e-07
1.58315e-07
1.58315e-07
1.58315e-07
1.58315e-07
1.58315e-07
1.58315e-07
1.58315e-07
3.16629e-07
1.58315e-07
1.58315e-07
1.58315e-07
1.58315e-07
1.58315e-07
1.58315e-07
1.58315e-07
1.58315e-07
1.58315e-07
1.58315e-07
1.58315e-07
4.74944e-07
1.58315e-07
1.58315e-07
1.58315e-07
1.58315e-07
1.58315e-07
1.58315e-07
1.58315e-07
1.58315e-07
1.58315e-07
1.58315e-07
3.16629e-07
1.58315e-07
1.58315e-07
1.58315e-07
1.58315e-07
1.58315e-07
1.58315e-07
1.58315e-07
1.58315e-07
1.58315e-07
1.58315e-07
3.16629e-07
1.58315e-07
1.58315e-07
1.58315e-07
1.58315e-07
1.58315e-07
1.58315e-07
1.58315e-07
1.58315e-07
1.58315e-07
1.58315e-07
1.58315e-07
1.58315e-07
1.58315e-07
1.58315e-07
1.58315e-07
1.58315e-07
3.16629e-07
1.58315e-07
1.58315e-07
1.58315e-07
1.58315e-07
1.58315e-07
1.58315e-07
1.58315e-07
3.16629e-07
1.58315e-07
1.58315e-07
1.58315e-07
3.16629e-07
1.58315e-07
1.58315e-07
1.58315e-07
1.58315e-07
1.58315e-07
1.58315e-07
1.58315e-07
1.58315e-07
1.58315e-07
1.58315e-07
1.58315e-07
1.58315e-07
1.58315e-07
1.58315e-07
1.58315e-07
1.58315e-07
1.58315e-07
3.16629e-07
1.58315e-07
1.58315e-07
1.58315e-07
1.58315e-07
1.58315e-07
1.58315e-07
1.58315e-07
3.16629e-07
1.58315e-07
1.58315e-07
1.58315e-07
1.58315e-07
1.58315e-07
1.58315e-07
1.58315e-07
1.58315e-07
3.16629e-07
1.58315e-07
1.58315e-07
1.58315e-07
1.58315e-07
1.58315e-07
1.58315e-07
1.58315e-07
1.58315e-07
1.58315e-07
1.58315e-07
1.58315e-07
3.16629e-07
1.58315e-07
1.58315e-07
1.58315e-07
1.58315e-07
1.58315e-07
1.58315e-07
1.58315e-07
1.58315e-07
1.58315e-07
1.58315e-07
1.58315e-07
1.58315e-07
1.58315e-07
1.58315e-07
1.58315e-07
1.58315e-07
1.58315e-07
1.58315e-07
1.58315e-07
1.58315e-07
1.58315e-07
1.58315e-07
1.58315e-07
1.58315e-07
1.58315e-07
1.58315e-07
1.58315e-07
1.58315e-07
1.58315e-07
1.58315e-07
3.16629e-07
1.58315e-07
1.58315e-07
1.58315e-07
1.58315e-07
1.58315e-07
1.58315e-07
1.58315e-07
1.58315e-07
1.58315e-07
1.58315e-07
1.58315e-07
1.58315e-07
1.58315e-07
1.58315e-07
1.58315e-07
1.58315e-07
1.58315e-07
1.58315e-07
1.58315e-07
1.58315e-07
1.58315e-07
1.58315e-07
1.58315e-07
1.58315e-07
1.58315e-07
1.58315e-07
1.58315e-07
1.58315e-07
1.58315e-07
1.58315e-07
1.58315e-07
1.58315e-07
1.58315e-07
1.58315e-07
1.58315e-07
1.58315e-07
1.58315e-07
1.58315e-07
1.58315e-07
1.58315e-07
1.58315e-07
1.58315e-07
1.58315e-07
1.58315e-07
1.58315e-07
1.58315e-07
1.58315e-07
1.58315e-07
1.58315e-07
1.58315e-07
1.58315e-07
1.58315e-07
1.58315e-07
1.58315e-07
1.58315e-07
1.58315e-07
1.58315e-07
1.58315e-07
1.58315e-07
1.58315e-07
1.58315e-07
1.58315e-07
1.58315e-07
1.58315e-07
1.58315e-07
1.58315e-07
1.58315e-07
1.58315e-07
1.58315e-07
1.58315e-07
1.58315e-07
1.58315e-07
1.58315e-07
1.58315e-07
1.58315e-07
1.58315e-07
1.58315e-07
1.58315e-07
1.58315e-07
1.58315e-07
1.58315e-07
1.58315e-07
1.58315e-07
1.58315e-07
1.58315e-07
1.58315e-07
1.58315e-07
1.58315e-07
1.58315e-07
1.58315e-07
1.58315e-07
1.58315e-07
1.58315e-07
1.58315e-07
1.58315e-07
1.58315e-07
1.58315e-07
1.58315e-07
1.58315e-07
1.58315e-07
1.58315e-07
1.58315e-07
1.58315e-07
1.58315e-07
1.58315e-07
1.58315e-07
1.58315e-07
1.58315e-07
1.58315e-07
1.58315e-07
1.58315e-07
1.58315e-07
1.58315e-07
1.58315e-07
1.58315e-07
1.58315e-07
1.58315e-07
1.58315e-07
1.58315e-07
1.58315e-07
1.58315e-07
1.58315e-07
1.58315e-07
1.58315e-07
1.58315e-07
1.58315e-07
1.58315e-07
1.58315e-07
1.58315e-07
1.58315e-07
1.58315e-07
1.58315e-07
1.58315e-07
1.58315e-07
1.58315e-07
1.58315e-07
1.58315e-07
1.58315e-07
1.58315e-07
1.58315e-07
1.58315e-07
1.58315e-07
1.58315e-07
1.58315e-07
1.58315e-07
1.58315e-07
1.58315e-07
1.58315e-07
1.58315e-07
1.58315e-07
1.58315e-07
1.58315e-07
1.58315e-07
1.58315e-07
1.58315e-07
1.58315e-07
1.58315e-07
1.58315e-07
1.58315e-07
1.58315e-07
1.58315e-07
1.58315e-07
1.58315e-07
1.58315e-07
1.58315e-07
1.58315e-07
1.58315e-07
1.58315e-07
1.58315e-07
1.58315e-07
1.58315e-07
1.58315e-07
1.58315e-07
1.58315e-07
1.58315e-07
1.58315e-07
1.58315e-07
1.58315e-07
1.58315e-07
1.58315e-07
1.58315e-07
1.58315e-07
1.58315e-07
1.58315e-07
1.58315e-07
1.58315e-07
1.58315e-07
1.58315e-07
1.58315e-07
1.58315e-07
1.58315e-07
1.58315e-07
1.58315e-07
1.58315e-07
1.58315e-07
1.58315e-07
1.58315e-07
1.58315e-07
1.58315e-07
1.58315e-07
1.58315e-07
1.58315e-07
1.58315e-07
1.58315e-07
1.58315e-07
1.58315e-07
1.58315e-07
1.58315e-07
1.58315e-07
1.58315e-07
1.58315e-07
1.58315e-07
1.58315e-07
1.58315e-07
1.58315e-07
1.58315e-07
1.58315e-07
1.58315e-07
1.58315e-07
1.58315e-07
1.58315e-07
1.58315e-07
1.58315e-07
1.58315e-07
1.58315e-07
1.58315e-07
1.58315e-07
1.58315e-07
1.58315e-07
1.58315e-07
1.58315e-07
1.58315e-07
1.58315e-07
1.58315e-07
1.58315e-07
1.58315e-07
1.58315e-07
1.58315e-07
1.58315e-07
1.58315e-07
1.58315e-07
1.58315e-07
1.58315e-07
1.58315e-07
1.58315e-07
1.58315e-07
1.58315e-07
1.58315e-07
1.58315e-07
1.58315e-07
1.58315e-07
1.58315e-07
1.58315e-07
1.58315e-07
1.58315e-07
1.58315e-07
1.58315e-07
1.58315e-07
1.58315e-07
1.58315e-07
1.58315e-07
1.58315e-07
1.58315e-07
1.58315e-07
1.58315e-07
1.58315e-07
1.58315e-07
1.58315e-07
1.58315e-07
1.58315e-07
1.58315e-07
1.58315e-07
1.58315e-07
1.58315e-07
1.58315e-07
1.58315e-07
1.58315e-07
1.58315e-07
1.58315e-07
1.58315e-07
1.58315e-07
1.58315e-07
1.58315e-07
1.58315e-07
1.58315e-07
1.58315e-07
1.58315e-07
1.58315e-07
1.58315e-07
1.58315e-07
1.58315e-07
1.58315e-07
1.58315e-07
1.58315e-07
1.58315e-07
1.58315e-07
1.58315e-07
1.58315e-07
1.58315e-07
1.58315e-07
1.58315e-07
1.58315e-07
1.58315e-07
1.58315e-07
1.58315e-07
1.58315e-07
1.58315e-07
1.58315e-07
1.58315e-07
1.58315e-07
1.58315e-07
1.58315e-07
1.58315e-07
1.58315e-07
1.58315e-07
1.58315e-07
1.58315e-07
1.58315e-07
1.58315e-07
1.58315e-07
1.58315e-07
1.58315e-07
1.58315e-07
1.58315e-07
1.58315e-07
1.58315e-07
1.58315e-07
1.58315e-07
1.58315e-07
1.58315e-07
1.58315e-07
1.58315e-07
1.58315e-07
1.58315e-07
1.58315e-07
1.58315e-07
1.58315e-07
1.58315e-07
1.58315e-07
1.58315e-07
1.58315e-07
1.58315e-07
1.58315e-07
1.58315e-07
1.58315e-07
1.58315e-07
1.58315e-07
1.58315e-07
1.58315e-07
1.58315e-07
1.58315e-07
1.58315e-07
1.58315e-07
1.58315e-07
1.58315e-07
1.58315e-07
1.58315e-07
1.58315e-07
1.58315e-07
1.58315e-07
1.58315e-07
1.58315e-07
1.58315e-07
1.58315e-07
1.58315e-07
1.58315e-07
1.58315e-07
1.58315e-07
1.58315e-07
1.58315e-07
1.58315e-07
1.58315e-07
1.58315e-07
1.58315e-07
1.58315e-07
1.58315e-07
1.58315e-07
1.58315e-07
1.58315e-07
1.58315e-07
1.58315e-07
1.58315e-07
1.58315e-07
1.58315e-07
1.58315e-07
1.58315e-07
1.58315e-07
1.58315e-07
1.58315e-07
1.58315e-07
1.58315e-07
1.58315e-07
1.58315e-07
1.58315e-07
1.58315e-07
1.58315e-07
1.58315e-07
1.58315e-07
1.58315e-07
1.58315e-07
1.58315e-07
1.58315e-07
1.58315e-07
1.58315e-07
1.58315e-07
1.58315e-07
1.58315e-07
1.58315e-07
1.58315e-07
1.58315e-07
1.58315e-07
1.58315e-07
1.58315e-07
1.58315e-07
