2.00918e-07
2.00918e-07
2.00918e-07
0.365333
0.157426
0.228764
0.143818
0.0546002
0.021801
0.0103286
0.00558832
0.00326793
0.00206222
0.00143013
0.00098972
0.000761277
0.000542478
0.000423936
0.000314838
0.000281887
0.000217192
0.000186653
0.000163547
0.000136021
0.000122359
9.92533e-05
8.82029e-05
7.67506e-05
6.8312e-05
5.32432e-05
5.46496e-05
4.6412e-05
4.159e-05
4.60101e-05
3.67679e-05
3.85762e-05
2.6923e-05
2.95349e-05
3.23477e-05
2.97358e-05
2.67221e-05
2.67221e-05
2.35074e-05
2.06945e-05
2.19e-05
2.57175e-05
1.74798e-05
1.52697e-05
1.60734e-05
1.24569e-05
1.18541e-05
1.60734e-05
1.18541e-05
9.0413e-06
8.03671e-06
1.02468e-05
1.00459e-05
1.18541e-05
1.02468e-05
7.03212e-06
7.83579e-06
5.62569e-06
4.82202e-06
4.01835e-06
4.42019e-06
4.01835e-06
4.62111e-06
5.22386e-06
4.21927e-06
5.42478e-06
4.82202e-06
4.82202e-06
4.62111e-06
3.81744e-06
2.61193e-06
4.21927e-06
3.81744e-06
2.41101e-06
1.80826e-06
4.42019e-06
3.4156e-06
4.62111e-06
1.80826e-06
2.41101e-06
5.42478e-06
2.81285e-06
2.41101e-06
2.81285e-06
1.40642e-06
1.40642e-06
2.81285e-06
3.4156e-06
2.00918e-06
1.20551e-06
3.4156e-06
1.00459e-06
6.02753e-07
1.20551e-06
2.81285e-06
1.60734e-06
2.21009e-06
1.60734e-06
2.41101e-06
1.40642e-06
1.00459e-06
1.60734e-06
1.00459e-06
1.60734e-06
1.40642e-06
1.80826e-06
6.02753e-07
6.02753e-07
2.21009e-06
1.80826e-06
1.00459e-06
6.02753e-07
1.40642e-06
2.00918e-07
4.01835e-07
1.00459e-06
4.01835e-07
1.20551e-06
4.01835e-07
1.00459e-06
6.02753e-07
4.01835e-07
4.01835e-07
6.02753e-07
1.00459e-06
8.03671e-07
6.02753e-07
1.20551e-06
2.00918e-07
4.01835e-07
4.01835e-07
1.20551e-06
6.02753e-07
6.02753e-07
6.02753e-07
4.01835e-07
4.01835e-07
6.02753e-07
2.00918e-07
8.03671e-07
2.00918e-07
4.01835e-07
2.00918e-07
2.00918e-07
2.00918e-07
4.01835e-07
2.00918e-07
2.00918e-07
4.01835e-07
2.00918e-07
4.01835e-07
6.02753e-07
4.01835e-07
4.01835e-07
2.00918e-07
4.01835e-07
2.00918e-07
2.00918e-07
2.00918e-07
6.02753e-07
2.00918e-07
2.00918e-07
6.02753e-07
4.01835e-07
2.00918e-07
6.02753e-07
6.02753e-07
6.02753e-07
6.02753e-07
2.00918e-07
2.00918e-07
2.00918e-07
2.00918e-07
2.00918e-07
2.00918e-07
6.02753e-07
2.00918e-07
2.00918e-07
2.00918e-07
2.00918e-07
2.00918e-07
2.00918e-07
2.00918e-07
2.00918e-07
2.00918e-07
2.00918e-07
2.00918e-07
2.00918e-07
2.00918e-07
2.00918e-07
2.00918e-07
4.01835e-07
2.00918e-07
2.00918e-07
2.00918e-07
4.01835e-07
2.00918e-07
2.00918e-07
2.00918e-07
2.00918e-07
2.00918e-07
2.00918e-07
2.00918e-07
2.00918e-07
2.00918e-07
2.00918e-07
2.00918e-07
2.00918e-07
2.00918e-07
2.00918e-07
2.00918e-07
2.00918e-07
2.00918e-07
2.00918e-07
2.00918e-07
2.00918e-07
2.00918e-07
2.00918e-07
2.00918e-07
2.00918e-07
2.00918e-07
2.00918e-07
2.00918e-07
2.00918e-07
2.00918e-07
2.00918e-07
2.00918e-07
2.00918e-07
2.00918e-07
2.00918e-07
2.00918e-07
2.00918e-07
2.00918e-07
2.00918e-07
2.00918e-07
2.00918e-07
2.00918e-07
2.00918e-07
2.00918e-07
2.00918e-07
2.00918e-07
2.00918e-07
2.00918e-07
2.00918e-07
2.00918e-07
2.00918e-07
2.00918e-07
2.00918e-07
2.00918e-07
2.00918e-07
2.00918e-07
2.00918e-07
2.00918e-07
2.00918e-07
2.00918e-07
2.00918e-07
2.00918e-07
2.00918e-07
2.00918e-07
2.00918e-07
2.00918e-07
2.00918e-07
2.00918e-07
2.00918e-07
2.00918e-07
2.00918e-07
2.00918e-07
2.00918e-07
2.00918e-07
2.00918e-07
2.00918e-07
2.00918e-07
2.00918e-07
2.00918e-07
2.00918e-07
2.00918e-07
2.00918e-07
2.00918e-07
2.00918e-07
2.00918e-07
2.00918e-07
2.00918e-07
2.00918e-07
2.00918e-07
2.00918e-07
2.00918e-07
2.00918e-07
2.00918e-07
2.00918e-07
2.00918e-07
2.00918e-07
2.00918e-07
2.00918e-07
2.00918e-07
2.00918e-07
2.00918e-07
2.00918e-07
2.00918e-07
2.00918e-07
2.00918e-07
2.00918e-07
2.00918e-07
2.00918e-07
2.00918e-07
2.00918e-07
2.00918e-07
2.00918e-07
2.00918e-07
2.00918e-07
2.00918e-07
2.00918e-07
2.00918e-07
2.00918e-07
2.00918e-07
2.00918e-07
2.00918e-07
2.00918e-07
2.00918e-07
2.00918e-07
2.00918e-07
2.00918e-07
2.00918e-07
2.00918e-07
2.00918e-07
2.00918e-07
2.00918e-07
2.00918e-07
2.00918e-07
2.00918e-07
2.00918e-07
2.00918e-07
2.00918e-07
2.00918e-07
2.00918e-07
2.00918e-07
2.00918e-07
2.00918e-07
2.00918e-07
2.00918e-07
2.00918e-07
2.00918e-07
2.00918e-07
2.00918e-07
2.00918e-07
2.00918e-07
2.00918e-07
2.00918e-07
2.00918e-07
2.00918e-07
2.00918e-07
2.00918e-07
2.00918e-07
2.00918e-07
2.00918e-07
2.00918e-07
2.00918e-07
2.00918e-07
2.00918e-07
2.00918e-07
2.00918e-07
2.00918e-07
2.00918e-07
2.00918e-07
2.00918e-07
2.00918e-07
2.00918e-07
2.00918e-07
2.00918e-07
2.00918e-07
2.00918e-07
2.00918e-07
2.00918e-07
2.00918e-07
2.00918e-07
2.00918e-07
2.00918e-07
2.00918e-07
2.00918e-07
2.00918e-07
2.00918e-07
2.00918e-07
2.00918e-07
2.00918e-07
2.00918e-07
2.00918e-07
2.00918e-07
2.00918e-07
2.00918e-07
2.00918e-07
2.00918e-07
2.00918e-07
2.00918e-07
2.00918e-07
2.00918e-07
2.00918e-07
2.00918e-07
2.00918e-07
2.00918e-07
2.00918e-07
2.00918e-07
2.00918e-07
2.00918e-07
2.00918e-07
2.00918e-07
2.00918e-07
2.00918e-07
2.00918e-07
2.00918e-07
2.00918e-07
2.00918e-07
2.00918e-07
2.00918e-07
2.00918e-07
2.00918e-07
2.00918e-07
2.00918e-07
2.00918e-07
2.00918e-07
2.00918e-07
2.00918e-07
2.00918e-07
2.00918e-07
2.00918e-07
2.00918e-07
2.00918e-07
2.00918e-07
2.00918e-07
2.00918e-07
2.00918e-07
2.00918e-07
2.00918e-07
2.00918e-07
2.00918e-07
2.00918e-07
2.00918e-07
2.00918e-07
2.00918e-07
2.00918e-07
2.00918e-07
2.00918e-07
2.00918e-07
2.00918e-07
2.00918e-07
2.00918e-07
2.00918e-07
2.00918e-07
2.00918e-07
2.00918e-07
2.00918e-07
2.00918e-07
2.00918e-07
2.00918e-07
2.00918e-07
2.00918e-07
2.00918e-07
2.00918e-07
2.00918e-07
2.00918e-07
2.00918e-07
2.00918e-07
2.00918e-07
2.00918e-07
2.00918e-07
2.00918e-07
2.00918e-07
2.00918e-07
2.00918e-07
2.00918e-07
2.00918e-07
2.00918e-07
2.00918e-07
2.00918e-07
2.00918e-07
2.00918e-07
2.00918e-07
2.00918e-07
2.00918e-07
2.00918e-07
2.00918e-07
2.00918e-07
2.00918e-07
2.00918e-07
2.00918e-07
2.00918e-07
2.00918e-07
2.00918e-07
2.00918e-07
2.00918e-07
2.00918e-07
2.00918e-07
2.00918e-07
2.00918e-07
2.00918e-07
2.00918e-07
2.00918e-07
2.00918e-07
2.00918e-07
2.00918e-07
2.00918e-07
2.00918e-07
2.00918e-07
2.00918e-07
2.00918e-07
2.00918e-07
2.00918e-07
2.00918e-07
2.00918e-07
2.00918e-07
2.00918e-07
2.00918e-07
2.00918e-07
2.00918e-07
2.00918e-07
2.00918e-07
2.00918e-07
2.00918e-07
2.00918e-07
2.00918e-07
2.00918e-07
2.00918e-07
2.00918e-07
2.00918e-07
2.00918e-07
2.00918e-07
2.00918e-07
2.00918e-07
2.00918e-07
2.00918e-07
2.00918e-07
2.00918e-07
2.00918e-07
2.00918e-07
2.00918e-07
2.00918e-07
2.00918e-07
2.00918e-07
2.00918e-07
2.00918e-07
2.00918e-07
2.00918e-07
2.00918e-07
2.00918e-07
2.00918e-07
2.00918e-07
2.00918e-07
2.00918e-07
2.00918e-07
2.00918e-07
2.00918e-07
2.00918e-07
2.00918e-07
2.00918e-07
2.00918e-07
2.00918e-07
2.00918e-07
2.00918e-07
2.00918e-07
2.00918e-07
2.00918e-07
2.00918e-07
2.00918e-07
2.00918e-07
2.00918e-07
2.00918e-07
2.00918e-07
2.00918e-07
2.00918e-07
2.00918e-07
2.00918e-07
2.00918e-07
2.00918e-07
2.00918e-07
2.00918e-07
2.00918e-07
2.00918e-07
2.00918e-07
2.00918e-07
2.00918e-07
2.00918e-07
2.00918e-07
2.00918e-07
2.00918e-07
2.00918e-07
2.00918e-07
2.00918e-07
2.00918e-07
2.00918e-07
2.00918e-07
2.00918e-07
2.00918e-07
2.00918e-07
2.00918e-07
2.00918e-07
2.00918e-07
2.00918e-07
2.00918e-07
2.00918e-07
2.00918e-07
2.00918e-07
2.00918e-07
2.00918e-07
2.00918e-07
2.00918e-07
2.00918e-07
2.00918e-07
2.00918e-07
2.00918e-07
2.00918e-07
2.00918e-07
2.00918e-07
2.00918e-07
2.00918e-07
2.00918e-07
2.00918e-07
2.00918e-07
2.00918e-07
2.00918e-07
2.00918e-07
2.00918e-07
2.00918e-07
2.00918e-07
2.00918e-07
2.00918e-07
2.00918e-07
2.00918e-07
2.00918e-07
2.00918e-07
2.00918e-07
2.00918e-07
2.00918e-07
2.00918e-07
2.00918e-07
2.00918e-07
2.00918e-07
2.00918e-07
2.00918e-07
2.00918e-07
2.00918e-07
2.00918e-07
2.00918e-07
2.00918e-07
2.00918e-07
2.00918e-07
2.00918e-07
2.00918e-07
2.00918e-07
2.00918e-07
2.00918e-07
2.00918e-07
2.00918e-07
2.00918e-07
2.00918e-07
2.00918e-07
2.00918e-07
2.00918e-07
2.00918e-07
2.00918e-07
2.00918e-07
2.00918e-07
2.00918e-07
2.00918e-07
2.00918e-07
2.00918e-07
2.00918e-07
2.00918e-07
2.00918e-07
2.00918e-07
2.00918e-07
2.00918e-07
2.00918e-07
2.00918e-07
2.00918e-07
2.00918e-07
2.00918e-07
2.00918e-07
2.00918e-07
2.00918e-07
2.00918e-07
2.00918e-07
2.00918e-07
2.00918e-07
2.00918e-07
2.00918e-07
2.00918e-07
2.00918e-07
2.00918e-07
2.00918e-07
2.00918e-07
2.00918e-07
2.00918e-07
2.00918e-07
2.00918e-07
2.00918e-07
2.00918e-07
2.00918e-07
2.00918e-07
2.00918e-07
2.00918e-07
2.00918e-07
2.00918e-07
2.00918e-07
2.00918e-07
2.00918e-07
2.00918e-07
2.00918e-07
2.00918e-07
2.00918e-07
2.00918e-07
2.00918e-07
2.00918e-07
2.00918e-07
2.00918e-07
2.00918e-07
2.00918e-07
2.00918e-07
2.00918e-07
2.00918e-07
2.00918e-07
2.00918e-07
2.00918e-07
2.00918e-07
2.00918e-07
2.00918e-07
2.00918e-07
2.00918e-07
2.00918e-07
2.00918e-07
2.00918e-07
2.00918e-07
2.00918e-07
2.00918e-07
2.00918e-07
2.00918e-07
2.00918e-07
2.00918e-07
2.00918e-07
2.00918e-07
2.00918e-07
2.00918e-07
2.00918e-07
2.00918e-07
2.00918e-07
2.00918e-07
2.00918e-07
2.00918e-07
2.00918e-07
2.00918e-07
2.00918e-07
2.00918e-07
2.00918e-07
2.00918e-07
2.00918e-07
2.00918e-07
2.00918e-07
2.00918e-07
2.00918e-07
2.00918e-07
2.00918e-07
2.00918e-07
2.00918e-07
2.00918e-07
2.00918e-07
2.00918e-07
2.00918e-07
2.00918e-07
2.00918e-07
2.00918e-07
2.00918e-07
2.00918e-07
2.00918e-07
2.00918e-07
2.00918e-07
2.00918e-07
2.00918e-07
2.00918e-07
2.00918e-07
2.00918e-07
2.00918e-07
2.00918e-07
2.00918e-07
2.00918e-07
2.00918e-07
2.00918e-07
2.00918e-07
2.00918e-07
2.00918e-07
2.00918e-07
2.00918e-07
2.00918e-07
2.00918e-07
2.00918e-07
2.00918e-07
2.00918e-07
2.00918e-07
2.00918e-07
2.00918e-07
2.00918e-07
2.00918e-07
2.00918e-07
2.00918e-07
2.00918e-07
2.00918e-07
2.00918e-07
2.00918e-07
2.00918e-07
2.00918e-07
2.00918e-07
2.00918e-07
2.00918e-07
2.00918e-07
2.00918e-07
2.00918e-07
2.00918e-07
2.00918e-07
2.00918e-07
2.00918e-07
2.00918e-07
2.00918e-07
2.00918e-07
2.00918e-07
2.00918e-07
2.00918e-07
2.00918e-07
2.00918e-07
2.00918e-07
2.00918e-07
2.00918e-07
2.00918e-07
2.00918e-07
2.00918e-07
2.00918e-07
2.00918e-07
2.00918e-07
2.00918e-07
2.00918e-07
2.00918e-07
2.00918e-07
2.00918e-07
2.00918e-07
2.00918e-07
2.00918e-07
2.00918e-07
2.00918e-07
2.00918e-07
2.00918e-07
2.00918e-07
2.00918e-07
2.00918e-07
2.00918e-07
2.00918e-07
2.00918e-07
2.00918e-07
2.00918e-07
2.00918e-07
2.00918e-07
2.00918e-07
2.00918e-07
2.00918e-07
2.00918e-07
2.00918e-07
2.00918e-07
2.00918e-07
2.00918e-07
2.00918e-07
2.00918e-07
2.00918e-07
2.00918e-07
2.00918e-07
2.00918e-07
2.00918e-07
2.00918e-07
2.00918e-07
2.00918e-07
2.00918e-07
2.00918e-07
2.00918e-07
2.00918e-07
2.00918e-07
2.00918e-07
2.00918e-07
2.00918e-07
2.00918e-07
2.00918e-07
2.00918e-07
2.00918e-07
2.00918e-07
2.00918e-07
2.00918e-07
2.00918e-07
2.00918e-07
2.00918e-07
2.00918e-07
2.00918e-07
2.00918e-07
2.00918e-07
2.00918e-07
2.00918e-07
2.00918e-07
2.00918e-07
2.00918e-07
2.00918e-07
2.00918e-07
2.00918e-07
2.00918e-07
2.00918e-07
2.00918e-07
2.00918e-07
2.00918e-07
2.00918e-07
2.00918e-07
2.00918e-07
2.00918e-07
2.00918e-07
2.00918e-07
2.00918e-07
2.00918e-07
2.00918e-07
2.00918e-07
2.00918e-07
2.00918e-07
2.00918e-07
2.00918e-07
2.00918e-07
2.00918e-07
2.00918e-07
2.00918e-07
2.00918e-07
2.00918e-07
2.00918e-07
2.00918e-07
2.00918e-07
2.00918e-07
2.00918e-07
2.00918e-07
2.00918e-07
2.00918e-07
2.00918e-07
2.00918e-07
2.00918e-07
2.00918e-07
2.00918e-07
2.00918e-07
2.00918e-07
2.00918e-07
2.00918e-07
2.00918e-07
2.00918e-07
2.00918e-07
2.00918e-07
2.00918e-07
2.00918e-07
2.00918e-07
2.00918e-07
2.00918e-07
2.00918e-07
2.00918e-07
2.00918e-07
2.00918e-07
2.00918e-07
2.00918e-07
2.00918e-07
2.00918e-07
2.00918e-07
2.00918e-07
2.00918e-07
2.00918e-07
2.00918e-07
2.00918e-07
2.00918e-07
2.00918e-07
2.00918e-07
2.00918e-07
2.00918e-07
2.00918e-07
2.00918e-07
2.00918e-07
2.00918e-07
2.00918e-07
2.00918e-07
2.00918e-07
2.00918e-07
2.00918e-07
2.00918e-07
2.00918e-07
2.00918e-07
2.00918e-07
2.00918e-07
2.00918e-07
2.00918e-07
2.00918e-07
2.00918e-07
2.00918e-07
2.00918e-07
2.00918e-07
2.00918e-07
2.00918e-07
2.00918e-07
2.00918e-07
2.00918e-07
2.00918e-07
2.00918e-07
2.00918e-07
2.00918e-07
2.00918e-07
2.00918e-07
2.00918e-07
2.00918e-07
2.00918e-07
2.00918e-07
2.00918e-07
2.00918e-07
2.00918e-07
2.00918e-07
2.00918e-07
2.00918e-07
2.00918e-07
2.00918e-07
2.00918e-07
2.00918e-07
2.00918e-07
