0.000610892
0.0366716
0.0295006
0.0269685
0.0254778
0.0241493
0.0229679
0.0220952
0.0212544
0.020448
0.0198238
0.0191539
0.0185689
0.0179244
0.0172255
0.016811
0.0161402
0.0157465
0.0152586
0.0146811
0.014231
0.0138078
0.0133856
0.0130466
0.0130206
0.0127365
0.0122827
0.0118798
0.0115826
0.0114022
0.0110268
0.0106313
0.0104665
0.0102081
0.00974814
0.00954076
0.00922949
0.00901025
0.00878217
0.0084924
0.00844236
0.00818394
0.00797917
0.00768618
0.007564
0.00744745
0.00725092
0.00693261
0.0068667
0.00671659
0.00649776
0.00634041
0.0062317
0.00606852
0.00591862
0.00579101
0.00570983
0.00548376
0.00536399
0.00523739
0.00511642
0.00503785
0.0049848
0.00473903
0.00470608
0.00459073
0.00439038
0.00436064
0.00430236
0.00413397
0.00403289
0.00404736
0.00381064
0.00382109
0.00370594
0.00362898
0.00350519
0.00343546
0.0033796
0.0033593
0.00322386
0.00317463
0.00309103
0.00301427
0.00298252
0.00289591
0.00287481
0.00280769
0.00268873
0.00269455
0.0026194
0.00254826
0.00248737
0.00245623
0.00244316
0.00239574
0.00228642
0.00222031
0.00220484
0.00214857
0.00208869
0.00206518
0.0020071
0.00195887
0.00194561
0.00190582
0.00184232
0.00187045
0.00178505
0.00177862
0.00169683
0.00164901
0.00165021
0.0016066
0.00155094
0.00155215
0.00147599
0.00147699
0.00144886
0.00139701
0.00140726
0.00135883
0.00134477
0.00133452
0.00126941
0.00126418
0.00124027
0.0012252
0.00115165
0.00112553
0.00115748
0.00111588
0.0010994
0.00108654
0.00101159
0.000988278
0.00096115
0.000971599
0.000958738
0.000911716
0.000900864
0.000879764
0.000864693
0.000890214
0.00086831
0.000842588
0.000807824
0.000807422
0.000772054
0.000770849
0.000752361
0.000720812
0.000717798
0.000718802
0.000702927
0.000677005
0.000645053
0.000637015
0.000642843
0.000618729
0.000615714
0.000590997
0.000594815
0.000589591
0.00057472
0.000570701
0.000552817
0.000536942
0.000529506
0.000522875
0.000505995
0.000497957
0.000489919
0.000478867
0.000469221
0.000452341
0.000468618
0.00045415
0.000426017
0.000408534
0.00039507
0.00041195
0.000385826
0.000391252
0.00036975
0.000384219
0.0003591
0.000363923
0.000357894
0.000346641
0.000332976
0.000342421
0.000330766
0.00031268
0.000318106
0.000309264
0.000297207
0.000291379
0.000296403
0.000272289
0.000278116
0.000274097
0.000265457
0.000260433
0.000256012
0.000259428
0.000238931
0.000243754
0.000227678
0.000238127
0.000224663
0.000230089
0.000216826
0.000222453
0.000209391
0.000215219
0.000209994
0.000197937
0.000195526
0.000184875
0.000186885
0.000187086
0.000180856
0.000173421
0.000167191
0.000170206
0.000168598
0.000171813
0.000161766
0.000150713
0.000154732
0.000145288
0.000149307
0.000134838
0.00015212
0.000129413
0.000135441
0.000130819
0.000137652
0.000129814
0.000123183
0.000119767
0.000117556
0.000123384
0.000104294
0.000108715
0.000108916
0.000109116
0.000105298
0.000105298
0.000113136
0.000102686
9.8667e-05
9.08299e-05
8.62081e-05
8.56052e-05
8.92223e-05
8.6409e-05
8.74138e-05
8.60071e-05
8.15862e-05
8.48014e-05
7.89738e-05
7.75672e-05
7.55576e-05
7.71653e-05
7.0132e-05
7.395e-05
8.07824e-05
7.05339e-05
6.81225e-05
6.06873e-05
6.5711e-05
5.3654e-05
6.02854e-05
6.45053e-05
5.88787e-05
5.40559e-05
5.52616e-05
5.66682e-05
5.70701e-05
4.9233e-05
5.28502e-05
5.60654e-05
4.66207e-05
5.38549e-05
5.18454e-05
4.36064e-05
4.68216e-05
5.24483e-05
5.22473e-05
4.5415e-05
3.95874e-05
4.01902e-05
3.91855e-05
4.01902e-05
3.87836e-05
3.99893e-05
3.57693e-05
3.59703e-05
3.77788e-05
3.73769e-05
3.21522e-05
3.55684e-05
2.75303e-05
3.01427e-05
3.31569e-05
3.09465e-05
2.79322e-05
2.65256e-05
2.77313e-05
2.73294e-05
2.65256e-05
2.8937e-05
3.03436e-05
2.75303e-05
2.53198e-05
2.17027e-05
2.69275e-05
2.27075e-05
2.57218e-05
2.25065e-05
2.00951e-05
2.23056e-05
2.49179e-05
1.88894e-05
2.39132e-05
2.02961e-05
2.65256e-05
2.13008e-05
1.90904e-05
1.92913e-05
1.54732e-05
1.88894e-05
1.74828e-05
1.72818e-05
1.84875e-05
1.86885e-05
1.48704e-05
1.68799e-05
1.56742e-05
1.80856e-05
1.80856e-05
1.50713e-05
1.48704e-05
1.48704e-05
1.44685e-05
1.34637e-05
1.32628e-05
1.20571e-05
1.50713e-05
1.20571e-05
1.42675e-05
1.26599e-05
1.40666e-05
9.64566e-06
9.64566e-06
1.12533e-05
1.08514e-05
8.6409e-06
1.20571e-05
1.00476e-05
1.36647e-05
1.16552e-05
1.10523e-05
9.0428e-06
8.84185e-06
8.239e-06
8.6409e-06
9.84661e-06
8.84185e-06
7.63614e-06
7.03329e-06
7.23424e-06
7.03329e-06
8.43995e-06
7.63614e-06
7.8371e-06
7.43519e-06
8.03805e-06
7.8371e-06
7.23424e-06
6.02854e-06
8.43995e-06
7.03329e-06
6.63139e-06
4.21997e-06
5.62663e-06
5.42568e-06
5.02378e-06
4.42093e-06
6.63139e-06
5.22473e-06
4.42093e-06
5.22473e-06
4.82283e-06
5.22473e-06
4.42093e-06
4.82283e-06
3.21522e-06
3.41617e-06
4.62188e-06
3.81807e-06
3.01427e-06
4.01902e-06
2.41141e-06
3.41617e-06
3.61712e-06
3.81807e-06
3.61712e-06
3.81807e-06
4.62188e-06
3.81807e-06
2.61237e-06
3.21522e-06
3.01427e-06
3.21522e-06
3.61712e-06
3.61712e-06
2.00951e-06
3.21522e-06
3.21522e-06
2.00951e-06
2.41141e-06
2.41141e-06
2.21046e-06
3.41617e-06
2.41141e-06
2.41141e-06
2.41141e-06
1.40666e-06
1.80856e-06
1.20571e-06
2.41141e-06
3.21522e-06
2.00951e-06
2.81332e-06
2.41141e-06
2.21046e-06
1.80856e-06
2.00951e-06
1.60761e-06
2.00951e-06
1.20571e-06
8.03805e-07
0
0
0
0
0
0
0
0
0
0
0
0
0
0
0
0
0
0
0
0
0
0
0
0
0
0
0
0
0
0
0
0
0
0
0
0
0
0
0
0
0
0
0
0
0
0
0
0
0
0
0
0
0
0
0
0
0
0
0
0
0
0
0
0
0
0
0
0
0
0
0
0
0
0
0
0
0
0
0
0
0
0
0
0
0
0
0
0
0
0
0
0
0
0
0
0
0
0
0
0
0
0
0
0
0
0
0
0
0
0
0
0
0
0
0
0
0
0
0
0
0
0
0
0
0
0
0
0
0
0
0
0
0
0
0
0
0
0
0
0
0
0
0
0
0
0
0
0
0
0
0
0
0
0
0
0
0
0
0
0
0
0
0
0
0
0
0
0
0
0
0
0
0
0
0
0
0
0
0
0
0
0
0
0
0
0
0
0
0
0
0
0
0
0
0
0
0
0
0
0
0
0
0
0
0
0
0
0
0
0
0
0
0
0
0
0
0
0
0
0
0
0
0
0
0
0
0
0
0
0
0
0
0
0
0
0
0
0
0
0
0
0
0
0
0
0
0
0
0
0
0
0
0
0
0
0
0
0
0
0
0
0
0
0
0
0
0
0
0
0
0
0
0
0
0
0
0
0
0
0
0
0
0
0
0
0
0
0
0
0
0
0
0
0
0
0
0
0
0
0
0
0
0
0
0
0
0
0
0
0
0
0
0
0
0
0
0
0
0
0
0
0
0
0
0
0
0
0
0
0
0
0
0
0
0
0
0
0
0
0
0
0
0
0
0
0
0
0
0
0
0
0
0
0
0
0
0
0
0
0
0
0
0
0
0
0
0
0
0
0
0
0
0
0
0
0
0
0
0
0
0
0
0
0
0
0
0
0
0
0
0
0
0
0
0
0
0
0
0
0
0
0
0
0
0
0
0
0
0
0
0
0
0
0
0
0
0
0
0
0
0
0
0
0
0
0
0
0
0
0
0
0
0
0
0
0
0
0
0
0
0
0
0
0
0
0
0
0
0
0
0
0
0
0
0
0
0
0
0
0
0
0
0
0
0
0
0
0
0
0
0
0
0
0
0
0
0
0
0
0
0
0
0
0
0
0
0
0
0
0
0
0
0
0
0
0
0
0
0
0
0
0
0
0
0
0
0
0
0
0
0
0
0
0
0
0
0
0
0
0
0
0
0
0
0
0
0
0
0
0
0
0
0
0
0
0
0
0
0
0
0
0
0
0
0
0
0
0
0
0
0
0
0
0
0
0
0
0
0
0
0
0
0
0
0
0
0
0
0
0
0
0
0
0
0
0
0
0
0
