5.49665e-07
5.49665e-07
0.814861
0.0862528
0.0361608
0.0211555
0.0131579
0.00865062
0.0057308
0.00389492
0.00267357
0.00193372
0.00128347
0.000925635
0.00063871
0.000494698
0.000366626
0.000273183
0.000205575
0.000162151
0.000109383
0.000104986
7.91517e-05
5.11188e-05
4.45228e-05
3.62779e-05
3.35295e-05
2.52846e-05
2.14369e-05
1.64899e-05
1.64899e-05
1.42913e-05
1.20926e-05
1.1543e-05
1.09933e-05
4.94698e-06
7.14564e-06
8.24497e-06
4.94698e-06
5.49665e-06
6.04631e-06
3.29799e-06
1.09933e-06
4.39732e-06
3.84765e-06
1.09933e-06
5.49665e-07
1.09933e-06
5.49665e-07
5.49665e-07
5.49665e-07
5.49665e-07
1.09933e-06
5.49665e-07
5.49665e-07
5.49665e-07
5.49665e-07
5.49665e-07
5.49665e-07
5.49665e-07
1.09933e-06
5.49665e-07
5.49665e-07
5.49665e-07
5.49665e-07
5.49665e-07
5.49665e-07
5.49665e-07
5.49665e-07
5.49665e-07
5.49665e-07
5.49665e-07
5.49665e-07
5.49665e-07
5.49665e-07
5.49665e-07
5.49665e-07
5.49665e-07
5.49665e-07
5.49665e-07
5.49665e-07
5.49665e-07
5.49665e-07
5.49665e-07
5.49665e-07
5.49665e-07
5.49665e-07
5.49665e-07
5.49665e-07
5.49665e-07
5.49665e-07
5.49665e-07
5.49665e-07
5.49665e-07
5.49665e-07
5.49665e-07
5.49665e-07
5.49665e-07
5.49665e-07
5.49665e-07
5.49665e-07
5.49665e-07
5.49665e-07
5.49665e-07
5.49665e-07
5.49665e-07
5.49665e-07
5.49665e-07
5.49665e-07
5.49665e-07
5.49665e-07
5.49665e-07
5.49665e-07
5.49665e-07
5.49665e-07
5.49665e-07
5.49665e-07
5.49665e-07
5.49665e-07
5.49665e-07
5.49665e-07
5.49665e-07
5.49665e-07
5.49665e-07
5.49665e-07
5.49665e-07
5.49665e-07
5.49665e-07
5.49665e-07
5.49665e-07
5.49665e-07
5.49665e-07
5.49665e-07
5.49665e-07
5.49665e-07
5.49665e-07
5.49665e-07
5.49665e-07
5.49665e-07
5.49665e-07
5.49665e-07
5.49665e-07
5.49665e-07
5.49665e-07
5.49665e-07
5.49665e-07
5.49665e-07
5.49665e-07
5.49665e-07
5.49665e-07
5.49665e-07
5.49665e-07
5.49665e-07
5.49665e-07
5.49665e-07
5.49665e-07
5.49665e-07
5.49665e-07
5.49665e-07
5.49665e-07
5.49665e-07
5.49665e-07
5.49665e-07
5.49665e-07
5.49665e-07
5.49665e-07
5.49665e-07
5.49665e-07
5.49665e-07
5.49665e-07
5.49665e-07
5.49665e-07
5.49665e-07
5.49665e-07
5.49665e-07
5.49665e-07
5.49665e-07
5.49665e-07
5.49665e-07
5.49665e-07
5.49665e-07
5.49665e-07
5.49665e-07
5.49665e-07
5.49665e-07
5.49665e-07
5.49665e-07
5.49665e-07
5.49665e-07
5.49665e-07
5.49665e-07
5.49665e-07
5.49665e-07
5.49665e-07
5.49665e-07
5.49665e-07
5.49665e-07
5.49665e-07
5.49665e-07
5.49665e-07
5.49665e-07
5.49665e-07
5.49665e-07
5.49665e-07
5.49665e-07
5.49665e-07
5.49665e-07
5.49665e-07
5.49665e-07
5.49665e-07
5.49665e-07
5.49665e-07
5.49665e-07
5.49665e-07
5.49665e-07
5.49665e-07
5.49665e-07
5.49665e-07
5.49665e-07
5.49665e-07
5.49665e-07
5.49665e-07
5.49665e-07
5.49665e-07
5.49665e-07
5.49665e-07
5.49665e-07
5.49665e-07
5.49665e-07
5.49665e-07
5.49665e-07
5.49665e-07
5.49665e-07
5.49665e-07
5.49665e-07
5.49665e-07
5.49665e-07
5.49665e-07
5.49665e-07
5.49665e-07
5.49665e-07
5.49665e-07
5.49665e-07
5.49665e-07
5.49665e-07
5.49665e-07
5.49665e-07
5.49665e-07
5.49665e-07
5.49665e-07
5.49665e-07
5.49665e-07
5.49665e-07
5.49665e-07
5.49665e-07
5.49665e-07
5.49665e-07
5.49665e-07
5.49665e-07
5.49665e-07
5.49665e-07
5.49665e-07
5.49665e-07
5.49665e-07
5.49665e-07
5.49665e-07
5.49665e-07
5.49665e-07
5.49665e-07
5.49665e-07
5.49665e-07
5.49665e-07
5.49665e-07
5.49665e-07
5.49665e-07
5.49665e-07
5.49665e-07
5.49665e-07
5.49665e-07
5.49665e-07
5.49665e-07
5.49665e-07
5.49665e-07
5.49665e-07
5.49665e-07
5.49665e-07
5.49665e-07
5.49665e-07
5.49665e-07
5.49665e-07
5.49665e-07
5.49665e-07
5.49665e-07
5.49665e-07
5.49665e-07
5.49665e-07
5.49665e-07
5.49665e-07
5.49665e-07
5.49665e-07
5.49665e-07
5.49665e-07
5.49665e-07
5.49665e-07
5.49665e-07
5.49665e-07
5.49665e-07
5.49665e-07
5.49665e-07
5.49665e-07
5.49665e-07
5.49665e-07
5.49665e-07
5.49665e-07
5.49665e-07
5.49665e-07
5.49665e-07
5.49665e-07
5.49665e-07
5.49665e-07
5.49665e-07
5.49665e-07
5.49665e-07
5.49665e-07
5.49665e-07
5.49665e-07
5.49665e-07
5.49665e-07
5.49665e-07
5.49665e-07
5.49665e-07
5.49665e-07
5.49665e-07
5.49665e-07
5.49665e-07
5.49665e-07
5.49665e-07
5.49665e-07
5.49665e-07
5.49665e-07
5.49665e-07
5.49665e-07
5.49665e-07
5.49665e-07
5.49665e-07
5.49665e-07
5.49665e-07
5.49665e-07
5.49665e-07
5.49665e-07
5.49665e-07
5.49665e-07
5.49665e-07
5.49665e-07
5.49665e-07
5.49665e-07
5.49665e-07
5.49665e-07
5.49665e-07
5.49665e-07
5.49665e-07
5.49665e-07
5.49665e-07
5.49665e-07
5.49665e-07
5.49665e-07
5.49665e-07
5.49665e-07
5.49665e-07
5.49665e-07
5.49665e-07
5.49665e-07
5.49665e-07
5.49665e-07
5.49665e-07
5.49665e-07
5.49665e-07
5.49665e-07
5.49665e-07
5.49665e-07
5.49665e-07
5.49665e-07
5.49665e-07
5.49665e-07
5.49665e-07
5.49665e-07
5.49665e-07
5.49665e-07
5.49665e-07
5.49665e-07
5.49665e-07
5.49665e-07
5.49665e-07
5.49665e-07
5.49665e-07
5.49665e-07
5.49665e-07
5.49665e-07
5.49665e-07
5.49665e-07
5.49665e-07
5.49665e-07
5.49665e-07
5.49665e-07
5.49665e-07
5.49665e-07
5.49665e-07
5.49665e-07
5.49665e-07
5.49665e-07
5.49665e-07
5.49665e-07
5.49665e-07
5.49665e-07
5.49665e-07
5.49665e-07
5.49665e-07
5.49665e-07
5.49665e-07
5.49665e-07
5.49665e-07
5.49665e-07
5.49665e-07
5.49665e-07
5.49665e-07
5.49665e-07
5.49665e-07
5.49665e-07
5.49665e-07
5.49665e-07
5.49665e-07
5.49665e-07
5.49665e-07
5.49665e-07
5.49665e-07
5.49665e-07
5.49665e-07
5.49665e-07
5.49665e-07
5.49665e-07
5.49665e-07
5.49665e-07
5.49665e-07
5.49665e-07
5.49665e-07
5.49665e-07
5.49665e-07
5.49665e-07
5.49665e-07
5.49665e-07
5.49665e-07
5.49665e-07
5.49665e-07
5.49665e-07
5.49665e-07
5.49665e-07
5.49665e-07
5.49665e-07
5.49665e-07
5.49665e-07
5.49665e-07
5.49665e-07
5.49665e-07
5.49665e-07
5.49665e-07
5.49665e-07
5.49665e-07
5.49665e-07
5.49665e-07
5.49665e-07
5.49665e-07
5.49665e-07
5.49665e-07
5.49665e-07
5.49665e-07
5.49665e-07
5.49665e-07
5.49665e-07
5.49665e-07
5.49665e-07
5.49665e-07
5.49665e-07
5.49665e-07
5.49665e-07
5.49665e-07
5.49665e-07
5.49665e-07
5.49665e-07
5.49665e-07
5.49665e-07
5.49665e-07
5.49665e-07
5.49665e-07
5.49665e-07
5.49665e-07
5.49665e-07
5.49665e-07
5.49665e-07
5.49665e-07
5.49665e-07
5.49665e-07
5.49665e-07
5.49665e-07
5.49665e-07
5.49665e-07
5.49665e-07
5.49665e-07
5.49665e-07
5.49665e-07
5.49665e-07
5.49665e-07
5.49665e-07
5.49665e-07
5.49665e-07
5.49665e-07
5.49665e-07
5.49665e-07
5.49665e-07
5.49665e-07
5.49665e-07
5.49665e-07
5.49665e-07
5.49665e-07
5.49665e-07
5.49665e-07
5.49665e-07
5.49665e-07
5.49665e-07
5.49665e-07
5.49665e-07
5.49665e-07
5.49665e-07
5.49665e-07
5.49665e-07
5.49665e-07
5.49665e-07
5.49665e-07
5.49665e-07
5.49665e-07
5.49665e-07
5.49665e-07
5.49665e-07
5.49665e-07
5.49665e-07
5.49665e-07
5.49665e-07
5.49665e-07
5.49665e-07
5.49665e-07
5.49665e-07
5.49665e-07
5.49665e-07
5.49665e-07
5.49665e-07
5.49665e-07
5.49665e-07
5.49665e-07
5.49665e-07
5.49665e-07
5.49665e-07
5.49665e-07
5.49665e-07
5.49665e-07
5.49665e-07
5.49665e-07
5.49665e-07
5.49665e-07
5.49665e-07
5.49665e-07
5.49665e-07
5.49665e-07
5.49665e-07
5.49665e-07
5.49665e-07
5.49665e-07
5.49665e-07
5.49665e-07
5.49665e-07
5.49665e-07
5.49665e-07
5.49665e-07
5.49665e-07
5.49665e-07
5.49665e-07
5.49665e-07
5.49665e-07
5.49665e-07
5.49665e-07
5.49665e-07
5.49665e-07
5.49665e-07
5.49665e-07
5.49665e-07
5.49665e-07
5.49665e-07
5.49665e-07
5.49665e-07
5.49665e-07
5.49665e-07
5.49665e-07
5.49665e-07
5.49665e-07
5.49665e-07
5.49665e-07
5.49665e-07
5.49665e-07
5.49665e-07
5.49665e-07
5.49665e-07
5.49665e-07
5.49665e-07
5.49665e-07
5.49665e-07
5.49665e-07
5.49665e-07
5.49665e-07
5.49665e-07
5.49665e-07
5.49665e-07
5.49665e-07
5.49665e-07
5.49665e-07
5.49665e-07
5.49665e-07
5.49665e-07
5.49665e-07
5.49665e-07
5.49665e-07
5.49665e-07
5.49665e-07
5.49665e-07
5.49665e-07
5.49665e-07
5.49665e-07
5.49665e-07
5.49665e-07
5.49665e-07
5.49665e-07
5.49665e-07
5.49665e-07
5.49665e-07
5.49665e-07
5.49665e-07
5.49665e-07
5.49665e-07
5.49665e-07
5.49665e-07
5.49665e-07
5.49665e-07
5.49665e-07
5.49665e-07
5.49665e-07
5.49665e-07
5.49665e-07
5.49665e-07
5.49665e-07
5.49665e-07
5.49665e-07
5.49665e-07
5.49665e-07
5.49665e-07
5.49665e-07
5.49665e-07
5.49665e-07
5.49665e-07
5.49665e-07
5.49665e-07
5.49665e-07
5.49665e-07
5.49665e-07
5.49665e-07
5.49665e-07
5.49665e-07
5.49665e-07
5.49665e-07
5.49665e-07
5.49665e-07
5.49665e-07
5.49665e-07
5.49665e-07
5.49665e-07
5.49665e-07
5.49665e-07
5.49665e-07
5.49665e-07
5.49665e-07
5.49665e-07
5.49665e-07
5.49665e-07
5.49665e-07
5.49665e-07
5.49665e-07
5.49665e-07
5.49665e-07
5.49665e-07
5.49665e-07
5.49665e-07
5.49665e-07
5.49665e-07
5.49665e-07
5.49665e-07
5.49665e-07
5.49665e-07
5.49665e-07
5.49665e-07
5.49665e-07
5.49665e-07
5.49665e-07
5.49665e-07
5.49665e-07
5.49665e-07
5.49665e-07
5.49665e-07
5.49665e-07
5.49665e-07
5.49665e-07
5.49665e-07
5.49665e-07
5.49665e-07
5.49665e-07
5.49665e-07
5.49665e-07
5.49665e-07
5.49665e-07
5.49665e-07
5.49665e-07
5.49665e-07
5.49665e-07
5.49665e-07
5.49665e-07
5.49665e-07
5.49665e-07
5.49665e-07
5.49665e-07
5.49665e-07
5.49665e-07
5.49665e-07
5.49665e-07
5.49665e-07
5.49665e-07
5.49665e-07
5.49665e-07
5.49665e-07
5.49665e-07
5.49665e-07
5.49665e-07
5.49665e-07
5.49665e-07
5.49665e-07
5.49665e-07
5.49665e-07
5.49665e-07
5.49665e-07
5.49665e-07
5.49665e-07
5.49665e-07
5.49665e-07
5.49665e-07
5.49665e-07
5.49665e-07
5.49665e-07
5.49665e-07
5.49665e-07
5.49665e-07
5.49665e-07
5.49665e-07
5.49665e-07
5.49665e-07
5.49665e-07
5.49665e-07
5.49665e-07
5.49665e-07
5.49665e-07
5.49665e-07
5.49665e-07
5.49665e-07
5.49665e-07
5.49665e-07
5.49665e-07
5.49665e-07
5.49665e-07
5.49665e-07
5.49665e-07
5.49665e-07
5.49665e-07
5.49665e-07
5.49665e-07
5.49665e-07
5.49665e-07
5.49665e-07
5.49665e-07
5.49665e-07
5.49665e-07
5.49665e-07
5.49665e-07
5.49665e-07
5.49665e-07
5.49665e-07
5.49665e-07
5.49665e-07
5.49665e-07
5.49665e-07
5.49665e-07
5.49665e-07
5.49665e-07
5.49665e-07
5.49665e-07
5.49665e-07
5.49665e-07
5.49665e-07
5.49665e-07
5.49665e-07
5.49665e-07
5.49665e-07
5.49665e-07
5.49665e-07
5.49665e-07
5.49665e-07
5.49665e-07
5.49665e-07
5.49665e-07
5.49665e-07
5.49665e-07
5.49665e-07
5.49665e-07
5.49665e-07
5.49665e-07
5.49665e-07
5.49665e-07
5.49665e-07
5.49665e-07
5.49665e-07
5.49665e-07
5.49665e-07
5.49665e-07
5.49665e-07
5.49665e-07
5.49665e-07
5.49665e-07
5.49665e-07
5.49665e-07
5.49665e-07
5.49665e-07
5.49665e-07
5.49665e-07
5.49665e-07
5.49665e-07
5.49665e-07
5.49665e-07
5.49665e-07
5.49665e-07
5.49665e-07
5.49665e-07
5.49665e-07
5.49665e-07
5.49665e-07
5.49665e-07
5.49665e-07
5.49665e-07
5.49665e-07
5.49665e-07
5.49665e-07
5.49665e-07
5.49665e-07
5.49665e-07
5.49665e-07
5.49665e-07
5.49665e-07
5.49665e-07
5.49665e-07
5.49665e-07
5.49665e-07
5.49665e-07
5.49665e-07
5.49665e-07
5.49665e-07
5.49665e-07
5.49665e-07
5.49665e-07
5.49665e-07
5.49665e-07
5.49665e-07
5.49665e-07
5.49665e-07
5.49665e-07
5.49665e-07
5.49665e-07
5.49665e-07
5.49665e-07
5.49665e-07
5.49665e-07
5.49665e-07
5.49665e-07
5.49665e-07
5.49665e-07
5.49665e-07
5.49665e-07
5.49665e-07
5.49665e-07
5.49665e-07
5.49665e-07
5.49665e-07
5.49665e-07
5.49665e-07
5.49665e-07
5.49665e-07
5.49665e-07
5.49665e-07
5.49665e-07
5.49665e-07
5.49665e-07
5.49665e-07
5.49665e-07
5.49665e-07
5.49665e-07
5.49665e-07
5.49665e-07
5.49665e-07
5.49665e-07
5.49665e-07
5.49665e-07
5.49665e-07
5.49665e-07
5.49665e-07
5.49665e-07
5.49665e-07
5.49665e-07
5.49665e-07
5.49665e-07
5.49665e-07
5.49665e-07
5.49665e-07
5.49665e-07
5.49665e-07
5.49665e-07
5.49665e-07
5.49665e-07
5.49665e-07
5.49665e-07
5.49665e-07
5.49665e-07
5.49665e-07
5.49665e-07
5.49665e-07
5.49665e-07
5.49665e-07
5.49665e-07
5.49665e-07
5.49665e-07
5.49665e-07
5.49665e-07
5.49665e-07
5.49665e-07
5.49665e-07
5.49665e-07
5.49665e-07
5.49665e-07
5.49665e-07
5.49665e-07
5.49665e-07
5.49665e-07
5.49665e-07
5.49665e-07
5.49665e-07
5.49665e-07
5.49665e-07
5.49665e-07
5.49665e-07
5.49665e-07
5.49665e-07
5.49665e-07
5.49665e-07
5.49665e-07
5.49665e-07
5.49665e-07
5.49665e-07
5.49665e-07
5.49665e-07
5.49665e-07
5.49665e-07
5.49665e-07
5.49665e-07
5.49665e-07
5.49665e-07
5.49665e-07
5.49665e-07
5.49665e-07
5.49665e-07
5.49665e-07
5.49665e-07
5.49665e-07
5.49665e-07
5.49665e-07
5.49665e-07
5.49665e-07
5.49665e-07
5.49665e-07
5.49665e-07
5.49665e-07
5.49665e-07
5.49665e-07
5.49665e-07
5.49665e-07
5.49665e-07
5.49665e-07
5.49665e-07
5.49665e-07
5.49665e-07
5.49665e-07
5.49665e-07
5.49665e-07
5.49665e-07
5.49665e-07
5.49665e-07
5.49665e-07
5.49665e-07
5.49665e-07
5.49665e-07
5.49665e-07
5.49665e-07
5.49665e-07
5.49665e-07
5.49665e-07
5.49665e-07
