 60
 80
  0.0001 -9.21034037
  0.000125892541 -8.98008186
  0.000158489319 -8.74982335
  0.000199526231 -8.51956484
  0.000251188643 -8.28930633
  0.000316227766 -8.05904783
  0.000398107171 -7.82878932
  0.000501187234 -7.59853081
  0.000630957344 -7.3682723
  0.000794328235 -7.13801379
  0.001 -6.90775528
  0.00125892541 -6.67749677
  0.00158489319 -6.44723826
  0.00199526231 -6.21697975
  0.00251188643 -5.98672124
  0.00316227766 -5.75646273
  0.00398107171 -5.52620422
  0.00501187234 -5.29594571
  0.00630957344 -5.0656872
  0.00794328235 -4.8354287
  0.01 -4.60517019
  0.0125892541 -4.37491168
  0.0158489319 -4.14465317
  0.0199526231 -3.91439466
  0.0251188643 -3.68413615
  0.0316227766 -3.45387764
  0.0398107171 -3.22361913
  0.0501187234 -2.99336062
  0.0630957344 -2.76310211
  0.0794328235 -2.5328436
  0.1 -2.30258509
  0.125892541 -2.07232658
  0.158489319 -1.84206807
  0.199526231 -1.61180957
  0.251188643 -1.38155106
  0.316227766 -1.15129255
  0.398107171 -0.921034037
  0.501187234 -0.690775528
  0.630957344 -0.460517019
  0.794328235 -0.230258509
  1.  0.
  1.25892541  0.230258509
  1.58489319  0.460517019
  1.99526231  0.690775528
  2.51188643  0.921034037
  3.16227766  1.15129255
  3.98107171  1.38155106
  5.01187234  1.61180957
  6.30957344  1.84206807
  7.94328235  2.07232658
  10.  2.30258509
  12.5892541  2.5328436
  15.8489319  2.76310211
  19.9526231  2.99336062
  25.1188643  3.22361913
  31.6227766  3.45387764
  39.8107171  3.68413615
  50.1187234  3.91439466
  63.0957344  4.14465317
  79.4328235  4.37491168
  100.  4.60517019
  0.001 -6.90775528
  0.00112201845 -6.79262602
  0.00125892541 -6.67749677
  0.00141253754 -6.56236752
  0.00158489319 -6.44723826
  0.00177827941 -6.33210901
  0.00199526231 -6.21697975
  0.00223872114 -6.1018505
  0.00251188643 -5.98672124
  0.00281838293 -5.87159199
  0.00316227766 -5.75646273
  0.00354813389 -5.64133348
  0.00398107171 -5.52620422
  0.00446683592 -5.41107497
  0.00501187234 -5.29594571
  0.00562341325 -5.18081646
  0.00630957344 -5.0656872
  0.00707945784 -4.95055795
  0.00794328235 -4.8354287
  0.00891250938 -4.72029944
  0.01 -4.60517019
  0.0112201845 -4.49004093
  0.0125892541 -4.37491168
  0.0141253754 -4.25978242
  0.0158489319 -4.14465317
  0.0177827941 -4.02952391
  0.0199526231 -3.91439466
  0.0223872114 -3.7992654
  0.0251188643 -3.68413615
  0.0281838293 -3.56900689
  0.0316227766 -3.45387764
  0.0354813389 -3.33874838
  0.0398107171 -3.22361913
  0.0446683592 -3.10848988
  0.0501187234 -2.99336062
  0.0562341325 -2.87823137
  0.0630957344 -2.76310211
  0.0707945784 -2.64797286
  0.0794328235 -2.5328436
  0.0891250938 -2.41771435
  0.1 -2.30258509
  0.112201845 -2.18745584
  0.125892541 -2.07232658
  0.141253754 -1.95719733
  0.158489319 -1.84206807
  0.177827941 -1.72693882
  0.199526231 -1.61180957
  0.223872114 -1.49668031
  0.251188643 -1.38155106
  0.281838293 -1.2664218
  0.316227766 -1.15129255
  0.354813389 -1.03616329
  0.398107171 -0.921034037
  0.446683592 -0.805904783
  0.501187234 -0.690775528
  0.562341325 -0.575646273
  0.630957344 -0.460517019
  0.707945784 -0.345387764
  0.794328235 -0.230258509
  0.891250938 -0.115129255
  1.  0.
  1.12201845  0.115129255
  1.25892541  0.230258509
  1.41253754  0.345387764
  1.58489319  0.460517019
  1.77827941  0.575646273
  1.99526231  0.690775528
  2.23872114  0.805904783
  2.51188643  0.921034037
  2.81838293  1.03616329
  3.16227766  1.15129255
  3.54813389  1.2664218
  3.98107171  1.38155106
  4.46683592  1.49668031
  5.01187234  1.61180957
  5.62341325  1.72693882
  6.30957344  1.84206807
  7.07945784  1.95719733
  7.94328235  2.07232658
  8.91250938  2.18745584
  10.  2.30258509
  26.1649637
  26.1652789
  26.1656735
  26.1661666
  26.1667818
  26.1675472
  26.1684966
  26.1696694
  26.1711103
  26.1728682
  26.1749926
  26.1775273
  26.180498
  26.1838913
  26.1876193
  26.1914606
  26.1949666
  26.1973126
  26.1970677
  26.1918452
  26.1777842
  26.1488031
  26.0955694
  26.004154
  25.8544286
  25.6184534
  25.2594425
  24.7323852
  23.9879433
  22.9812173
  21.6855492
  20.1076351
  18.2949959
  16.3261541
  14.2854038
  12.2417977
  10.2489045
  8.35437038
  6.60255292
  5.03255272
  3.67586322
  2.55333738
  1.67193012
  1.02228613
  0.578563848
  0.301619759
  0.145695492
  0.0670601251
  0.0333193933
  0.0210231159
  0.0132646894
  0.0083694532
  0.00528076797
  0.00333193933
  0.00210231159
  0.00132646894
  0.00083694532
  0.000528076797
  0.000333193933
  0.000210231159
  0.000132646894
  24.0270715
  24.0273681
  24.0277396
  24.0282042
  24.0287843
  24.0295072
  24.0304052
  24.0315168
  24.0328863
  24.0345632
  24.0365995
  24.0390453
  24.0419387
  24.045289
  24.0490477
  24.0530604
  24.0569881
  24.0601834
  24.0614961
  24.0589776
  24.0494375
  24.0278014
  23.9862115
  23.9128347
  23.7904017
  23.5946559
  23.2931688
  22.8454201
  22.2055513
  21.329397
  20.1864789
  18.7745782
  17.129571
  15.3207136
  13.4292442
  11.5253533
  9.66287747
  7.88789382
  6.24309985
  4.76621931
  3.4876948
  2.42788673
  1.59402992
  0.977965689
  0.555928628
  0.291503431
  0.141893842
  0.0659126311
  0.0317145617
  0.0218519652
  0.0137876579
  0.00869942402
  0.00548896548
  0.00346330308
  0.00218519652
  0.00137876579
  0.000869942402
  0.000548896548
  0.000346330308
  0.000218519652
  0.000137876579
  22.0501145
  22.0503934
  22.050743
  22.0511805
  22.0517273
  22.0524093
  22.0532578
  22.0543101
  22.0556096
  22.0572058
  22.0591524
  22.0615038
  22.0643074
  22.0675906
  22.0713365
  22.075445
  22.0796677
  22.0835039
  22.0860384
  22.0856905
  22.0798365
  22.0642583
  22.032363
  21.9741287
  21.8747873
  21.7133575
  21.4613844
  21.0826172
  20.5348378
  19.7753741
  18.7713146
  17.5131141
  16.025882
  14.3690457
  12.6193913
  10.8476229
  9.10830861
  7.44630634
  5.90268937
  4.51387061
  3.3092999
  2.30886431
  1.52005399
  0.935828289
  0.534376655
  0.281858926
  0.138230107
  0.0647938818
  0.0305555545
  0.0192792515
  0.0121643853
  0.00767520827
  0.00484272903
  0.00305555545
  0.00192792515
  0.00121643853
  0.000767520827
  0.000484272903
  0.000305555545
  0.000192792515
  0.000121643853
  20.2226768
  20.222939
  20.2232678
  20.2236795
  20.2241945
  20.2248375
  20.2256384
  20.2266334
  20.2278648
  20.2293814
  20.2312378
  20.2334911
  20.2361959
  20.2393934
  20.2430919
  20.2472355
  20.2516497
  20.2559556
  20.2594332
  20.2608102
  20.2579413
  20.2473355
  20.2234797
  20.1779153
  20.0980542
  19.9658136
  19.7563348
  19.4373732
  18.9703936
  18.3147791
  17.436364
  16.319801
  14.9805183
  13.4679374
  11.8531343
  10.2064492
  8.58345254
  7.02821709
  5.5802574
  4.27472599
  3.14013172
  2.19590946
  1.44978297
  0.895751247
  0.513848281
  0.27265364
  0.13473659
  0.0636837675
  0.0301230881
  0.019814614
  0.0125021762
  0.00788833993
  0.00497720601
  0.00314040469
  0.0019814614
  0.00125021762
  0.000788833993
  0.000497720601
  0.000314040469
  0.00019814614
  0.000125021762
  18.5341152
  18.5343616
  18.5346707
  18.535058
  18.5355427
  18.5361485
  18.5369039
  18.5378437
  18.5390089
  18.5404476
  18.5422141
  18.5443676
  18.5469674
  18.5500652
  18.5536895
  18.5578196
  18.5623414
  18.5669761
  18.5711662
  18.5738974
  18.5734265
  18.5668785
  18.5496616
  18.5146609
  18.4511826
  18.3436978
  18.17058
  17.9033033
  17.5069636
  16.9433924
  16.1781458
  15.1914821
  13.9903683
  12.6143908
  11.127886
  9.59977593
  8.08666305
  6.63231252
  5.27480006
  4.04804782
  2.97967463
  2.08868315
  1.38300707
  0.857620668
  0.494285939
  0.263863094
  0.131383431
  0.0626390925
  0.0300666276
  0.0179939035
  0.0113533856
  0.00716350202
  0.00451986421
  0.00285184152
  0.00179939035
  0.00113533856
  0.000716350202
  0.000451986421
  0.000285184152
  0.000179939035
  0.000113533856
  16.9745109
  16.9747424
  16.9750328
  16.9753969
  16.975853
  16.9764233
  16.9771352
  16.978022
  16.9791233
  16.9804861
  16.982164
  16.9842171
  16.9867079
  16.9896956
  16.9932249
  16.997303
  17.0018647
  17.0067141
  17.0114265
  17.0152037
  17.0166402
  17.0133808
  17.0016189
  16.975391
  16.9256442
  16.8390905
  16.696992
  16.4742396
  16.1394396
  15.6571224
  14.9933486
  14.1252485
  13.0526028
  11.80563
  10.4411831
  9.02563601
  7.61638931
  6.25735581
  4.98536859
  3.83313817
  2.82744172
  1.98686465
  1.31953078
  0.821326177
  0.475633485
  0.255464231
  0.128174668
  0.0616612263
  0.0298543177
  0.015403983
  0.00971925622
  0.0061324361
  0.0038693056
  0.00244136678
  0.0015403983
  0.000971925622
  0.00061324361
  0.00038693056
  0.000244136678
  0.00015403983
  9.71925622E-05
  15.5346205
  15.5348379
  15.5351107
  15.5354529
  15.5358817
  15.5364183
  15.5370887
  15.5379248
  15.5389647
  15.5402538
  15.5418449
  15.543798
  15.5461779
  15.5490494
  15.5524683
  15.5564644
  15.561012
  15.5659815
  15.5710603
  15.5756285
  15.5785633
  15.5779485
  15.5706423
  15.5516677
  15.5133884
  15.444475
  15.3287559
  15.1442368
  14.8628633
  14.4519948
  13.8788036
  13.1184013
  12.1646498
  11.0391045
  9.7906956
  8.48214512
  7.17116379
  5.90218268
  4.71106756
  3.62934121
  2.68297316
  1.89015041
  1.25917468
  0.786762696
  0.457838983
  0.247434294
  0.125096883
  0.0606980395
  0.0295993088
  0.0152589564
  0.0101334241
  0.00639375836
  0.0040341888
  0.00254540105
  0.00160603949
  0.00101334241
  0.000639375836
  0.00040341888
  0.000254540105
  0.000160603949
  0.000101334241
  14.2058328
  14.2060368
  14.206293
  14.2066144
  14.2070173
  14.2075219
  14.2081529
  14.2089405
  14.2099214
  14.2111393
  14.212646
  14.2145005
  14.2167687
  14.2195192
  14.2228166
  14.2267077
  14.2311984
  14.2362134
  14.2415314
  14.2466799
  14.2507732
  14.2522633
  14.2485727
  14.2355646
  14.2068234
  14.1527245
  14.0593669
  13.9075721
  13.67242
  13.3241366
  12.8314572
  12.1684161
  11.3241717
  10.3124876
  9.17423569
  7.96749444
  6.74959196
  5.56569667
  4.45105218
  3.43603612
  2.54583489
  1.79825544
  1.2017454
  0.753833174
  0.440854374
  0.239750702
  0.122143762
  0.0597701255
  0.0293782461
  0.0151826155
  0.0106334365
  0.00670924486
  0.00423324732
  0.00267099849
  0.00168528611
  0.00106334365
  0.000670924486
  0.000423324732
  0.000267099849
  0.000168528611
  0.000106334365
  12.9801254
  12.9803168
  12.9805572
  12.980859
  12.981238
  12.9817122
  12.9823056
  12.983047
  12.9839709
  12.9851205
  12.9865452
  12.9883032
  12.9904603
  12.9930878
  12.9962558
  13.0000247
  13.0044253
  13.0094258
  13.0148791
  13.0204354
  13.0254054
  13.0285506
  13.0277692
  13.0196412
  12.9987972
  12.9570932
  12.8826259
  12.7587476
  12.5634455
  12.2697756
  11.8483523
  11.2729121
  10.529036
  9.6236686
  8.58976621
  7.47995296
  6.35034249
  5.24686679
  4.20452429
  3.25263659
  2.41561682
  1.71090972
  1.14709608
  0.722445555
  0.424633204
  0.232394344
  0.119307494
  0.0588761487
  0.0291516576
  0.0151597245
  0.00842477705
  0.00531567496
  0.00335396415
  0.00211620832
  0.00133523718
  0.000842477705
  0.000531567496
  0.000335396415
  0.000211620832
  0.000133523718
  8.42477705E-05
  11.8500275
  11.8502071
  11.8504327
  11.8507159
  11.8510713
  11.8515168
  11.8520746
  11.852772
  11.8536424
  11.8547263
  11.8560719
  11.8577359
  11.8597836
  11.8622868
  11.8653206
  11.8689548
  11.8732394
  11.8781779
  11.8836832
  11.8895062
  11.8951206
  11.8995466
  11.9010834
  11.8969192
  11.8825806
  11.851204
  11.7926374
  11.6924919
  11.5314267
  11.2852344
  10.9266117
  10.4296237
  9.7772851
  8.97074018
  8.03540779
  7.01787167
  5.97213866
  4.94472053
  3.97073291
  3.07858988
  2.29193273
  1.62785717
  1.09506463
  0.692511929
  0.409130913
  0.2253456
  0.116579793
  0.0580126558
  0.0289477931
  0.0151278576
  0.00841075529
  0.00492179651
  0.00310544366
  0.00195940248
  0.00123629939
  0.000780052179
  0.000492179651
  0.000310544366
  0.000195940248
  0.000123629939
  7.80052179E-05
  10.8085819
  10.8087503
  10.8089619
  10.8092276
  10.8095611
  10.8099794
  10.8105034
  10.8111591
  10.8119781
  10.8129992
  10.8142686
  10.8158416
  10.817782
  10.8201618
  10.8230588
  10.8265498
  10.8306994
  10.8355386
  10.8410293
  10.8470041
  10.853072
  10.8584686
  10.8618301
  10.8608587
  10.8518479
  10.8290362
  10.783801
  10.7037595
  10.5720041
  10.3669319
  10.0634294
  9.63637758
  9.06710913
  8.35198174
  7.50944176
  6.57968941
  5.61375222
  4.65833791
  3.74897148
  2.91337313
  2.17441718
  1.54885865
  1.04550381
  0.663949935
  0.394306698
  0.21858646
  0.113954836
  0.0571782126
  0.0287406795
  0.0150799523
  0.00838809431
  0.00559767958
  0.00353189704
  0.00222847638
  0.00140607354
  0.000887172426
  0.000559767958
  0.000353189704
  0.000222847638
  0.000140607354
  8.87172426E-05
  9.84931108
  9.84946893
  9.8496673
  9.84991651
  9.85022938
  9.85062191
  9.85111393
  9.85172996
  9.85250013
  9.85346121
  9.8546577
  9.85614273
  9.85797871
  9.86023704
  9.86299652
  9.86633882
  9.87033948
  9.87505117
  9.88047429
  9.88650865
  9.89287379
  9.89898459
  9.90375956
  9.90533573
  9.90065722
  9.88491208
  9.85080673
  9.78773063
  9.68097585
  9.51138325
  9.25606257
  8.89107287
  8.39681843
  7.76584049
  7.01031005
  6.16394188
  5.27400113
  4.3868429
  3.53857556
  2.75649309
  2.06272585
  1.47368618
  0.998274201
  0.636681371
  0.380121387
  0.212099296
  0.111426978
  0.0563698768
  0.028539381
  0.0150461497
  0.0083876929
  0.00491582846
  0.00151736168
  0.000957390496
  0.000604072565
  0.000381144022
  0.00024048562
  0.000151736168
  9.57390496E-05
  6.04072565E-05
  3.81144022E-05
  8.96618645
  8.96633437
  8.9665203
  8.96675392
  8.96704732
  8.96741554
  8.9678773
  8.96845576
  8.96917948
  8.97008342
  8.97121028
  8.97261077
  8.97434557
  8.97648488
  8.97910762
  8.98229838
  8.98614058
  8.99070331
  8.99601782
  9.00203764
  9.00857317
  9.0151875
  9.02103492
  9.02461806
  9.02343436
  9.01348468
  8.98862723
  8.93980964
  8.85429871
  8.71520272
  8.50182782
  8.19166682
  7.76481933
  7.21090894
  6.53660993
  5.76926956
  4.95175054
  4.12939706
  3.33892095
  2.6074847
  1.95653293
  1.40212583
  0.953244606
  0.610632998
  0.366537602
  0.205868159
  0.108988504
  0.0555866803
  0.0283416518
  0.0150076716
  0.00838620514
  0.00493668711
  0.00353773777
  0.00223216163
  0.00140839877
  0.00088863955
  0.000560693651
  0.000353773777
  0.000223216163
  0.000140839877
  8.8863955E-05
  8.153598
  8.15373657
  8.15391078
  8.15412972
  8.15440475
  8.15475001
  8.15518317
  8.15572607
  8.15640572
  8.15725526
  8.15831534
  8.15963477
  8.16127201
  8.16329548
  8.16578342
  8.16882185
  8.17249959
  8.17689796
  8.18207215
  8.1880189
  8.19462249
  8.20156801
  8.20820583
  8.21334577
  8.21495354
  8.2097239
  8.19250998
  8.15562329
  8.08809214
  7.97510701
  7.79810071
  7.53616387
  7.16959348
  6.68590334
  6.08708491
  5.3944232
  4.6459168
  3.88519277
  3.14941933
  2.46591016
  1.85553151
  1.33397503
  0.910290781
  0.585734979
  0.353520521
  0.199877718
  0.106634445
  0.0548262964
  0.0281491974
  0.0149709845
  0.00838166385
  0.00490482416
  0.00509966305
  0.00395590895
  0.00249600981
  0.00157487572
  0.000993679402
  0.000626969317
  0.000395590895
  0.000249600981
  0.000157487572
  7.40632504
  7.40645482
  7.406618
  7.40682311
  7.40708082
  7.40740444
  7.40781051
  7.40831979
  7.40895771
  7.40975572
  7.41075232
  7.41199425
  7.41353764
  7.41544889
  7.41780486
  7.42069196
  7.42420207
  7.42842547
  7.43343576
  7.43926361
  7.44585341
  7.45298997
  7.46018637
  7.46650901
  7.47031892
  7.46890219
  7.45796762
  7.43101571
  7.3786373
  7.28791851
  7.14231618
  6.92260831
  6.60967972
  6.18964191
  5.66061271
  5.03826823
  4.35547422
  3.65344942
  2.96951328
  2.33135779
  1.75943086
  1.26904276
  0.869295911
  0.561921584
  0.341037019
  0.194113027
  0.104359136
  0.0540871639
  0.0279604738
  0.0149337794
  0.00837700982
  0.00489659124
  0.00286425263
  0.00548095688
  0.0615575851
  0.0388402104
  0.024506516
  0.0154625663
  0.00975621975
  0.00615575851
  0.00388402104
  6.71951225
  6.71963376
  6.71978655
  6.71997864
  6.72022003
  6.72052325
  6.7209039
  6.7213814
  6.72197983
  6.72272893
  6.72366521
  6.7248332
  6.72628667
  6.72808971
  6.73031733
  6.73305508
  6.73639671
  6.74043847
  6.74526769
  6.75094186
  6.75745277
  6.76466719
  6.77223218
  6.77942815
  6.78494858
  6.78658133
  6.78076946
  6.76204555
  6.72237918
  6.65056869
  6.53197051
  6.34907944
  6.08366019
  5.72102384
  5.25619031
  4.6997844
  4.07946159
  3.43341231
  2.79867114
  2.20344213
  1.66795731
  1.20714855
  0.830149003
  0.53913081
  0.329055795
  0.188560153
  0.102157527
  0.0533673496
  0.0277755197
  0.014899945
  0.00837189984
  0.00489500261
  0.00292400599
  0.00202530697
  0.00127788231
  0.000806289226
  0.000508734109
  0.000320989523
  0.000202530697
  0.000127788231
  8.06289226E-05
  6.08864399
  6.08875772
  6.08890075
  6.08908059
  6.08930662
  6.08959061
  6.08994723
  6.09039474
  6.09095585
  6.09165863
  6.09253766
  6.09363528
  6.0950028
  6.09670184
  6.09880515
  6.10139684
  6.10457099
  6.10842762
  6.113064
  6.11855812
  6.12493967
  6.13214146
  6.13992047
  6.147735
  6.15455701
  6.15859909
  6.15693192
  6.14498067
  6.1159255
  6.06010041
  5.96462391
  5.81368987
  5.59014906
  5.27901178
  4.87291769
  4.37806293
  3.81698971
  3.22435396
  2.63638144
  2.0818003
  1.58085242
  1.14812228
  0.792745809
  0.517303925
  0.317546855
  0.183206168
  0.100024188
  0.0526657133
  0.0275934923
  0.0148645861
  0.00836734802
  0.0048963336
  0.00291657952
  0.00200517933
  0.00232836919
  0.0150446033
  0.00949250295
  0.00598936446
  0.00377903349
  0.00238440894
  0.00150446033
  5.50952141
  5.50962783
  5.50976168
  5.50992999
  5.51014158
  5.51040747
  5.51074144
  5.51116067
  5.51168653
  5.51234551
  5.5131703
  5.51420104
  5.51548661
  5.51708601
  5.51906949
  5.52151911
  5.52452822
  5.5281988
  5.53263496
  5.53793004
  5.54414343
  5.55126084
  5.55912918
  5.5673534
  5.57513842
  5.58105502
  5.5827081
  5.57629233
  5.55604585
  5.51367121
  5.43790436
  5.31458542
  5.12778494
  4.86261512
  4.5099808
  4.07229975
  3.56724669
  3.02557781
  2.48214894
  1.96609164
  1.49787306
  1.0918028
  0.756987623
  0.496385399
  0.306482838
  0.178038526
  0.0979543256
  0.0519803885
  0.0274140085
  0.0148293044
  0.00836258747
  0.00489567842
  0.00293783192
  0.00174431162
  0.00124009692
  0.0152486166
  0.00962122663
  0.00607058361
  0.00383027931
  0.00241674286
  0.00152486166
  4.97824174
  4.97834128
  4.9784665
  4.97862399
  4.97882198
  4.97907084
  4.97938349
  4.97977607
  4.98026868
  4.98088628
  4.98165973
  4.98262703
  4.98383463
  4.98533886
  4.98720722
  4.98951933
  4.99236701
  4.99585268
  5.00008476
  5.00516775
  5.01118391
  5.01816098
  5.02601863
  5.03448268
  5.04295154
  5.05029707
  5.05457792
  5.05264915
  5.03966954
  5.00855413
  4.94951041
  4.84994602
  4.69522561
  4.47087673
  4.16663525
  3.78178683
  3.32950151
  2.83642419
  2.33549149
  1.85599215
  1.41879174
  1.03803813
  0.722781373
  0.476322918
  0.295836773
  0.173045256
  0.0959437135
  0.0513097233
  0.0272370068
  0.0147943879
  0.00835766896
  0.00489549681
  0.00293674338
  0.0017908797
  0.00129381553
  0.00462269196
  0.0212959642
  0.013436845
  0.00847807605
  0.00534930435
  0.00337518287
  4.49117962
  4.49127272
  4.49138983
  4.49153714
  4.49172236
  4.4919552
  4.49224779
  4.49261527
  4.49307653
  4.49365507
  4.49437999
  4.4952872
  4.49642074
  4.49783425
  4.49959237
  4.50177195
  4.50446262
  4.50776612
  4.51179309
  4.51665579
  4.52245363
  4.52924736
  4.53701518
  4.54558157
  4.5545053
  4.56291027
  4.56923896
  4.57091129
  4.56388381
  4.54213992
  4.49721514
  4.41798848
  4.29114498
  4.10286279
  3.8421903
  3.50590038
  3.10310442
  2.65627613
  2.19593996
  1.75119222
  1.34339518
  0.986684604
  0.690039158
  0.457066884
  0.285583478
  0.168215035
  0.0939877131
  0.0506525253
  0.027061463
  0.0147590591
  0.00835272277
  0.00489468575
  0.00293835804
  0.0017908618
  0.00118556692
  0.00136811865
  0.0180735029
  0.0114036094
  0.0071951911
  0.00453985867
  0.00286445717
  4.04496928
  4.04505632
  4.04516582
  4.04530356
  4.04547678
  4.04569456
  4.04596827
  4.04631212
  4.04674386
  4.04728557
  4.04796465
  4.048815
  4.04987831
  4.05120553
  4.05285834
  4.05491063
  4.05744937
  4.06057464
  4.0643977
  4.06903578
  4.07460075
  4.08117883
  4.08879484
  4.09735332
  4.10654517
  4.11570441
  4.12359706
  4.12812438
  4.12593134
  4.11193793
  4.07886959
  4.01696977
  3.91423281
  3.75765426
  3.53599507
  3.24408885
  2.88748527
  2.48456552
  2.06303938
  1.65139161
  1.27148393
  0.937606959
  0.658677825
  0.438570611
  0.27569929
  0.163537412
  0.0920820429
  0.0500072991
  0.0268872752
  0.0147234781
  0.00834749967
  0.00489440789
  0.0029380571
  0.00179069444
  0.00110396008
  0.0006324403
  0.000399042852
  0.000251779018
  0.000158861821
  0.000100235033
  6.324403E-05
  3.63648523
  3.63656658
  3.63666894
  3.63679769
  3.63695964
  3.63716327
  3.63741923
  3.63774087
  3.63814481
  3.6386518
  3.63928763
  3.64008425
  3.64108105
  3.64232631
  3.64387878
  3.64580919
  3.64820149
  3.65115343
  3.6547756
  3.6591878
  3.66451071
  3.6708497
  3.67826614
  3.68672922
  3.69603795
  3.70570075
  3.71475526
  3.7215114
  3.72320583
  3.71557556
  3.69240528
  3.64519041
  3.56319516
  3.43434177
  3.24742668
  2.99586004
  2.68214868
  2.32077806
  1.93635285
  1.55629724
  1.20287021
  0.890678244
  0.628618811
  0.420789784
  0.266161696
  0.159002035
  0.0902227763
  0.0493724453
  0.0267141325
  0.0146876527
  0.00834212574
  0.00489384014
  0.0029382967
  0.00179103419
  0.00109706737
  0.000689210129
  0.000434862193
  0.000274379494
  0.000173121757
  0.000109232444
  6.89210129E-05
  3.26281979
  3.2628958
  3.26299145
  3.26311178
  3.26326313
  3.26345347
  3.26369277
  3.2639935
  3.26437129
  3.26484561
  3.26544068
  3.26618659
  3.2671205
  3.26828809
  3.26974516
  3.27155922
  3.27381095
  3.27659523
  3.28002093
  3.28420866
  3.28928472
  3.29536854
  3.30254983
  3.31084918
  3.32015366
  3.33011568
  3.33999993
  3.34846193
  3.3532448
  3.35079506
  3.33583441
  3.30099651
  3.23675546
  3.132022
  2.97588018
  2.7607686
  2.48666762
  2.16445631
  1.81546593
  1.46562096
  1.13737568
  0.845779763
  0.59978762
  0.403682669
  0.256949345
  0.154599199
  0.0884061065
  0.0487468004
  0.0265414939
  0.0146511972
  0.00833655397
  0.00489330983
  0.00293836859
  0.00179006879
  0.00110013643
  0.000677445281
  0.000427439076
  0.000269695824
  0.000170166561
  0.000107367841
  6.77445281E-05
  2.92126017
  2.92133118
  2.92142054
  2.92153297
  2.9216744
  2.92185227
  2.92207593
  2.92235706
  2.92271029
  2.92315389
  2.92371062
  2.92440876
  2.92528333
  2.9263775
  2.92774413
  2.9294475
  2.93156487
  2.93418783
  2.93742279
  2.94138971
  2.946218
  2.95203696
  2.95895775
  2.96704152
  2.97624643
  2.98634308
  2.99678509
  3.00651905
  3.01371991
  3.01544742
  3.00724753
  2.98278014
  2.933655
  2.84979474
  2.72076046
  2.53840465
  2.30067535
  2.01520118
  1.69999233
  1.37907938
  1.07482835
  0.802800976
  0.572114139
  0.387209612
  0.248042042
  0.150319737
  0.0866282177
  0.0481289606
  0.0263691264
  0.0146143207
  0.00833084503
  0.00489273662
  0.00293815859
  0.0017902894
  0.00110539606
  0.000664655516
  0.000419369279
  0.000264604127
  0.000166953917
  0.0001053408
  6.64655516E-05
  2.60927255
  2.60933889
  2.60942237
  2.6095274
  2.60965954
  2.60982575
  2.61003476
  2.61029753
  2.61062775
  2.61104254
  2.61156328
  2.61221654
  2.61303529
  2.61406024
  2.61534143
  2.6169399
  2.61892941
  2.62139803
  2.62444908
  2.6282008
  2.6327837
  2.63833354
  2.6449773
  2.65280769
  2.6618397
  2.6719404
  2.68271988
  2.69336884
  2.70242884
  2.70748737
  2.70481146
  2.68897924
  2.65265308
  2.58676067
  2.48147493
  2.32838223
  2.12385601
  1.87267101
  1.58957925
  1.29639568
  1.01505996
  0.761638773
  0.545532145
  0.371333418
  0.239420688
  0.146154898
  0.0848855107
  0.0475176575
  0.026196224
  0.0145768513
  0.00832477968
  0.00489197115
  0.00293820136
  0.00179015834
  0.00110112529
  0.000681650813
  0.000430092587
  0.000271370076
  0.000171222943
  0.000108034373
  6.81650813E-05
  2.3245018
  2.32456377
  2.32464176
  2.32473989
  2.32486336
  2.32501867
  2.325214
  2.32545959
  2.32576828
  2.32615613
  2.32664316
  2.32725434
  2.32802069
  2.32898058
  2.33018128
  2.33168066
  2.33354897
  2.33587059
  2.33874536
  2.34228894
  2.34663138
  2.35191216
  2.35826953
  2.36582022
  2.37462426
  2.38462689
  2.39556705
  2.4068393
  2.41729519
  2.42497444
  2.42677165
  2.4180809
  2.39252954
  2.3420207
  2.25742753
  2.13032846
  1.95593368
  1.73657765
  1.48391138
  1.21730253
  0.957903452
  0.722196189
  0.519979757
  0.356018544
  0.231067171
  0.142096348
  0.0831745527
  0.0469114675
  0.0260225652
  0.0145383165
  0.0083185797
  0.00489122722
  0.00293811222
  0.00179015305
  0.0011013634
  0.000680111719
  0.000429121484
  0.000270757352
  0.00017083634
  0.000107790443
  6.80111719E-05
  2.06478787
  2.06484577
  2.06491863
  2.06501032
  2.06512568
  2.06527081
  2.06545335
  2.0656829
  2.06597146
  2.06633408
  2.06678956
  2.06736131
  2.06807849
  2.06897728
  2.07010223
  2.07150814
  2.07326177
  2.07544372
  2.07815007
  2.08149325
  2.08560162
  2.09061622
  2.09668277
  2.10393592
  2.11247086
  2.1222956
  2.13325462
  2.14491187
  2.15637992
  2.16608436
  2.17146346
  2.16863184
  2.15209324
  2.11468022
  2.04801671
  1.94387468
  1.79666085
  1.60668026
  1.38271321
  1.14154611
  0.903191975
  0.684380594
  0.495399454
  0.341231528
  0.222964456
  0.138136101
  0.0814920819
  0.046309142
  0.0258476014
  0.0144988151
  0.00831201367
  0.00489041217
  0.00293804955
  0.0017901088
  0.00110094336
  0.000679425389
  0.000428688439
  0.000270484119
  0.000170663942
  0.000107681667
  6.79425389E-05
  1.82818831
  1.82824239
  1.82831045
  1.8283961
  1.82850387
  1.82863946
  1.82881001
  1.8290245
  1.82929418
  1.82963313
  1.83005897
  1.83059367
  1.83126462
  1.83210581
  1.83315929
  1.83447682
  1.8361217
  1.83817074
  1.840716
  1.84386623
  1.84774712
  1.85249941
  1.85827328
  1.86521615
  1.87345014
  1.8830331
  1.89389522
  1.90574045
  1.9179002
  1.92912789
  1.93733062
  1.93925592
  1.93019709
  1.90385944
  1.85263835
  1.76865117
  1.64580805
  1.48277675
  1.28574874
  1.06889008
  0.850758941
  0.648101653
  0.471738221
  0.326940745
  0.215096364
  0.134266656
  0.0798346938
  0.0457094397
  0.0256708483
  0.0144581549
  0.00830500348
  0.004889644
  0.00293791584
  0.00179012714
  0.00109719049
  0.000681258089
  0.000429844795
  0.00027121373
  0.000171124295
  0.000107972131
  6.81258089E-05
  1.61298708
  1.61303756
  1.61310109
  1.61318104
  1.61328165
  1.61340823
  1.61356747
  1.61376775
  1.61401959
  1.61433618
  1.614734
  1.61523364
  1.61586079
  1.61664738
  1.61763297
  1.61886639
  1.62040753
  1.62232931
  1.62471966
  1.62768321
  1.63134213
  1.63583542
  1.64131508
  1.64793703
  1.65584332
  1.66513071
  1.67579829
  1.68766479
  1.70024403
  1.71256676
  1.7229427
  1.72867252
  1.72575603
  1.70870858
  1.67069497
  1.604288
  1.50315701
  1.36469564
  1.19281895
  0.999118875
  0.800439389
  0.61326942
  0.448946969
  0.313116559
  0.207447637
  0.130480761
  0.0781993155
  0.0451110551
  0.0254918071
  0.0144161676
  0.00829759133
  0.00488951539
  0.00293781279
  0.00179008515
  0.0011009588
  0.000681310995
  0.000429878176
  0.000271234792
  0.000171137584
  0.000107980516
  6.81310995E-05
  1.41766991
  1.41771696
  1.41777618
  1.41785071
  1.41794449
  1.41806249
  1.41821095
  1.41839769
  1.41863253
  1.41892778
  1.41929885
  1.41976501
  1.42035029
  1.42108464
  1.42200518
  1.42315786
  1.42459914
  1.42639808
  1.42863827
  1.43141983
  1.43486074
  1.43909695
  1.44428005
  1.45057079
  1.45812522
  1.46706963
  1.47745758
  1.48920106
  1.50196479
  1.51501285
  1.52699899
  1.53570503
  1.53775917
  1.52842137
  1.50160734
  1.45042077
  1.36849931
  1.25229055
  1.10375876
  0.932039913
  0.752071971
  0.579792964
  0.42698003
  0.299731565
  0.200003781
  0.126771608
  0.0765828994
  0.044512597
  0.0253100308
  0.014372568
  0.00828970646
  0.00488756396
  0.00293776718
  0.00179002797
  0.00110094535
  0.000681289726
  0.000429864756
  0.000271226325
  0.000171132242
  0.000107977145
  6.81289726E-05
  1.24085909
  1.24090285
  1.24095793
  1.24102725
  1.24111448
  1.24122425
  1.24136235
  1.24153608
  1.24175459
  1.24202933
  1.24237468
  1.24280862
  1.24335359
  1.24403756
  1.24489531
  1.2459699
  1.24731443
  1.24899396
  1.25108766
  1.2536908
  1.25691653
  1.26089662
  1.26578039
  1.27173021
  1.2789111
  1.28747082
  1.29750511
  1.30900053
  1.32174558
  1.33519914
  1.34830736
  1.35926824
  1.36526556
  1.36223781
  1.34482099
  1.30669695
  1.24163886
  1.14543877
  1.01843594
  0.867485808
  0.705501537
  0.547579231
  0.405793937
  0.286760831
  0.192751033
  0.123132623
  0.0749824791
  0.0439128517
  0.0251248796
  0.0143272646
  0.00828124833
  0.00488639877
  0.00293762921
  0.00179003376
  0.00110090151
  0.000681115389
  0.000429754757
  0.00027115692
  0.00017108845
  0.000107949514
  6.81115389E-05
  1.0812188
  1.0812594
  1.0813105
  1.08137481
  1.08145574
  1.08155758
  1.08168573
  1.08184694
  1.08204972
  1.08230471
  1.08262529
  1.08302817
  1.08353425
  1.08416959
  1.08496664
  1.08596564
  1.0872163
  1.08877973
  1.0907305
  1.09315882
  1.09617248
  1.09989817
  1.10448135
  1.11008339
  1.11687398
  1.12501561
  1.13463561
  1.1457792
  1.15833508
  1.17192345
  1.18573708
  1.19833167
  1.20737877
  1.2094297
  1.19980089
  1.17277609
  1.12239363
  1.04404232
  0.936752202
  0.805317762
  0.660582523
  0.516532837
  0.385345894
  0.274182013
  0.185676429
  0.119557528
  0.0733950476
  0.043310475
  0.0249357971
  0.0142800046
  0.00827214821
  0.00488508471
  0.00293746431
  0.00179008871
  0.00110077856
  0.000681261813
  0.000429847145
  0.000271215213
  0.00017112523
  0.000107972721
  6.81261813E-05
  0.937358464
  0.937396041
  0.937443338
  0.937502867
  0.937577785
  0.937672065
  0.937790696
  0.937939949
  0.938127698
  0.938363823
  0.938660712
  0.939033879
  0.939502728
  0.940091483
  0.940830326
  0.941756743
  0.942917136
  0.944368663
  0.946181306
  0.948440067
  0.951247068
  0.954723272
  0.959009075
  0.964262803
  0.97065537
  0.978358413
  0.987522097
  0.998236803
  1.01047128
  1.02397793
  1.03815577
  1.05186549
  1.06320331
  1.06926849
  1.06601058
  1.04831855
  1.01059106
  0.948027098
  0.858645418
  0.745430586
  0.617184033
  0.486556694
  0.365591941
  0.261975155
  0.178767845
  0.116040324
  0.0718177812
  0.0427041112
  0.0247422107
  0.0142305115
  0.00826239243
  0.00488358983
  0.00293727661
  0.00179006079
  0.00110085704
  0.000681264237
  0.000429848674
  0.000271216178
  0.000171125839
  0.000107973105
  6.81264237E-05
  0.807767075
  0.807801819
  0.807845553
  0.807900597
  0.807969872
  0.808057054
  0.808166758
  0.808304788
  0.808478432
  0.808696837
  0.808971477
  0.809316728
  0.809750581
  0.810295517
  0.810979562
  0.811837584
  0.8129128
  0.814258562
  0.81594037
  0.81803806
  0.820648028
  0.823885188
  0.827884159
  0.832798813
  0.838798739
  0.846060452
  0.854749922
  0.864991636
  0.876817481
  0.890087078
  0.904370417
  0.918785895
  0.9317959
  0.94098397
  0.942879431
  0.932961702
  0.906052731
  0.857335258
  0.784088884
  0.687757853
  0.575196708
  0.457554492
  0.34648511
  0.250121978
  0.172014229
  0.112575157
  0.0702478723
  0.0420924131
  0.024543515
  0.014178522
  0.0082518256
  0.00488194209
  0.00293707115
  0.00178998335
  0.00110084718
  0.000681259642
  0.000429845774
  0.000271214348
  0.000171124685
  0.000107972377
  6.81259642E-05
  0.690803152
  0.690835311
  0.690875791
  0.69092674
  0.690990865
  0.691071566
  0.691173121
  0.691300905
  0.691461668
  0.691663888
  0.691918203
  0.692237943
  0.692639803
  0.693144658
  0.693778556
  0.694573935
  0.695571064
  0.696819745
  0.698381265
  0.700330566
  0.702758512
  0.70577404
  0.709505789
  0.714102455
  0.719730749
  0.726569048
  0.734793907
  0.744555244
  0.755934353
  0.768877213
  0.783094421
  0.797920231
  0.812129568
  0.823728652
  0.829768825
  0.826289671
  0.80856945
  0.77190759
  0.7130832
  0.632273825
  0.53454046
  0.429435717
  0.327974358
  0.238604583
  0.165405844
  0.109156284
  0.0686825269
  0.0414739901
  0.0243390181
  0.0141238102
  0.00824032123
  0.00488009955
  0.00293683112
  0.00178995802
  0.00110080691
  0.000681297415
  0.000429869608
  0.000271229386
  0.000171134173
  0.000107978363
  6.81297415E-05
  0.584746675
  0.584776557
  0.58481417
  0.584861514
  0.584921101
  0.584996095
  0.585090471
  0.585209226
  0.58535864
  0.585546598
  0.585782998
  0.58608025
  0.586453901
  0.586923403
  0.587513051
  0.588253126
  0.589181271
  0.590344114
  0.591799163
  0.593616935
  0.595883249
  0.59870151
  0.602194656
  0.606506177
  0.611799251
  0.618252376
  0.626049172
  0.635358628
  0.646300796
  0.658891115
  0.672955354
  0.688007383
  0.703086419
  0.716563122
  0.725951023
  0.727807444
  0.717873435
  0.691658096
  0.645638609
  0.578988033
  0.495169999
  0.402122736
  0.310005364
  0.227403553
  0.158934283
  0.105778171
  0.0671189811
  0.0408474611
  0.0241280391
  0.0140660397
  0.00822784624
  0.00487799498
  0.0029365472
  0.00178991961
  0.0011007929
  0.000681291629
  0.000429865957
  0.000271227083
  0.00017113272
  0.000107977446
  6.81291629E-05
  0.487898048
  0.487926007
  0.487961201
  0.4880055
  0.488061256
  0.488131429
  0.488219742
  0.488330873
  0.488470702
  0.488646614
  0.488867881
  0.489146135
  0.489495952
  0.489935581
  0.490487828
  0.491181148
  0.492050944
  0.493141162
  0.494506079
  0.496212435
  0.4983417
  0.500992497
  0.504282774
  0.508351354
  0.513358
  0.51948071
  0.526908144
  0.535824093
  0.546379548
  0.558646275
  0.572544568
  0.587737363
  0.603485978
  0.618472072
  0.63061228
  0.636931348
  0.633618171
  0.616447699
  0.581750188
  0.527930598
  0.457074281
  0.375557963
  0.292523899
  0.21649643
  0.152591979
  0.102435689
  0.0655544701
  0.0402113778
  0.0239098378
  0.0140048508
  0.00821421129
  0.0048755908
  0.00293620032
  0.00178986767
  0.00110067428
  0.00068125308
  0.000429841634
  0.000271211736
  0.000171123037
  0.000107971337
  6.8125308E-05
  0.398696083
  0.398722494
  0.398755739
  0.398797586
  0.398850257
  0.398916549
  0.39899998
  0.399104971
  0.399237081
  0.399403293
  0.399612375
  0.399875331
  0.400205957
  0.40062153
  0.401143662
  0.401799334
  0.40262216
  0.403653902
  0.404946249
  0.40656289
  0.408581822
  0.411097812
  0.414224806
  0.41809789
  0.422874136
  0.428731233
  0.435862066
  0.444462683
  0.454709607
  0.466721144
  0.480495901
  0.495820933
  0.512143822
  0.52840995
  0.542883437
  0.553003023
  0.555375429
  0.546066848
  0.521372836
  0.479130493
  0.420267747
  0.349707732
  0.275481008
  0.205857448
  0.146371274
  0.0991241894
  0.0639862133
  0.0395642891
  0.0236836666
  0.0139398994
  0.0081993016
  0.0048728883
  0.00293579036
  0.00178983188
  0.00110078291
  0.000681286008
  0.000429862411
  0.000271224845
  0.000171131308
  0.000107976556
  6.81286008E-05
  0.315825579
  0.315850806
  0.31588256
  0.315922531
  0.315972842
  0.316036166
  0.316115863
  0.316216158
  0.316342366
  0.31650116
  0.316700926
  0.316952187
  0.317268143
  0.317665333
  0.318164456
  0.318791375
  0.31957834
  0.320565467
  0.321802487
  0.323350801
  0.325285803
  0.327699417
  0.330702688
  0.334428101
  0.339031074
  0.344689677
  0.35160105
  0.359972184
  0.370001611
  0.381847118
  0.395573248
  0.411071358
  0.427945848
  0.445365442
  0.461891907
  0.475325761
  0.482653266
  0.480234422
  0.464404615
  0.432592861
  0.384774475
  0.324560038
  0.258837949
  0.195459111
  0.140263376
  0.0958395795
  0.062411466
  0.0389047157
  0.0234487038
  0.0138707917
  0.0081829422
  0.00486978259
  0.00293530758
  0.00178974778
  0.00110077117
  0.000681259082
  0.000429845421
  0.000271214125
  0.000171124544
  0.000107972288
  6.81259082E-05
  0.238293782
  0.238318148
  0.238348819
  0.238387427
  0.238436024
  0.238497191
  0.238574175
  0.238671061
  0.238792982
  0.23894639
  0.239139393
  0.239382167
  0.239687482
  0.240071345
  0.240553797
  0.241159899
  0.241920927
  0.242875827
  0.244072952
  0.245572103
  0.247446889
  0.249787335
  0.252702638
  0.256323801
  0.260805682
  0.26632764
  0.273091472
  0.281314561
  0.291215182
  0.302985558
  0.316746893
  0.332479409
  0.349920724
  0.368429592
  0.386822707
  0.403214846
  0.414931421
  0.41861452
  0.410684383
  0.388282868
  0.35061004
  0.300116184
  0.24256813
  0.185274957
  0.134257976
  0.0925780926
  0.0608275138
  0.0382311587
  0.0232041118
  0.0137971014
  0.00816497887
  0.0048662557
  0.00293471549
  0.00178964648
  0.00110076323
  0.000681261528
  0.000429846964
  0.000271215099
  0.000171125159
  0.000107972676
  6.81261528E-05
  0.165468163
  0.165491927
  0.165521842
  0.165559497
  0.165606896
  0.165666556
  0.165741645
  0.165836148
  0.165955075
  0.166104724
  0.166293008
  0.166529863
  0.16682776
  0.16720234
  0.167673194
  0.168264833
  0.169007873
  0.169940473
  0.171110069
  0.172575428
  0.174409031
  0.176699771
  0.17955586
  0.183107749
  0.18751066
  0.192946035
  0.199620756
  0.207762302
  0.217607108
  0.229378099
  0.24324605
  0.259268093
  0.277296484
  0.296853291
  0.316975032
  0.336050064
  0.351705241
  0.360846587
  0.360004078
  0.346120714
  0.317766982
  0.276378993
  0.226655042
  0.175282032
  0.128343623
  0.0893359265
  0.0592318228
  0.0375420409
  0.0229489915
  0.0137183618
  0.00814519069
  0.00486222964
  0.00293402081
  0.00178953286
  0.00110073904
  0.000681261946
  0.000429847228
  0.000271215266
  0.000171125264
  0.000107972742
  6.81261946E-05
  0.0970784885
  0.0971018274
  0.0971312069
  0.0971681893
  0.097214741
  0.097273336
  0.0973470864
  0.0974399071
  0.0975567208
  0.0977037173
  0.0978886716
  0.0981213537
  0.0984140273
  0.0987820763
  0.0992447807
  0.0998262751
  0.100556725
  0.101473763
  0.102624222
  0.104066203
  0.105871505
  0.108128393
  0.110944657
  0.114450788
  0.118802938
  0.12418507
  0.130809291
  0.138912744
  0.148748564
  0.16056726
  0.174583492
  0.190921849
  0.209534622
  0.230086187
  0.251805053
  0.273320316
  0.292528457
  0.306581041
  0.31213148
  0.305988135
  0.286207794
  0.253341696
  0.211086795
  0.165461769
  0.122508803
  0.0861090486
  0.0576219875
  0.0368357899
  0.0226824085
  0.0136340662
  0.00812336247
  0.00485763225
  0.00293319306
  0.00178940469
  0.00110071551
  0.000681249662
  0.000429839478
  0.000271210375
  0.000171122178
  0.000107970795
  6.81249662E-05
  0.0331912137
  0.0332142102
  0.0332431588
  0.0332795993
  0.0333254692
  0.0333832069
  0.0334558797
  0.0335473463
  0.0336624592
  0.0338073197
  0.0339895962
  0.034218923
  0.0345073974
  0.0348701994
  0.0353263609
  0.0358997172
  0.0366200786
  0.0375246629
  0.0386598343
  0.0400831873
  0.0418660097
  0.0440961285
  0.0468810987
  0.0503516061
  0.0546648085
  0.0600071026
  0.0665954306
  0.0746756917
  0.0845159587
  0.0963912667
  0.110555108
  0.127191647
  0.146341508
  0.167794955
  0.190951104
  0.214654737
  0.237047722
  0.255512914
  0.266837125
  0.267743217
  0.255866058
  0.230980677
  0.195849573
  0.155798808
  0.116742879
  0.082893283
  0.0559956979
  0.0361107898
  0.0224034116
  0.0135436841
  0.00809922826
  0.00485235499
  0.00293221314
  0.00178923187
  0.0011006785
  0.00068124301
  0.00042983528
  0.000271207727
  0.000171120507
  0.000107969741
  6.8124301E-05
 -0.0258360013
 -0.0258133616
 -0.025784862
 -0.0257489865
 -0.0257038272
 -0.0256469832
 -0.0255754341
 -0.02548538
 -0.0253720417
 -0.0252294096
 -0.0250499294
 -0.0248241087
 -0.0245400258
 -0.0241827166
 -0.0237334136
 -0.0231686023
 -0.0224588572
 -0.0215674143
 -0.0204484339
 -0.0190449069
 -0.0172861651
 -0.0150849786
 -0.0123342568
 -0.00890345392
 -0.00463489983
  0.000659504549
  0.00720045477
  0.0152409874
  0.0250617718
  0.0369588648
  0.0512195668
  0.0680804796
  0.0876607154
  0.109863397
  0.134242092
  0.159839288
  0.185025995
  0.207408865
  0.223919956
  0.23123888
  0.226653885
  0.209252962
  0.180921977
  0.146278434
  0.111036473
  0.0796845875
  0.0543507391
  0.0353654193
  0.0221109575
  0.0134466237
  0.00807254263
  0.00484629863
  0.00293105533
  0.00178902517
  0.0011006375
  0.000681244613
  0.000423548461
  0.000264227561
  0.000165233749
  0.000103422532
  6.49761327E-05
 -0.0794153344
 -0.0793931601
 -0.0793652462
 -0.0793301076
 -0.0792858755
 -0.0792301981
 -0.0791601161
 -0.0790719069
 -0.0789608877
 -0.0788211699
 -0.0786453501
 -0.078424124
 -0.078145804
 -0.0777957159
 -0.0773554502
 -0.0768019314
 -0.0761062684
 -0.0752323417
 -0.0741350779
 -0.0727583611
 -0.0710325371
 -0.068871477
 -0.0661692046
 -0.0627961527
 -0.0585952268
 -0.0533780431
 -0.0469220091
 -0.0389693788
 -0.0292301084
 -0.0173913091
 -0.00313737563
  0.0138136248
  0.0336503321
  0.0563778652
  0.0816919465
  0.108820571
  0.136355092
  0.16212631
  0.183228988
  0.19634162
  0.198472745
  0.188097836
  0.166271182
  0.136883425
  0.105381161
  0.0764794394
  0.0526849874
  0.0345980268
  0.0218039829
  0.0133422755
  0.00804299033
  0.0048393632
  0.00292966535
  0.00178876003
  0.00110058897
  0.000681222751
  0.000423551969
  0.000264225789
  0.000165220501
  0.000103537486
  6.49600558E-05
 -0.126804812
 -0.126783295
 -0.126756208
 -0.126722111
 -0.12667919
 -0.126625161
 -0.126557154
 -0.126471554
 -0.126363817
 -0.126228225
 -0.126057592
 -0.125842882
 -0.125572744
 -0.125232923
 -0.124805529
 -0.124268132
 -0.123592632
 -0.12274388
 -0.121677977
 -0.120340218
 -0.118662614
 -0.116560958
 -0.113931425
 -0.110646734
 -0.106552016
 -0.101460683
 -0.0951508678
 -0.0873634112
 -0.0778030202
 -0.0661451139
 -0.0520520965
 -0.035204326
 -0.0153525614
  0.00760040684
  0.0334824881
  0.0616990788
  0.0910591155
  0.119625424
  0.144680535
  0.162948946
  0.171225814
  0.16744109
  0.151850898
  0.127590858
  0.0997685065
  0.0732751918
  0.0509965207
  0.0338069567
  0.0214813754
  0.0132299456
  0.00801024759
  0.00483140096
  0.00292800077
  0.00178844661
  0.00110052761
  0.000681208413
  0.000423536386
  0.000264216453
  0.000161113561
  0.000103519852
  6.49653739E-05
 -0.167200696
 -0.167180094
 -0.167154158
 -0.16712151
 -0.167080411
 -0.167028677
 -0.166963557
 -0.16688159
 -0.166778422
 -0.166648578
 -0.166485172
 -0.166279547
 -0.166020824
 -0.165695341
 -0.165285944
 -0.164771119
 -0.164123901
 -0.163310541
 -0.162288859
 -0.161006242
 -0.159397221
 -0.157380588
 -0.154856019
 -0.15170021
 -0.147762635
 -0.142861149
 -0.136777897
 -0.129256385
 -0.120001088
 -0.108681834
 -0.0949463603
 -0.0784458705
 -0.0588801367
 -0.0360699484
 -0.0100644974
  0.0187129472
  0.0492899732
  0.0799752459
  0.108271853
  0.131005724
  0.144831297
  0.147201241
  0.137600622
  0.118368864
  0.0941885767
  0.070070303
  0.0492838415
  0.0329904709
  0.0211419787
  0.013108929
  0.00797393079
  0.00482228018
  0.00292603702
  0.00178804901
  0.0011004462
  0.000681197709
  0.000423524496
  0.000264343202
  0.000165243916
  0.00010353024
  6.4983364E-05
 -0.199846404
 -0.199827011
 -0.199802598
 -0.199771865
 -0.199733179
 -0.19968448
 -0.19962318
 -0.199546019
 -0.1994489
 -0.199326664
 -0.199172828
 -0.198979237
 -0.198735643
 -0.198429171
 -0.198043654
 -0.197558805
 -0.196949189
 -0.196182952
 -0.195220254
 -0.194011354
 -0.192494288
 -0.190592081
 -0.188209455
 -0.185229024
 -0.18150703
 -0.176868795
 -0.171104243
 -0.163964204
 -0.15515864
 -0.144358754
 -0.131205926
 -0.115331904
 -0.0963963173
 -0.0741492557
 -0.0485272605
 -0.0197886857
  0.011314684
  0.0433541121
  0.0740919475
  0.100520317
  0.119237481
  0.127297915
  0.123446037
  0.109173005
  0.0886276304
  0.0668644755
  0.0475462743
  0.0321467918
  0.0207845753
  0.0129784462
  0.00793364068
  0.00481181528
  0.00292369876
  0.00178757017
  0.00110034516
  0.000681170374
  0.000423525989
  0.00026420365
  0.000165233091
  0.000103549318
  6.49697828E-05
 -0.224153268
 -0.224135384
 -0.22411287
 -0.224084528
 -0.22404885
 -0.224003938
 -0.223947404
 -0.223876242
 -0.22378667
 -0.223673932
 -0.223532042
 -0.223353478
 -0.22312878
 -0.222846062
 -0.222490395
 -0.22204304
 -0.221480489
 -0.220773288
 -0.219884573
 -0.218768273
 -0.217366933
 -0.215609074
 -0.213406058
 -0.210648416
 -0.207201673
 -0.202901764
 -0.197550341
 -0.190910473
 -0.182703714
 -0.172610133
 -0.160273854
 -0.145317953
 -0.127374263
 -0.106135464
 -0.0814381791
 -0.0533850607
 -0.0225079028
  0.010042633
  0.0423287457
  0.0715810074
  0.0944408702
  0.107664016
  0.109301405
  0.0999420899
  0.0830644235
  0.0636584465
  0.0457846042
  0.0312740739
  0.0204078759
  0.0128376937
  0.00788893198
  0.00479981506
  0.00292092455
  0.00178698327
  0.00110022208
  0.000681145802
  0.000423525442
  0.000264204341
  0.000165230353
  0.000103555649
  6.49886899E-05
 -0.239820824
 -0.239804715
 -0.239784434
 -0.239758904
 -0.239726766
 -0.239686309
 -0.239635383
 -0.239571277
 -0.239490587
 -0.239389023
 -0.239261194
 -0.239100318
 -0.238897866
 -0.238643122
 -0.238322619
 -0.237919449
 -0.237412392
 -0.236774846
 -0.23597349
 -0.234966648
 -0.233702282
 -0.232115563
 -0.230125946
 -0.227633722
 -0.224516031
 -0.22062239
 -0.21576993
 -0.209738711
 -0.202267884
 -0.193053942
 -0.181753148
 -0.16799143
 -0.151386559
 -0.131589418
 -0.108353007
 -0.0816384823
 -0.0517645122
 -0.0195946805
  0.0132693811
  0.0443710654
  0.0705080122
  0.0882638164
  0.095076174
  0.090594055
  0.0774642231
  0.0604528421
  0.0440022482
  0.0303705177
  0.0200104617
  0.0126858093
  0.00783931308
  0.00478606168
  0.00291763598
  0.00178627202
  0.00110006559
  0.000681108375
  0.000423513476
  0.000264203861
  0.000165238564
  0.000103533344
  6.49660605E-05
 -0.246936498
 -0.24692236
 -0.246904562
 -0.246882156
 -0.24685395
 -0.246818443
 -0.246773746
 -0.246717483
 -0.246646661
 -0.246557517
 -0.246445315
 -0.2463041
 -0.246126381
 -0.245902742
 -0.24562135
 -0.24526734
 -0.24482205
 -0.24426207
 -0.243558057
 -0.242673277
 -0.241561814
 -0.240166376
 -0.238415656
 -0.236221173
 -0.233473571
 -0.230038386
 -0.225751389
 -0.220413749
 -0.213787569
 -0.205592727
 -0.195506653
 -0.183169692
 -0.168200087
 -0.150224578
 -0.128932701
 -0.104164675
 -0.0760421328
 -0.045144277
 -0.0127121896
  0.019177825
  0.0475992483
  0.0691188312
  0.0806894583
  0.0810242158
  0.0717699268
  0.0572446522
  0.042206948
  0.0294348309
  0.0195905631
  0.0125219354
  0.00778424738
  0.00477031786
  0.00291374518
  0.00178539808
  0.00109987929
  0.000681064273
  0.000423503349
  0.000264203032
  0.000165236267
  0.000103534286
  6.49759968E-05
 -0.246030697
 -0.246018631
 -0.246003442
 -0.24598432
 -0.245960248
 -0.245929944
 -0.245891797
 -0.245843778
 -0.245783332
 -0.245707246
 -0.245611476
 -0.245490936
 -0.24533923
 -0.245148312
 -0.24490807
 -0.244605796
 -0.244225531
 -0.243747241
 -0.2431458
 -0.242389724
 -0.241439612
 -0.240246235
 -0.238748207
 -0.23686918
 -0.234514513
 -0.231567393
 -0.22788444
 -0.223290952
 -0.217576129
 -0.210488935
 -0.201735795
 -0.190982128
 -0.177860955
 -0.16199353
 -0.14302921
 -0.120714126
 -0.0949996284
 -0.0661988702
 -0.0351875064
 -0.00361252156
  0.0259883401
  0.0503404528
  0.0660965835
  0.0711109017
  0.0658910295
  0.0540189905
  0.0404124949
  0.0284677373
  0.0191456599
  0.0123452555
  0.00772315269
  0.00475229783
  0.00290914104
  0.00178433634
  0.00109963813
  0.000681008942
  0.000423489108
  0.000264199407
  0.000165234639
  0.000103536157
  6.49714587E-05
 -0.238067421
 -0.238057419
 -0.238044829
 -0.238028978
 -0.238009025
 -0.237983906
 -0.237952284
 -0.237912479
 -0.237862371
 -0.237799297
 -0.237719902
 -0.237619969
 -0.23749419
 -0.23733589
 -0.237136676
 -0.236885998
 -0.236570598
 -0.236173827
 -0.235674788
 -0.235047273
 -0.234258449
 -0.233267233
 -0.232022306
 -0.230459695
 -0.22849987
 -0.226044303
 -0.222971481
 -0.219132429
 -0.214345939
 -0.208393903
 -0.201017575
 -0.191916169
 -0.180750208
 -0.16715351
 -0.150759792
 -0.131252515
 -0.108449176
 -0.0824319618
 -0.0537308691
 -0.0235443381
  0.00606684937
  0.032162622
  0.0513293227
  0.0607361126
  0.0596951219
  0.0507333806
  0.0386380869
  0.0274757267
  0.0186717156
  0.0121550229
  0.00765537302
  0.00473170091
  0.00290370731
  0.00178304658
  0.00109934533
  0.000680940477
  0.000423469554
  0.000264195315
  0.000165232362
  0.000103536688
  6.49706068E-05
 -0.224363924
 -0.224355875
 -0.224345743
 -0.224332988
 -0.22431693
 -0.224296715
 -0.224271268
 -0.224239233
 -0.224198906
 -0.224148143
 -0.224084243
 -0.224003809
 -0.223902567
 -0.22377514
 -0.223614765
 -0.223412938
 -0.223158969
 -0.222839425
 -0.222437434
 -0.22193182
 -0.221296024
 -0.220496767
 -0.219492408
 -0.218230924
 -0.216647462
 -0.214661387
 -0.212172802
 -0.209058518
 -0.205167543
 -0.200316332
 -0.194284251
 -0.1868102
 -0.177592042
 -0.166291686
 -0.15255044
 -0.136021812
 -0.116432042
 -0.0936814699
 -0.0679992281
 -0.0401528774
 -0.0116805669
  0.014960042
  0.0365440015
  0.0498282256
  0.0530126
  0.0472947839
  0.0368994546
  0.0264781428
  0.0181629321
  0.0119502215
  0.00758024769
  0.00470819688
  0.00289730414
  0.00178147879
  0.00109897917
  0.000680852958
  0.000423448694
  0.00026418554
  0.000165231445
  0.000103536183
  6.49761364E-05
 -0.206452057
 -0.206445766
 -0.206437847
 -0.206427878
 -0.206415328
 -0.206399528
 -0.206379638
 -0.2063546
 -0.206323079
 -0.2062834
 -0.206233451
 -0.206170576
 -0.206091431
 -0.20599181
 -0.205866421
 -0.205708607
 -0.205509997
 -0.205260065
 -0.204945586
 -0.204549943
 -0.204052276
 -0.203426412
 -0.20263955
 -0.201650622
 -0.2004083
 -0.198848549
 -0.196891701
 -0.194438968
 -0.191368417
 -0.187530463
 -0.18274313
 -0.176787601
 -0.169405098
 -0.160296997
 -0.149131472
 -0.135562172
 -0.1192675
 -0.100022823
 -0.0778207629
 -0.0530519003
 -0.0267393407
 -0.000767397508
  0.0220597536
  0.0384253389
  0.0456699312
  0.0435388586
  0.0351834995
  0.0255147454
  0.0176154254
  0.0117275886
  0.00749752161
  0.00468138678
  0.00288976371
  0.00177958148
  0.00109852515
  0.000680743204
  0.000423422536
  0.00026417845
  0.000165227288
  0.000103535527
  6.49743821E-05
 -0.185910995
 -0.185906214
 -0.185900197
 -0.185892621
 -0.185883083
 -0.185871077
 -0.185855962
 -0.185836933
 -0.185812979
 -0.185782824
 -0.185744862
 -0.185697075
 -0.185636919
 -0.185561196
 -0.185465879
 -0.185345902
 -0.185194892
 -0.185004833
 -0.184765645
 -0.184464655
 -0.184085936
 -0.183609485
 -0.183010191
 -0.182256555
 -0.181309112
 -0.180118475
 -0.178622955
 -0.176745676
 -0.174391138
 -0.171441207
 -0.167750621
 -0.163142225
 -0.157402526
 -0.150278694
 -0.141479177
 -0.130681764
 -0.11755563
 -0.101807638
 -0.0832676421
 -0.0620300087
 -0.0386619848
 -0.0144581615
  0.0083598587
  0.0267401955
  0.0375607301
  0.0392347556
  0.0334045488
  0.0246409527
  0.0170412092
  0.0114766979
  0.00740851454
  0.00465056998
  0.00288090954
  0.00177729014
  0.00109796694
  0.000680608965
  0.00042338709
  0.000264169616
  0.000165224911
  0.000103535793
  6.49720216E-05
 -0.164208161
 -0.164204623
 -0.164200169
 -0.164194562
 -0.164187503
 -0.164178616
 -0.164167428
 -0.164153344
 -0.164135613
 -0.164113292
 -0.164085192
 -0.164049817
 -0.164005285
 -0.163949225
 -0.163878654
 -0.163789819
 -0.163677993
 -0.163537232
 -0.163360055
 -0.16313705
 -0.16285638
 -0.16250316
 -0.162058678
 -0.161499424
 -0.160795871
 -0.159910969
 -0.158798273
 -0.15739964
 -0.155642422
 -0.153436093
 -0.15066827
 -0.147200201
 -0.142861938
 -0.137447799
 -0.130713354
 -0.122376414
 -0.112126471
 -0.0996503785
 -0.0846866143
 -0.0671255862
 -0.0471749468
 -0.0255958661
 -0.00396618721
  0.0151898909
  0.0287402098
  0.0341433817
  0.0313635319
  0.0238888781
  0.0164927832
  0.0111772687
  0.00731569643
  0.0046144985
  0.00287066322
  0.00177453123
  0.00109727733
  0.000680437111
  0.000423343352
  0.000264159367
  0.000165221768
  0.000103534628
  6.49752712E-05
 -0.142579368
 -0.142576812
 -0.142573594
 -0.142569542
 -0.142564442
 -0.142558022
 -0.142549939
 -0.142539763
 -0.142526952
 -0.142510824
 -0.14249052
 -0.142464959
 -0.14243278
 -0.142392269
 -0.142341269
 -0.142277064
 -0.142196236
 -0.142094481
 -0.141966381
 -0.141805116
 -0.141602101
 -0.141346531
 -0.141024806
 -0.140619808
 -0.140110001
 -0.139468291
 -0.138660606
 -0.137644119
 -0.136365051
 -0.134755948
 -0.132732377
 -0.130188976
 -0.126994901
 -0.122988889
 -0.117974544
 -0.111717245
 -0.103945453
 -0.0943616922
 -0.0826724407
 -0.0686517322
 -0.0522588095
 -0.0338294919
 -0.0143375513
  0.0043545657
  0.0194968086
  0.0281322926
  0.0287590711
  0.0231889751
  0.0160713063
  0.0108186227
  0.00721197958
  0.00457415589
  0.00285901231
  0.00177116832
  0.00109642775
  0.000680226379
  0.00042328906
  0.000264144705
  0.000165217683
  0.000103533095
  6.4973768E-05
 -0.121964072
 -0.121962265
 -0.12195999
 -0.121957126
 -0.12195352
 -0.12194898
 -0.121943266
 -0.121936071
 -0.121927013
 -0.12191561
 -0.121901254
 -0.121883181
 -0.121860427
 -0.121831781
 -0.121795716
 -0.121750309
 -0.121693142
 -0.121621165
 -0.121530542
 -0.121416436
 -0.121272759
 -0.121091839
 -0.120864009
 -0.120577086
 -0.120215715
 -0.119760537
 -0.119187136
 -0.118464719
 -0.117554444
 -0.11640732
 -0.114961587
 -0.113139471
 -0.110843257
 -0.107950673
 -0.104309802
 -0.0997341773
 -0.0939995879
 -0.0868458238
 -0.0779895657
 -0.0671594302
 -0.0541707026
 -0.0390628838
 -0.0223181995
 -0.005139871
  0.0103449112
  0.021298999
  0.0252911087
  0.0223025182
  0.0158669683
  0.0104540666
  0.00706049831
  0.00454012185
  0.00284360571
  0.00176698338
  0.00109538878
  0.000679961164
  0.00042322012
  0.000264126049
  0.000165212714
  0.000103531227
  6.49743181E-05
 -0.102994758
 -0.102993504
 -0.102991926
 -0.10298994
 -0.102987439
 -0.10298429
 -0.102980326
 -0.102975335
 -0.102969052
 -0.102961142
 -0.102951184
 -0.102938646
 -0.102922861
 -0.102902988
 -0.102877967
 -0.102846463
 -0.102806795
 -0.102756848
 -0.102693953
 -0.10261475
 -0.102515001
 -0.102389367
 -0.102231111
 -0.102031733
 -0.101780505
 -0.101463873
 -0.101064705
 -0.100561328
 -0.0999262986
 -0.0991248397
 -0.0981128416
 -0.0968343327
 -0.0952182981
 -0.0931747542
 -0.0905900638
 -0.0873216961
 -0.0831931368
 -0.0779906893
 -0.071465918
 -0.0633510744
 -0.0534005725
 -0.0414789936
 -0.0277208427
 -0.0127748344
  0.00191760684
  0.014020627
  0.020829046
  0.0208565125
  0.0158276551
  0.0102339484
  0.00681337452
  0.00452034985
  0.00281980186
  0.00176330184
  0.00109422804
  0.000679639562
  0.000423135068
  0.000264103536
  0.000165207875
  0.000103529636
  6.4972819E-05
 -0.0860273261
 -0.0860264708
 -0.0860253941
 -0.0860240387
 -0.0860223322
 -0.0860201838
 -0.0860174791
 -0.086014074
 -0.0860097871
 -0.08600439
 -0.0859975951
 -0.0859890402
 -0.0859782693
 -0.0859647081
 -0.0859476332
 -0.0859261335
 -0.0858990613
 -0.0858649702
 -0.0858220375
 -0.0857679656
 -0.0856998569
 -0.0856140558
 -0.0855059483
 -0.0853697068
 -0.0851979647
 -0.0849814021
 -0.0847082141
 -0.0843634283
 -0.0839280262
 -0.0833778078
 -0.0826819244
 -0.0818009795
 -0.0806845812
 -0.0792682146
 -0.0774693167
 -0.0751825228
 -0.0722742962
 -0.0685777274
 -0.0638895152
 -0.057973531
 -0.0505796527
 -0.0414932585
 -0.0306387982
 -0.0182632252
 -0.00520041313
  0.00687880022
  0.0155397772
  0.018514876
  0.0156682513
  0.0103112136
  0.00651343026
  0.00446670909
  0.00280335719
  0.00175963011
  0.00109202658
  0.000679160397
  0.000423025577
  0.000264074067
  0.000165198761
  0.000103527406
  6.49714969E-05
 -0.0711947261
 -0.0711941507
 -0.0711934264
 -0.0711925145
 -0.0711913664
 -0.0711899211
 -0.0711881015
 -0.0711858107
 -0.0711829265
 -0.0711792955
 -0.0711747239
 -0.0711689681
 -0.0711617213
 -0.0711525968
 -0.0711411079
 -0.0711266411
 -0.0711084235
 -0.0710854813
 -0.0710565866
 -0.0710201909
 -0.0709743409
 -0.0709165708
 -0.0708437661
 -0.0707519898
 -0.07063626
 -0.070490265
 -0.0703059966
 -0.0700732762
 -0.0697791398
 -0.0694070361
 -0.0689357769
 -0.0683381592
 -0.0675791545
 -0.0666135359
 -0.065382797
 -0.0638112288
 -0.0618011137
 -0.0592272753
 -0.0559318947
 -0.0517219482
 -0.0463744694
 -0.0396598906
 -0.0314013826
 -0.0215961563
 -0.0106222355
  0.000489308121
  0.00987706917
  0.0151871679
  0.0149588676
  0.010641152
  0.00636144751
  0.00428366893
  0.00282899163
  0.00174074207
  0.00109019602
  0.000678964586
  0.000422908986
  0.000264036364
  0.000165188913
  0.000103525405
  6.49707209E-05
 -0.0584676741
 -0.0584672916
 -0.0584668101
 -0.0584662038
 -0.0584654405
 -0.0584644796
 -0.0584632699
 -0.0584617468
 -0.0584598293
 -0.0584574151
 -0.0584543757
 -0.0584505488
 -0.0584457305
 -0.0584396636
 -0.0584320244
 -0.0584224047
 -0.0584102906
 -0.0583950337
 -0.058375817
 -0.0583516096
 -0.0583211105
 -0.0582826767
 -0.058234232
 -0.0581731496
 -0.0580961028
 -0.0579988723
 -0.0578760968
 -0.0577209501
 -0.0575247187
 -0.0572762467
 -0.0569612032
 -0.0565611088
 -0.0560520371
 -0.0554028824
 -0.0545730527
 -0.0535094317
 -0.0521424645
 -0.0503813297
 -0.0481084885
 -0.0451746917
 -0.0413972426
 -0.0365676771
 -0.0304809131
 -0.0230063847
 -0.0142286617
 -0.00467406643
  0.00443118954
  0.01111844
  0.013369494
  0.0108906792
  0.00656421404
  0.00399859991
  0.00284470096
  0.00171989906
  0.00109551739
  0.000678004135
  0.000422664438
  0.000264005045
  0.000165174526
  0.000103521209
  6.49699083E-05
 -0.0477111505
 -0.0477108987
 -0.0477105817
 -0.0477101825
 -0.0477096801
 -0.0477090475
 -0.0477082511
 -0.0477072484
 -0.0477059861
 -0.0477043968
 -0.0477023958
 -0.0476998764
 -0.0476967042
 -0.04769271
 -0.0476876805
 -0.047681347
 -0.0476733707
 -0.0476633248
 -0.0476506707
 -0.047634729
 -0.0476146422
 -0.0475893266
 -0.0475574122
 -0.0475171648
 -0.0474663865
 -0.047402287
 -0.0473213166
 -0.0472189492
 -0.0470893965
 -0.0469252313
 -0.0467168848
 -0.0464519745
 -0.0461143963
 -0.0456830963
 -0.0451304058
 -0.0444197939
 -0.0435028714
 -0.0423154982
 -0.0407729779
 -0.038764708
 -0.0361496001
 -0.0327556173
 -0.0283907318
 -0.022879339
 -0.0161470591
 -0.00838100913
 -0.000267747729
  0.0067972578
  0.0108789841
  0.0106068361
  0.00706651903
  0.00385961313
  0.00270403434
  0.00176675459
  0.00108010792
  0.000674063795
  0.000422506454
  0.000263880888
  0.000165157315
  0.00010351582
  6.49687108E-05
 -0.0387307273
 -0.0387305628
 -0.0387303558
 -0.0387300952
 -0.0387297671
 -0.0387293541
 -0.038728834
 -0.0387281793
 -0.038727355
 -0.0387263172
 -0.0387250106
 -0.0387233654
 -0.038721294
 -0.0387186857
 -0.0387154013
 -0.0387112652
 -0.0387060562
 -0.0386994953
 -0.0386912306
 -0.0386808181
 -0.0386676972
 -0.0386511591
 -0.0386303077
 -0.0386040078
 -0.0385708201
 -0.0385289156
 -0.0384759657
 -0.0384089975
 -0.0383242034
 -0.0382166885
 -0.0380801321
 -0.0379063309
 -0.0376845775
 -0.03740081
 -0.0370364434
 -0.0365667636
 -0.0359587333
 -0.0351680405
 -0.0341352479
 -0.0327810635
 -0.0310012188
 -0.0286625694
 -0.0256044391
 -0.0216538356
 -0.016670671
 -0.0106477262
 -0.0038886425
  0.0027586536
  0.00779040993
  0.00950895058
  0.00749965502
  0.00410359693
  0.00242316144
  0.00183038361
  0.001045977
  0.000686627756
  0.000423610674
  0.000264058459
  0.000165192709
  0.000103507118
  6.49662767E-05
 -0.0313069799
 -0.0313068733
 -0.031306739
 -0.0313065699
 -0.0313063571
 -0.0313060892
 -0.0313057519
 -0.0313053272
 -0.0313047926
 -0.0313041194
 -0.0313032718
 -0.0313022047
 -0.0313008611
 -0.0312991692
 -0.0312970386
 -0.0312943556
 -0.0312909765
 -0.0312867202
 -0.0312813585
 -0.0312746031
 -0.0312660899
 -0.0312553587
 -0.0312418274
 -0.0312247582
 -0.0312032153
 -0.0311760087
 -0.0311416221
 -0.0310981181
 -0.031043012
 -0.030973105
 -0.0308842584
 -0.0307710884
 -0.0306265472
 -0.0304413454
 -0.0302031493
 -0.0298954632
 -0.0294960757
 -0.0289749146
 -0.0282911458
 -0.0273893901
 -0.0261951365
 -0.0246099981
 -0.022508805
 -0.0197433702
 -0.016163045
 -0.0116702471
 -0.00633621799
 -0.000591153733
  0.00457256432
  0.00764940496
  0.00743162351
  0.00464972385
  0.00228603081
  0.00172007495
  0.00109964644
  0.000676361792
  0.000415376428
  0.000262923966
  0.000164857236
  0.000103524336
  6.49625585E-05
 -0.025218839
 -0.0252187702
 -0.0252186836
 -0.0252185746
 -0.0252184373
 -0.0252182644
 -0.0252180468
 -0.0252177729
 -0.0252174279
 -0.0252169937
 -0.0252164469
 -0.0252157584
 -0.0252148916
 -0.0252138001
 -0.0252124256
 -0.0252106946
 -0.0252085144
 -0.0252057684
 -0.0252023089
 -0.02519795
 -0.0251924567
 -0.0251855317
 -0.0251767991
 -0.0251657821
 -0.0251518759
 -0.0251343108
 -0.0251121057
 -0.0250840058
 -0.0250484004
 -0.0250032132
 -0.024945754
 -0.0248725165
 -0.0247788997
 -0.0246588217
 -0.0245041777
 -0.0243040786
 -0.0240437763
 -0.0237031555
 -0.0232546375
 -0.0226603377
 -0.0218683816
 -0.0208085394
 -0.0193880341
 -0.0174899897
 -0.0149803087
 -0.011734711
 -0.00770581902
 -0.0030537607
  0.00166256066
  0.00534975021
  0.00665709896
  0.00512067935
  0.00252804782
  0.00145125973
  0.00119157426
  0.00062877411
  0.000433001243
  0.000267106412
  0.000165855663
  0.000103575936
  6.49621079E-05
 -0.0202579455
 -0.0202579013
 -0.0202578457
 -0.0202577756
 -0.0202576875
 -0.0202575764
 -0.0202574367
 -0.0202572607
 -0.0202570392
 -0.0202567602
 -0.0202564091
 -0.0202559669
 -0.0202554101
 -0.020254709
 -0.0202538261
 -0.0202527143
 -0.0202513139
 -0.02024955
 -0.0202473278
 -0.0202445278
 -0.0202409988
 -0.0202365499
 -0.0202309394
 -0.0202238606
 -0.0202149244
 -0.0202036356
 -0.0201893624
 -0.0201712963
 -0.0201483987
 -0.0201193296
 -0.0200823503
 -0.0200351916
 -0.0199748701
 -0.0198974325
 -0.0197975958
 -0.0196682356
 -0.0194996583
 -0.0192785646
 -0.0189865818
 -0.0185982169
 -0.0180780865
 -0.0173773694
 -0.0164297553
 -0.0151480081
 -0.0134241823
 -0.0111403739
 -0.00820336192
 -0.00462392404
 -0.00065874671
  0.00301551476
  0.00528245122
  0.00514291342
  0.00303991091
  0.00132284185
  0.00110351096
  0.000681581696
  0.00042879058
  0.000254163159
  0.000162928904
  0.000102920096
  6.50514404E-05
 -0.016236342
 -0.0162363137
 -0.0162362781
 -0.0162362332
 -0.0162361768
 -0.0162361058
 -0.0162360163
 -0.0162359037
 -0.0162357619
 -0.0162355834
 -0.0162353586
 -0.0162350756
 -0.0162347193
 -0.0162342706
 -0.0162337055
 -0.0162329939
 -0.0162320976
 -0.0162309686
 -0.0162295463
 -0.016227754
 -0.0162254951
 -0.0162226473
 -0.0162190556
 -0.0162145237
 -0.0162088023
 -0.0162015738
 -0.0161924331
 -0.0161808614
 -0.0161661921
 -0.0161475639
 -0.0161238587
 -0.0160936153
 -0.0160549094
 -0.0160051869
 -0.0159410261
 -0.0158577995
 -0.0157491874
 -0.0156064792
 -0.0154175686
 -0.015165525
 -0.0148265997
 -0.0143675432
 -0.0137422418
 -0.0128880885
 -0.0117235365
 -0.0101505496
 -0.00807003062
 -0.00542503035
 -0.00229188322
  0.000973994676
  0.00360847307
  0.00458851203
  0.00346759999
  0.00154125735
  0.000859747348
  0.000784056353
  0.000372568331
  0.000274466109
  0.000170524097
  0.000105019837
  6.49916721E-05
 -0.0129896004
 -0.0129895824
 -0.0129895597
 -0.0129895311
 -0.012989495
 -0.0129894497
 -0.0129893926
 -0.0129893207
 -0.0129892303
 -0.0129891163
 -0.0129889729
 -0.0129887923
 -0.0129885649
 -0.0129882785
 -0.0129879179
 -0.0129874638
 -0.0129868917
 -0.0129861712
 -0.0129852634
 -0.0129841195
 -0.0129826778
 -0.0129808601
 -0.0129785675
 -0.0129756747
 -0.0129720222
 -0.0129674073
 -0.012961571
 -0.0129541815
 -0.0129448123
 -0.012932912
 -0.0129177644
 -0.0128984321
 -0.0128736797
 -0.0128418647
 -0.0128007825
 -0.0127474449
 -0.012677759
 -0.0125860621
 -0.0124644472
 -0.012301787
 -0.0120823439
 -0.0117838336
 -0.011374853
 -0.0108117552
 -0.0100355706
 -0.00897081893
 -0.00753071047
 -0.00563804821
 -0.00327758792
 -0.000596793933
  0.00195722158
  0.00358844377
  0.00351515496
  0.00197862903
  0.000749023555
  0.000712797149
  0.000420843741
  0.000275454489
  0.000153880434
  0.000100031783
  6.40722038E-05
 -0.0103770545
 -0.010377043
 -0.0103770286
 -0.0103770104
 -0.0103769874
 -0.0103769586
 -0.0103769222
 -0.0103768764
 -0.0103768188
 -0.0103767463
 -0.010376655
 -0.01037654
 -0.0103763952
 -0.0103762128
 -0.0103759832
 -0.0103756941
 -0.0103753298
 -0.0103748711
 -0.010374293
 -0.0103735646
 -0.0103726466
 -0.0103714891
 -0.0103700292
 -0.0103681869
 -0.0103658607
 -0.0103629214
 -0.0103592039
 -0.0103544965
 -0.0103485271
 -0.0103409439
 -0.0103312891
 -0.0103189639
 -0.0103031776
 -0.010282878
 -0.0102566507
 -0.0102225751
 -0.0101780143
 -0.0101193094
 -0.010041332
 -0.00993682982
 -0.00979547865
 -0.00960253027
 -0.00933694398
 -0.0089689507
 -0.00845723301
 -0.00774654542
 -0.00676809283
 -0.00544802881
 -0.00373453545
 -0.00165919219
  0.000557558761
  0.00239759497
  0.00311699391
  0.00232892561
  0.000933901854
  0.000504341999
  0.000519915745
  0.000217136491
  0.000174726784
  0.000110460304
  6.72475231E-05
 -0.00828035496
 -0.00828034766
 -0.00828033847
 -0.00828032689
 -0.00828031232
 -0.00828029397
 -0.00828027087
 -0.00828024179
 -0.00828020517
 -0.00828015907
 -0.00828010103
 -0.00828002794
 -0.00827993592
 -0.00827982004
 -0.00827967411
 -0.00827949033
 -0.00827925885
 -0.00827896725
 -0.00827859988
 -0.00827813694
 -0.00827755343
 -0.00827681772
 -0.00827588976
 -0.00827471873
 -0.00827324007
 -0.00827137155
 -0.00826900811
 -0.00826601515
 -0.00826221939
 -0.00825739676
 -0.0082512557
 -0.00824341426
 -0.00823336808
 -0.00822044514
 -0.00820374112
 -0.00818202605
 -0.00815360832
 -0.00811613519
 -0.00806629902
 -0.00799940433
 -0.00790873237
 -0.00778461884
 -0.00761314353
 -0.00737434115
 -0.00703993509
 -0.00657090227
 -0.00591596593
 -0.00501388128
 -0.00380578191
 -0.00226889301
 -0.000485555428
  0.00125526589
  0.00240312966
  0.00237407194
  0.00128357078
  0.000415929718
  0.000462196817
  0.000259218718
  0.000178971001
  9.19211857E-05
  6.05480865E-05
 -0.00660118066
 -0.00660117603
 -0.00660117019
 -0.00660116285
 -0.0066011536
 -0.00660114195
 -0.0066011273
 -0.00660110884
 -0.0066010856
 -0.00660105635
 -0.00660101951
 -0.00660097313
 -0.00660091473
 -0.00660084119
 -0.00660074859
 -0.00660063195
 -0.00660048505
 -0.0066003
 -0.00660006685
 -0.00659977305
 -0.00659940273
 -0.00659893581
 -0.00659834686
 -0.00659760363
 -0.00659666511
 -0.00659547909
 -0.00659397885
 -0.00659207887
 -0.00658966907
 -0.00658660699
 -0.00658270725
 -0.00657772685
 -0.00657134471
 -0.00656313271
 -0.00655251417
 -0.00653870386
 -0.00652062019
 -0.00649675613
 -0.00646498792
 -0.00642229148
 -0.00636432214
 -0.0062847965
 -0.0061745962
 -0.00602050432
 -0.00580351109
 -0.00549675864
 -0.00506358476
 -0.00445708756
 -0.00362468519
 -0.00252480336
 -0.00116720203
  0.000313552899
  0.00157385044
  0.0020899996
  0.00155148019
  0.000564574026
  0.000293436919
  0.000346074477
  0.000124347334
  0.000111651063
  7.25853257E-05
 -0.00525863897
 -0.00525863603
 -0.00525863233
 -0.00525862767
 -0.00525862181
 -0.00525861443
 -0.00525860514
 -0.00525859344
 -0.00525857871
 -0.00525856017
 -0.00525853682
 -0.00525850742
 -0.0052584704
 -0.00525842379
 -0.00525836509
 -0.00525829116
 -0.00525819804
 -0.00525808074
 -0.00525793295
 -0.00525774672
 -0.00525751198
 -0.005257216
 -0.00525684265
 -0.0052563715
 -0.00525577653
 -0.00525502464
 -0.0052540735
 -0.00525286886
 -0.00525134087
 -0.00524939913
 -0.00524692593
 -0.00524376694
 -0.00523971812
 -0.00523450727
 -0.00522776745
 -0.00521899853
 -0.00520751085
 -0.00519234204
 -0.00517213336
 -0.00514494533
 -0.00510798266
 -0.00505718534
 -0.00498662695
 -0.00488764636
 -0.00474763759
 -0.00454847126
 -0.00426469967
 -0.00386219092
 -0.00329898918
 -0.00253252021
 -0.00154095706
 -0.000369331761
  0.000798340435
  0.00159018942
  0.00158583023
  0.000830293875
  0.000227115713
  0.000299965746
  0.000159573504
  0.000117165664
  5.40822968E-05
 -0.00418667495
 -0.00418667309
 -0.00418667075
 -0.0041866678
 -0.00418666409
 -0.00418665942
 -0.00418665353
 -0.00418664612
 -0.0041866368
 -0.00418662505
 -0.00418661027
 -0.00418659165
 -0.00418656821
 -0.00418653869
 -0.00418650152
 -0.0041864547
 -0.00418639573
 -0.00418632145
 -0.00418622786
 -0.00418610992
 -0.00418596126
 -0.00418577381
 -0.00418553737
 -0.00418523898
 -0.00418486217
 -0.00418438596
 -0.00418378353
 -0.00418302052
 -0.00418205264
 -0.00418082259
 -0.00417925573
 -0.00417725418
 -0.00417468846
 -0.00417138578
 -0.00416711305
 -0.00416155235
 -0.00415426486
 -0.00414463753
 -0.00413180354
 -0.00411452317
 -0.00409100517
 -0.00405863903
 -0.0040135966
 -0.00395024713
 -0.00386031951
 -0.00373175575
 -0.00354727328
 -0.00328289059
 -0.00290728058
 -0.00238416877
 -0.00168252306
 -0.000802624622
  0.000174109163
  0.00102337488
  0.00138570517
  0.0010255081
  0.0003415301
  0.00016970804
  0.000230360839
  6.99858855E-05
  7.1574776E-05
 -0.00333166495
 -0.00333166377
 -0.00333166229
 -0.00333166043
 -0.00333165808
 -0.00333165512
 -0.0033316514
 -0.00333164671
 -0.00333164081
 -0.00333163338
 -0.00333162402
 -0.00333161224
 -0.0033315974
 -0.00333157872
 -0.0033315552
 -0.00333152557
 -0.00333148826
 -0.00333144125
 -0.00333138203
 -0.00333130739
 -0.00333121332
 -0.0033310947
 -0.00333094508
 -0.00333075624
 -0.00333051778
 -0.00333021641
 -0.00332983515
 -0.00332935223
 -0.00332873964
 -0.00332796106
 -0.00332696923
 -0.00332570212
 -0.00332407768
 -0.00332198634
 -0.00331928025
 -0.00331575761
 -0.00331113971
 -0.00330503678
 -0.00329689705
 -0.00328593022
 -0.00327099209
 -0.00325041067
 -0.00322172519
 -0.00318129783
 -0.00312374644
 -0.00304114187
 -0.00292193762
 -0.0027497046
 -0.00250204859
 -0.0021508285
 -0.00166634065
 -0.00103073235
 -0.000268273197
  0.000504935658
  0.00104199489
  0.00104895196
  0.000535623193
  0.000122295781
  0.000194416868
  9.83438366E-05
  7.69578216E-05
 -0.00265027615
 -0.00265027541
 -0.00265027447
 -0.00265027329
 -0.00265027181
 -0.00265026994
 -0.00265026758
 -0.00265026462
 -0.00265026088
 -0.00265025618
 -0.00265025027
 -0.00265024282
 -0.00265023344
 -0.00265022162
 -0.00265020675
 -0.00265018801
 -0.00265016441
 -0.00265013468
 -0.00265009723
 -0.00265005003
 -0.00264999053
 -0.00264991551
 -0.00264982088
 -0.00264970146
 -0.00264955064
 -0.00264936003
 -0.00264911889
 -0.00264881344
 -0.00264842596
 -0.00264793347
 -0.00264730605
 -0.00264650444
 -0.00264547668
 -0.00264415336
 -0.0026424408
 -0.00264021108
 -0.0026372874
 -0.00263342234
 -0.00262826533
 -0.0026213136
 -0.00261183812
 -0.00259877133
 -0.00258053749
 -0.0025547979
 -0.00251807293
 -0.0024651943
 -0.00238854364
 -0.00227707442
 -0.00211525737
 -0.001882473
 -0.0015542539
 -0.0011084832
 -0.000542071904
  9.59001206E-05
  0.000660617269
  0.000910078991
  0.000672942245
  0.000207163534
  9.78186479E-05
  0.000152889984
  3.87607951E-05
 -0.00210761756
 -0.00210761709
 -0.0021076165
 -0.00210761575
 -0.00210761482
 -0.00210761363
 -0.00210761215
 -0.00210761027
 -0.00210760791
 -0.00210760494
 -0.0021076012
 -0.00210759649
 -0.00210759056
 -0.00210758309
 -0.00210757369
 -0.00210756185
 -0.00210754693
 -0.00210752814
 -0.00210750446
 -0.00210747462
 -0.00210743701
 -0.00210738959
 -0.00210732977
 -0.00210725428
 -0.00210715894
 -0.00210703844
 -0.002106886
 -0.00210669291
 -0.00210644794
 -0.00210613657
 -0.00210573989
 -0.00210523304
 -0.00210458315
 -0.00210374629
 -0.00210266316
 -0.00210125274
 -0.002099403
 -0.00209695707
 -0.00209369254
 -0.00208929011
 -0.00208328619
 -0.00207500081
 -0.00206342805
 -0.00204707023
 -0.00202368914
 -0.00198993917
 -0.00194084192
 -0.00186907407
 -0.00176410158
 -0.00161138158
 -0.0013923246
 -0.00108672448
 -0.000681137402
 -0.000188515856
  0.00031827922
  0.000677418117
  0.000687958126
  0.000344602632
  6.51212147E-05
  0.000125673571
  6.07498303E-05
 -0.00167567492
 -0.00167567462
 -0.00167567425
 -0.00167567378
 -0.00167567318
 -0.00167567244
 -0.0016756715
 -0.00167567031
 -0.00167566882
 -0.00167566694
 -0.00167566458
 -0.0016756616
 -0.00167565786
 -0.00167565314
 -0.0016756472
 -0.00167563971
 -0.00167563029
 -0.00167561841
 -0.00167560345
 -0.0016755846
 -0.00167556083
 -0.00167553087
 -0.00167549307
 -0.00167544536
 -0.00167538512
 -0.00167530897
 -0.00167521264
 -0.00167509062
 -0.00167493581
 -0.00167473904
 -0.00167448834
 -0.001674168
 -0.00167375724
 -0.00167322827
 -0.00167254356
 -0.00167165185
 -0.00167048222
 -0.0016689353
 -0.00166687015
 -0.00166408425
 -0.00166028329
 -0.00165503502
 -0.0016476988
 -0.00163731849
 -0.00162246019
 -0.00160096978
 -0.00156961826
 -0.00152360272
 -0.00145589372
 -0.00135650627
 -0.00121201185
 -0.00100617391
 -0.000723717698
 -0.000360927725
  5.2610552E-05
  0.000424105431
  0.000593036399
  0.000438713326
  0.000126150965
  5.63449905E-05
  0.000100991581
 -0.00133200557
 -0.00133200539
 -0.00133200515
 -0.00133200485
 -0.00133200448
 -0.00133200401
 -0.00133200341
 -0.00133200266
 -0.00133200172
 -0.00133200054
 -0.00133199904
 -0.00133199716
 -0.0013319948
 -0.00133199182
 -0.00133198806
 -0.00133198333
 -0.00133197738
 -0.00133196988
 -0.00133196043
 -0.00133194852
 -0.00133193351
 -0.00133191458
 -0.0013318907
 -0.00133186056
 -0.00133182251
 -0.00133177441
 -0.00133171355
 -0.00133163646
 -0.00133153867
 -0.00133141436
 -0.00133125597
 -0.00133105358
 -0.00133079405
 -0.00133045981
 -0.00133002714
 -0.00132946361
 -0.00132872435
 -0.00132774648
 -0.00132644076
 -0.00132467887
 -0.00132227422
 -0.00131895243
 -0.00131430631
 -0.00130772691
 -0.00129829851
 -0.00128464004
 -0.00126466932
 -0.00123526255
 -0.00119178671
 -0.00112751937
 -0.00103308572
 -0.000896341904
 -0.00070379119
 -0.000445806719
 -0.000129260776
  0.00020024485
  0.000437641774
  0.000447959742
  0.000221125486
  3.4380488E-05
  8.0976694E-05
 -0.00105866211
 -0.00105866199
 -0.00105866184
 -0.00105866165
 -0.00105866142
 -0.00105866112
 -0.00105866074
 -0.00105866027
 -0.00105865968
 -0.00105865893
 -0.00105865798
 -0.0010586568
 -0.0010586553
 -0.00105865342
 -0.00105865105
 -0.00105864806
 -0.0010586443
 -0.00105863957
 -0.0010586336
 -0.00105862608
 -0.00105861659
 -0.00105860464
 -0.00105858956
 -0.00105857053
 -0.00105854649
 -0.00105851611
 -0.00105847768
 -0.00105842899
 -0.00105836723
 -0.00105828871
 -0.00105818867
 -0.00105806084
 -0.00105789691
 -0.00105768578
 -0.00105741245
 -0.00105705644
 -0.00105658936
 -0.00105597145
 -0.00105514623
 -0.0010540325
 -0.00105251204
 -0.00105041093
 -0.00104747073
 -0.00104330436
 -0.0010373285
 -0.00102866063
 -0.00101596424
 -0.00099722068
 -0.000969405272
 -0.000928057824
 -0.000866790354
 -0.000776924872
 -0.00064781521
 -0.000469144243
 -0.000237630697
  2.88491055E-05
  0.000271142084
  0.000383973289
  0.000284382088
  7.71585685E-05
  3.25176116E-05
