Data pattern: pass3/*/AliESDs.root
Grid data dir: /alice/data/2018/LHC18q
Number of input files: 0
Run prefix: 000
296623
296622
296621
296619
296618
296616
296615
296594
296553
296552
296551
296550
296548
296547
296516
296512
296511
296510
296509
296472
296433
296424
296423
296420
296419
296415
296414
296383
296381
296380
296379
296378
296377
296376
296375
296312
296309
296304
296303
296280
296279
296273
296270
296269
296247
296246
296244
296243
296242
296241
296240
296198
296197
296196
296195
296194
296192
296191
296143
296142
296135
296134
296133
296132
296123
296074
296066
296065
296063
296062
296060
296016
295942
295941
295937
295936
295913
295910
295909
295861
295860
295859
295856
295855
295854
295853
295831
295829
295826
295825
295822
295819
295818
295816
295791
295788
295786
295763
295762
295759
295758
295755
295754
295725
295723
295721
295719
295718
295717
295714
295712
295676
295675
295673
295668
295667
295666
295615
295612
295611
295610
295589
295588
295586
295585
297595
297590
297588
297558
297544
297542
297541
297540
297537
297512
297483
297479
297452
297451
297450
297446
297442
297441
297415
297414
297413
297406
297405
297380
297379
297372
297367
297366
297363
297336
297335
297333
297332
297317
297311
297310
297278
297222
297221
297218
297196
297195
297193
297133
297132
297129
297128
297124
297123
297119
297118
297117
297085
297035
297031
296966
296941
296938
296935
296934
296932
296931
296930
296903
296900
296899
296894
296852
296851
296850
296848
296839
296838
296836
296835
296799
296794
296793
296790
296787
296786
296785
296784
296781
296752
296694
296693
296691
296690



