BASE=/alice/sim/2012/LHC12a4
PREFIX=
DATA_PATTERN=AliESDs.root
RUNS
114931
115186
115193
115393
115401
115414
116102
116288
116402
116403
116562
116571
116574
116643
116645
117048
117050
117052
117053
117054
117059
117060
117063
117065
117077
117086
117092
117099
117109
117112
117116
117220
117222
119159
119161
119163
119841
119842
119844
119845
119846
119849
119853
119856
119859
119862
120067
120069
120072
120073
120076
120079
120244
120503
120504
120505
120616
120617
120671
120741
120750
120758
120820
120821
120822
120823
120824
120825
120829
122374
122375
124751
125023
125085
125097
125100
125101
125134
125296
125630
125632
125633
125842
125843
125844
125847
125848
125849
125850
125851
125855
126004
126007
126008
126073
126078
126081
126082
126088
126090
126097
126158
126160
126167
126168
126283
126284
126285
126351
126352
126359
126403
126404
126405
126406
126407
126408
126409
126422
126424
126425
126432
126437
127940
128777
128778
128913
129599
129639
129641
129654
129659
129666
129667
129723
129725
129726
129729
129735
129736
129738
129742
129744
129959
129960
129961
129983
130149
130157
130158
130172
130178
130179
130342
130343
130354
130356
130480
130517
130519
130620
130623
130628
130696
130704
130793
130795
130798
130799
130834
130840
