 39 0.427
 38 0.384
 37 0.391
 36 0.537
 35 0.489
 34 0.491
 33 0.453
 32 0.473
 47 0.680
 46 0.756
 45 0.746
 44 0.750
 43 0.839
 42 0.693
 41 0.776
 40 0.543
 55 0.561
 54 0.907
 53 0.827
 52 0.825
 51 0.880
 50 0.958
 49 0.991
 48 0.872
 63 0.936
 62 0.912
 61 0.808
 60 1.068
 59 0.981
 58 0.938
 57 0.982
 56 1.163
 7 1.176
 6 1.139
 5 1.212
 4 1.191
 3 1.218
 2 1.430
 1 1.452
 0 1.463
 15 1.140
 14 1.064
 13 1.076
 12 1.088
 11 1.221
 10 1.102
 9 1.304
 8 1.148
 23 1.252
 22 1.087
 21 1.186
 20 0.951
 19 1.144
 18 1.135
 17 1.458
 16 1.264
 31 1.178
 30 1.200
 29 1.547
 28 1.336
 27 1.606
 26 1.206
 25 1.363
 24 1.274
