    .9  6.2495494 -1.1316569   .524955E+01
   1.0  5.6275444 -1.0184911   .462754E+01
   1.1  5.1210909  -.9259011   .412109E+01
   1.2  4.7016978  -.8487425   .370170E+01
   1.3  4.3537674  -.7834547   .335377E+01
   1.4  4.0524879  -.7274936   .305249E+01
   1.5  3.7980638  -.6789940   .279806E+01
   1.6  3.5761476  -.6365569   .257615E+01
   1.7  3.3819301  -.5991124   .238193E+01
   1.8  3.2126260  -.5658283   .221263E+01
   1.9  3.0637310  -.5360479   .206373E+01
   2.0  2.9282858  -.5092455   .192829E+01
   2.5  2.4370999  -.4073964   .143710E+01
   3.0  2.1253693  -.3394970   .112537E+01
   3.5  1.9134997  -.2909974   .913500E+00
   4.0  1.7627873  -.2546228   .762787E+00
   4.5  1.6487057  -.2263314   .648706E+00
   5.0  1.5598893  -.2036982   .559889E+00
   5.5  1.4887558  -.1851802   .488756E+00
   6.0  1.4328592  -.1697485   .432859E+00
   6.5  1.3842264  -.1566909   .384226E+00
   7.0  1.3453374  -.1454987   .345337E+00
   7.5  1.3117952  -.1357988   .311795E+00
   8.0  1.2822607  -.1273114   .282261E+00
   8.5  1.2572515  -.1198225   .257252E+00
   9.0  1.2355344  -.1131657   .235534E+00
   9.5  1.2166466  -.1072096   .216647E+00
  10.0  1.1987591  -.1018491   .198759E+00
  10.5  1.1833911  -.0969992   .183391E+00
  11.0  1.1696334  -.0925901   .169633E+00
  11.5  1.1573753  -.0885644   .157375E+00
  12.0  1.1463565  -.0848743   .146356E+00
  12.5  1.1360512  -.0814793   .136051E+00
  13.0  1.1274860  -.0783455   .127486E+00
  13.5  1.1195526  -.0754438   .119553E+00
  14.0  1.1117744  -.0727494   .111774E+00
  14.5  1.1047229  -.0702408   .104723E+00
  15.0  1.0981473  -.0678994   .981473E-01
  15.5  1.0917964  -.0657091   .917964E-01
  16.0  1.0865951  -.0636557   .865951E-01
  16.5  1.0818563  -.0617267   .818563E-01
  17.0  1.0775609  -.0599112   .775609E-01
  17.5  1.0736095  -.0581995   .736095E-01
  18.0  1.0699580  -.0565828   .699580E-01
  18.5  1.0668931  -.0550536   .668931E-01
  19.0  1.0637350  -.0536048   .637350E-01
  19.5  1.0604217  -.0522303   .604217E-01
  20.0  1.0573883  -.0509246   .573883E-01
  22.0  1.0470135  -.0462951   .470135E-01
  24.0  1.0398237  -.0424371   .398237E-01
  26.0  1.0341264  -.0391727   .341264E-01
  28.0  1.0292728  -.0363747   .292728E-01
  30.0  1.0250802  -.0339497   .250802E-01
  32.0  1.0218179  -.0318278   .218179E-01
  34.0  1.0191730  -.0299556   .191730E-01
  36.0  1.0175055  -.0282914   .175055E-01
  38.0  1.0159765  -.0268024   .159765E-01
  40.0  1.0144980  -.0254623   .144980E-01
  42.0  1.0131806  -.0242498   .131806E-01
  44.0  1.0121014  -.0231475   .121014E-01
  46.0  1.0111245  -.0221411   .111245E-01
  48.0  1.0103003  -.0212186   .103003E-01
  50.0  1.0095189  -.0203698   .951886E-02
  52.0  1.0088065  -.0195864   .880647E-02
  54.0  1.0081763  -.0188609   .817633E-02
  56.0  1.0075525  -.0181873   .755250E-02
  58.0  1.0069938  -.0175602   .699377E-02
  60.0  1.0064970  -.0169749   .649703E-02
  62.0  1.0060643  -.0164273   .606430E-02
  64.0  1.0055929  -.0159139   .559294E-02
  66.0  1.0052457  -.0154317   .524569E-02
  68.0  1.0049011  -.0149778   .490105E-02
  70.0  1.0045326  -.0145499   .453258E-02
  72.0  1.0043347  -.0141457   .433469E-02
  74.0  1.0040251  -.0137634   .402510E-02
  76.0  1.0037770  -.0134012   .377703E-02
  78.0  1.0035294  -.0130576   .352943E-02
  80.0  1.0032811  -.0127311   .328112E-02
  82.0  1.0030285  -.0124206   .302851E-02
  84.0  1.0027984  -.0121249   .279844E-02
  86.0  1.0026129  -.0118429   .261295E-02
  88.0  1.0024201  -.0115738   .242007E-02
  90.0  1.0022247  -.0113166   .222468E-02
  92.0  1.0020593  -.0110706   .205934E-02
  94.0  1.0018966  -.0108350   .189662E-02
  96.0  1.0017405  -.0106093   .174046E-02
  98.0  1.0015849  -.0103928   .158489E-02
 100.0  1.0014641  -.0101849   .146413E-02
 102.0  1.0013089  -.0099852   .130892E-02
 104.0  1.0012120  -.0097932   .121200E-02
 106.0  1.0011622  -.0096084   .116217E-02
 108.0  1.0011179  -.0094305   .111794E-02
 110.0  1.0010791  -.0092590   .107908E-02
 112.0  1.0010254  -.0090937   .102544E-02
 114.0  1.0010016  -.0089341   .100160E-02
 116.0  1.0009592  -.0087801   .959158E-03
 118.0  1.0009115  -.0086313   .911474E-03
 120.0  1.0008804  -.0084874   .880361E-03
 122.0  1.0008411  -.0083483   .841141E-03
 124.0  1.0008107  -.0082136   .810742E-03
 126.0  1.0007914  -.0080833   .791430E-03
 128.0  1.0007646  -.0079570   .764608E-03
 130.0  1.0007366  -.0078345   .736594E-03
 132.0  1.0007013  -.0077158   .701308E-03
 134.0  1.0006717  -.0076007   .671744E-03
 136.0  1.0006572  -.0074889   .657201E-03
 138.0  1.0006341  -.0073804   .634074E-03
 140.0  1.0006095  -.0072749   .609517E-03
 142.0  1.0005925  -.0071725   .592470E-03
 144.0  1.0005810  -.0070729   .581026E-03
 146.0  1.0005699  -.0069760   .569940E-03
 148.0  1.0005424  -.0068817   .542402E-03
 150.0  1.0005214  -.0067899   .521421E-03
 152.0  1.0004997  -.0067006   .499725E-03
 154.0  1.0004804  -.0066136   .480413E-03
 156.0  1.0004733  -.0065288   .473261E-03
 158.0  1.0004429  -.0064461   .442863E-03
 160.0  1.0004312  -.0063656   .431180E-03
 162.0  1.0004168  -.0062870   .416756E-03
 164.0  1.0004021  -.0062103   .402093E-03
 166.0  1.0003849  -.0061355   .384927E-03
 168.0  1.0003736  -.0060624   .373602E-03
 170.0  1.0003552  -.0059911   .355244E-03
 172.0  1.0003444  -.0059215   .344396E-03
 174.0  1.0003335  -.0058534   .333548E-03
 176.0  1.0003123  -.0057869   .312328E-03
 178.0  1.0003060  -.0057219   .306010E-03
 180.0  1.0002925  -.0056583   .292540E-03
 182.0  1.0002849  -.0055961   .284910E-03
 184.0  1.0002669  -.0055353   .266910E-03
 186.0  1.0002522  -.0054758   .252247E-03
 188.0  1.0002493  -.0054175   .249267E-03
 190.0  1.0002376  -.0053605   .237584E-03
 192.0  1.0002207  -.0053046   .220656E-03
 194.0  1.0002095  -.0052500   .209451E-03
 196.0  1.0002019  -.0051964   .201941E-03
 198.0  1.0001949  -.0051439   .194907E-03
 200.0  1.0001847  -.0050925   .184655E-03
 205.0  1.0001583  -.0049682   .158310E-03
 210.0  1.0001485  -.0048500   .148535E-03
 215.0  1.0001435  -.0047372   .143528E-03
 220.0  1.0001383  -.0046295   .138283E-03
 225.0  1.0001308  -.0045266   .130773E-03
 230.0  1.0001259  -.0044282   .125885E-03
 235.0  1.0001196  -.0043340   .119567E-03
 240.0  1.0001112  -.0042437   .111222E-03
 245.0  1.0001068  -.0041571   .106812E-03
 250.0  1.0001037  -.0040740   .103712E-03
 255.0  1.0001006  -.0039941   .100613E-03
 260.0  1.0000938  -.0039173   .938177E-04
 265.0  1.0000896  -.0038434   .896454E-04
 270.0  1.0000836  -.0037722   .835657E-04
 275.0  1.0000819  -.0037036   .818968E-04
 280.0  1.0000781  -.0036375   .780821E-04
 285.0  1.0000733  -.0035737   .733137E-04
 290.0  1.0000707  -.0035120   .706911E-04
 295.0  1.0000670  -.0034525   .669956E-04
 300.0  1.0000652  -.0033950   .652075E-04
 305.0  1.0000623  -.0033393   .623465E-04
 310.0  1.0000592  -.0032855   .592470E-04
 315.0  1.0000566  -.0032333   .566244E-04
 320.0  1.0000544  -.0031828   .543594E-04
 325.0  1.0000503  -.0031338   .503063E-04
 330.0  1.0000470  -.0030863   .469685E-04
 335.0  1.0000454  -.0030403   .454187E-04
 340.0  1.0000435  -.0029956   .435114E-04
 345.0  1.0000420  -.0029521   .419617E-04
 350.0  1.0000395  -.0029100   .394583E-04
 355.0  1.0000372  -.0028690   .371933E-04
 360.0  1.0000350  -.0028291   .350475E-04
 365.0  1.0000325  -.0027904   .325441E-04
 370.0  1.0000315  -.0027527   .314713E-04
 375.0  1.0000304  -.0027160   .303984E-04
 380.0  1.0000293  -.0026802   .293255E-04
 385.0  1.0000268  -.0026454   .268221E-04
 390.0  1.0000257  -.0026115   .257492E-04
 395.0  1.0000241  -.0025785   .240803E-04
 400.0  1.0000226  -.0025462   .226498E-04
 405.0  1.0000213  -.0025148   .213385E-04
 410.0  1.0000199  -.0024841   .199080E-04
 415.0  1.0000187  -.0024542   .187159E-04
 420.0  1.0000182  -.0024250   .182390E-04
 425.0  1.0000186  -.0023964   .185966E-04
 430.0  1.0000181  -.0023686   .181198E-04
 435.0  1.0000174  -.0023414   .174046E-04
 440.0  1.0000178  -.0023148   .177622E-04
 445.0  1.0000173  -.0022887   .172853E-04
 450.0  1.0000159  -.0022633   .158548E-04
 455.0  1.0000156  -.0022384   .156164E-04
 460.0  1.0000156  -.0022141   .156164E-04
 465.0  1.0000150  -.0021903   .150204E-04
 470.0  1.0000145  -.0021670   .145435E-04
 475.0  1.0000144  -.0021442   .144243E-04
 480.0  1.0000137  -.0021219   .137091E-04
 485.0  1.0000137  -.0021000   .137091E-04
 490.0  1.0000135  -.0020786   .134706E-04
 495.0  1.0000130  -.0020576   .129938E-04
 500.0  1.0000130  -.0020370   .129938E-04
 510.0  1.0000128  -.0019970   .127554E-04
 520.0  1.0000119  -.0019586   .119209E-04
 530.0  1.0000113  -.0019217   .113249E-04
 540.0  1.0000108  -.0018861   .108480E-04
 550.0  1.0000100  -.0018518   .100136E-04
 560.0  1.0000094  -.0018187   .941753E-05
 570.0  1.0000088  -.0017868   .882149E-05
 580.0  1.0000087  -.0017560   .870228E-05
 590.0  1.0000082  -.0017263   .822544E-05
 600.0  1.0000080  -.0016975   .798702E-05
 610.0  1.0000073  -.0016697   .727177E-05
 620.0  1.0000075  -.0016427   .751019E-05
 630.0  1.0000069  -.0016167   .691414E-05
 640.0  1.0000062  -.0015914   .619888E-05
 650.0  1.0000060  -.0015669   .596046E-05
 660.0  1.0000057  -.0015432   .572205E-05
 670.0  1.0000060  -.0015201   .596046E-05
 680.0  1.0000050  -.0014978   .500679E-05
 690.0  1.0000051  -.0014761   .512600E-05
 700.0  1.0000049  -.0014550   .488758E-05
 710.0  1.0000044  -.0014345   .441074E-05
 720.0  1.0000042  -.0014146   .417233E-05
 730.0  1.0000039  -.0013952   .393391E-05
 740.0  1.0000041  -.0013763   .405312E-05
 750.0  1.0000036  -.0013580   .357628E-05
 760.0  1.0000035  -.0013401   .345707E-05
 770.0  1.0000033  -.0013227   .333786E-05
 780.0  1.0000032  -.0013058   .321865E-05
 790.0  1.0000029  -.0012892   .286102E-05
 800.0  1.0000026  -.0012731   .262260E-05
 810.0  1.0000024  -.0012574   .238419E-05
 820.0  1.0000023  -.0012421   .226498E-05
 830.0  1.0000024  -.0012271   .238419E-05
 840.0  1.0000024  -.0012125   .238419E-05
 850.0  1.0000021  -.0011982   .214577E-05
 860.0  1.0000020  -.0011843   .202656E-05
 870.0  1.0000020  -.0011707   .202656E-05
 880.0  1.0000020  -.0011574   .202656E-05
 890.0  1.0000020  -.0011444   .202656E-05
 900.0  1.0000019  -.0011317   .190735E-05
 910.0  1.0000019  -.0011192   .190735E-05
 920.0  1.0000019  -.0011071   .190735E-05
 930.0  1.0000015  -.0010952   .154972E-05
 940.0  1.0000018  -.0010835   .178814E-05
 950.0  1.0000017  -.0010721   .166893E-05
 960.0  1.0000018  -.0010609   .178814E-05
 970.0  1.0000017  -.0010500   .166893E-05
 980.0  1.0000015  -.0010393   .154972E-05
 990.0  1.0000017  -.0010288   .166893E-05
1000.0  1.0000015  -.0010185   .154972E-05
1100.0  1.0000011  -.0009259   .107288E-05
1200.0  1.0000008  -.0008487   .834465E-06
1300.0  1.0000007  -.0007835   .715256E-06
1400.0  1.0000005  -.0007275   .476837E-06
1500.0  1.0000002  -.0006790   .238419E-06
1600.0  1.0000002  -.0006366   .238419E-06
1700.0  1.0000002  -.0005991   .238419E-06
1800.0  1.0000001  -.0005658   .119209E-06
1900.0  1.0000001  -.0005360   .119209E-06
2000.0  1.0000001  -.0005092   .119209E-06
2100.0  1.0000001  -.0004850   .119209E-06
2200.0  1.0000001  -.0004630   .119209E-06
2300.0  1.0000001  -.0004428   .119209E-06
2400.0  1.0000000  -.0004244   .000000E+00
2500.0  1.0000000  -.0004074   .000000E+00
2600.0  1.0000000  -.0003917   .000000E+00
2700.0  1.0000000  -.0003772   .000000E+00
2800.0  1.0000000  -.0003637   .000000E+00
2900.0  1.0000000  -.0003512   .000000E+00
3000.0  1.0000000  -.0003395   .000000E+00
3100.0   .9999999  -.0003285  -.596046E-07
3200.0   .9999999  -.0003183  -.596046E-07
3300.0  1.0000000  -.0003086   .000000E+00
3400.0   .9999999  -.0002996  -.119209E-06
3500.0   .9999999  -.0002910  -.596046E-07
3600.0  1.0000000  -.0002829   .000000E+00
3700.0   .9999999  -.0002753  -.596046E-07
3800.0   .9999999  -.0002680  -.119209E-06
3900.0   .9999999  -.0002612  -.596046E-07
4000.0   .9999999  -.0002546  -.596046E-07
4100.0   .9999999  -.0002484  -.596046E-07
4200.0   .9999999  -.0002425  -.119209E-06
4300.0   .9999999  -.0002369  -.596046E-07
4400.0   .9999999  -.0002315  -.119209E-06
4500.0   .9999999  -.0002263  -.119209E-06
4600.0   .9999999  -.0002214  -.596046E-07
4700.0   .9999999  -.0002167  -.119209E-06
4800.0   .9999999  -.0002122  -.119209E-06
4900.0   .9999999  -.0002079  -.119209E-06
5000.0   .9999999  -.0002037  -.596046E-07

