    200553  Upsilon"                            0  0  0    10.3552     0.00000     0.00000  0.00000E+00  0  1
              1    0    0.018100        11       -11         0         0         0
              1    0    0.018100        13       -13         0         0         0
              1    0    0.018100        15       -15         0         0         0
              1   32    0.008000         1        -1         0         0         0
              1   32    0.024000         2        -2         0         0         0
              1   32    0.008000         3        -3         0         0         0
              1   32    0.024000         4        -4         0         0         0
              1    4    0.414100        21        21        21         0         0
              1    4    0.020000        22        21        21         0         0
              1    0    0.028000    100553       211      -211         0         0
              1    0    0.020000    100553       111       111         0         0
              1    0    0.050000    100553        22        22         0         0
              1    0    0.048000       553       211      -211         0         0
              1    0    0.020600       553       111       111         0         0
              1    0    0.054000     10551        22         0         0         0
              1    0    0.113000     20553        22         0         0         0
              1    0    0.114000       555        22         0         0         0
      3124  Lambda1520        Lambda1520bar     0  0  1    1.5195      0.01560     0.06240  0.00000E+00  0  1
              1    0    1.0           2212      -321         0         0         0
       223  omega                               0  0  0    0.78194     0.00843     0.10000  0.00000E+00  0  1
              1    1    0.892380       211      -211       111                                             
              1    0    0.089000        22       111                                                             
              1    3    0.017000       211      -211 
              1    0    0.000490       221        22                                                           
              1    0    0.000070       111       111        22                                           
              1    0    0.000080        11       -11                                                     
              1    0    0.000080        13       -13                                                     	
              1    0    0.000100       111        13       -13                                                     	
              1    0    0.000800       111        11       -11                                                     		
      4122  Lambda_c+       Lambda_cbar-        3  0  1    2.28490     0.00000     0.00000   6.18000E-02 0  1
              1    0    0.008600      2224      -321
              1    0    0.018000      3124       211
              1    0    0.016000      2212      -313
              1    0    0.028000      2212      -321       211
       421  D0              Dbar0               0  0  1    1.86450     0.00000     0.00000   1.24400E-01 0  1
              1    0    0.038000      -321       211         0         0
              1    0    0.064000      -321       211       113         0
              1    0    0.018000      -321       211       211      -211
