Data pattern: *ESDs/pass2/*/AliESDs.root
Grid data dir: /alice/data/2010/LHC10h
Number of input files: 0
Run prefix: 000
>137161
>137162
>137231
>137232
>137235
137236
137243
137366
137430
137431
# 137432
# 137434
# 137439
137440
137441
137443
137530
137531
137539
137541
137544
137546
137549
137595
137608
137638
137639
137685
137686
137691
137692
137693
137704
137718
137722
137724
137751
137752
137844
137848
138190
138192
138197
138201
138225
138275
138364
138396
138438
138439
138442
138469
138534
138578
138579
138582
138583
138621
138624
138638
138652
138653
138662
138666
138730
138732
138837
138870
138871
138872
139028
139029
139036
139037
139038
139105
139107
139173
139309
139310
139314
139328
139329
139360
139437
139438
139465
139503
139505
139507
139510
