BASE=/alice/data/2010/LHC10h
PREFIX=000
DATA_PATTERN=*ESDs/pass2/AOD073/*AliAOD.root
RUNS
137124
137125
137132
137133
137135
137136
137137
137161
137162
137163
137165
137230
137231
137232
137235
137236
137243
137365
137366
137370
137430
137431
137432
137434
137439
137440
137441
137443
137530
137531
137546
137638
137639
137685
137689
137693
137718
137724
137843
137847
137848
138150
138154
138190
138438
138469
138533
138582
138637
138652
138730
138731
138732
138742
138826
138828
138830
138870
138871
138872
138977
138980
139028
139029
139030
139031
139034
139036
139105
139308
139309
139310
139311
139316
139360
139438
139439
139440
139470
139503
139504
139505
139510
139511
139513
139514
