10000 1.59 -0.20 -0.34
10001 0.75 -0.50 45.39
10002 2.06 -0.41 91.17
10003 1.11 -0.47 136.55
10004 2.01 0.86 182.31
10005 1.96 -0.53 226.92
10006 1.60 -0.33 272.69
10007 1.55 -0.38 318.25
10008 1.32 -0.60 363.74
10009 1.40 0.43 409.10
10010 1.83 -0.28 454.23
10011 0.23 -0.31 499.42
10012 1.45 -0.12 545.45
10013 0.80 -0.07 590.91
10014 1.20 -0.39 636.09
10015 0.25 -0.38 681.22
10016 0.45 -0.19 726.73
10017 1.13 -0.07 772.27
10018 1.10 -0.45 817.25
10019 0.67 -0.15 863.99
10020 0.08 -0.15 909.64
10021 -0.09 0.12 954.33
10022 -0.27 -0.62 999.89
10023 -0.41 -0.29 1044.67
10024 1.30 -0.33 1090.49
10025 1.17 -0.17 1136.29
10026 1.28 -0.43 1182.37
10027 0.44 -0.11 1228.57
11000 160.17 -0.33 21.93
11001 159.75 -0.43 67.47
11002 160.33 0.30 112.72
11003 159.30 -0.14 157.91
11004 160.31 0.39 203.13
11005 159.55 -0.44 248.82
11006 159.71 -0.19 293.84
11007 159.99 -0.06 340.02
11008 159.96 -0.33 385.50
11009 159.65 0.19 431.08
11010 160.36 -0.23 476.47
11011 158.64 -0.45 521.70
11012 160.02 -0.33 567.03
11013 159.46 0.18 613.01
11014 159.95 -0.49 657.85
11015 158.38 -0.25 703.22
11016 159.00 -0.41 748.16
11017 160.07 1.00 793.54
11018 159.03 0.04 839.35
11019 159.64 -0.29 885.98
11020 158.30 0.07 931.20
11021 158.60 0.03 976.54
11022 158.18 -0.23 1021.54
11023 158.84 -0.71 1067.24
11024 159.07 -0.34 1112.42
11025 158.85 -0.49 1158.58
11026 159.40 -0.40 1204.28
11027 159.25 -0.39 1249.80
12000 182.90 -0.16 -0.15
12001 182.95 0.07 44.71
12002 182.56 0.03 90.16
12003 182.03 0.28 136.00
12004 183.19 0.06 182.38
12005 182.94 -0.27 227.56
12006 181.46 -0.17 273.20
12007 182.41 0.01 318.59
12008 182.58 -0.07 363.70
12009 182.44 0.22 408.88
12010 183.56 -0.03 455.30
12011 182.57 -0.13 500.86
12012 182.99 -0.16 546.38
12013 181.84 -0.21 591.66
12014 182.36 -0.21 637.10
12015 181.98 -0.10 683.03
12016 181.76 -0.20 728.11
12017 182.15 0.14 773.54
12018 181.07 0.64 818.80
12019 181.69 0.01 864.85
12020 181.52 -0.53 910.35
12021 181.12 0.09 955.42
12022 181.13 -0.36 1000.73
12023 182.83 1.16 1045.82
12024 181.35 0.48 1091.53
12025 181.12 -0.13 1136.65
12026 181.46 -0.01 1182.66
12027 181.77 0.28 1228.63
13000 340.95 0.15 22.52
13001 341.68 -0.25 68.03
13002 340.53 0.14 113.70
13003 340.50 -0.30 158.88
13004 340.96 0.06 205.02
13005 341.37 -0.07 250.54
13006 340.94 -0.23 295.67
13007 340.32 -0.16 341.36
13008 340.06 -0.45 386.59
13009 340.03 -0.23 431.98
13010 341.57 -0.06 478.03
13011 340.78 -0.23 523.72
13012 340.67 -0.64 568.18
13013 340.80 -0.74 613.98
13014 340.47 -0.32 659.21
13015 340.49 -0.15 704.35
13016 339.79 -0.05 749.56
13017 340.32 -0.43 795.64
13018 339.37 -0.47 841.14
13019 339.95 -0.40 886.46
13020 340.06 -0.20 931.85
13021 339.92 -0.03 977.23
13022 339.28 -0.22 1022.78
13023 339.64 -0.20 1068.26
13024 340.38 -0.39 1113.98
13025 339.04 -0.23 1159.33
13026 339.81 -0.49 1205.10
13027 339.21 -0.39 1251.20
14000 363.63 -0.35 -0.94
14001 363.97 0.45 44.75
14002 364.25 -0.42 90.33
14003 362.96 -0.28 136.45
14004 362.79 -0.46 182.07
14005 363.66 -0.18 228.11
14006 363.80 -0.73 273.31
14007 362.88 -0.15 318.85
14008 363.31 0.07 364.16
14009 362.60 -0.31 409.50
14010 363.85 -0.44 454.66
14011 363.83 -0.50 500.17
14012 363.41 -0.67 545.92
14013 363.16 -0.33 591.48
14014 363.08 -0.14 636.70
14015 362.49 0.11 681.95
14016 362.61 0.00 728.18
14017 363.32 -0.41 773.34
14018 361.81 -0.36 819.11
14019 362.89 -0.32 864.05
14020 362.76 -0.25 909.31
14021 362.09 -0.22 954.45
14022 361.85 0.39 1000.74
14023 362.53 0.05 1045.72
14024 362.40 -0.14 1091.17
14025 361.92 -0.22 1136.60
14026 362.31 -0.17 1182.66
14027 361.65 -0.39 1228.98
15000 521.77 -0.48 20.81
15001 521.52 -0.45 66.16
15002 522.98 -0.38 111.95
15003 520.93 -0.18 158.57
15004 520.99 -0.65 204.03
15005 521.80 -0.36 249.30
15006 521.58 -0.70 295.12
15007 521.34 -0.16 340.47
15008 521.24 -0.21 386.00
15009 521.24 -0.64 431.76
15010 521.50 -0.29 477.13
15011 521.50 -0.38 522.96
15012 520.99 -0.61 568.56
15013 521.13 -0.59 614.00
15014 521.60 -0.39 659.20
15015 520.70 -0.41 704.27
15016 521.07 -0.22 750.52
15017 521.30 -0.33 796.08
15018 520.57 -0.77 841.37
15019 520.85 -0.15 886.54
15020 520.60 -0.50 931.64
15021 520.40 -0.07 977.18
15022 520.10 0.78 1022.48
15023 519.51 -0.43 1067.92
15024 520.35 -0.44 1113.68
15025 519.45 -0.49 1159.74
15026 519.56 -0.65 1205.17
15027 519.94 0.24 1251.14
16000 543.77 0.19 0.66
16001 544.45 0.15 46.21
16002 545.02 -0.38 91.28
16003 543.46 -0.37 136.57
16004 543.72 -0.58 181.81
16005 544.62 -0.41 226.98
16006 544.05 -0.66 273.63
16007 544.92 -0.42 318.64
16008 544.03 -0.06 364.26
16009 543.42 -0.64 410.15
16010 544.00 1.21 455.38
16011 543.63 -0.43 501.37
16012 543.45 -0.37 547.39
16013 543.52 -0.25 592.13
16014 544.06 -0.06 638.00
16015 543.55 -0.23 682.82
16016 543.38 -0.53 727.95
16017 544.14 -0.22 773.69
16018 543.39 -0.29 819.16
16019 543.23 -0.28 864.85
16020 543.43 -0.31 910.32
16021 543.31 -0.56 955.72
16022 542.66 -0.43 1000.91
16023 542.06 -0.49 1046.20
16024 543.21 -0.04 1091.75
16025 542.94 -0.36 1137.36
16026 542.44 -0.26 1183.48
16027 542.29 -0.28 1229.11
17000 702.46 -0.43 21.66
17001 702.80 -0.73 67.49
17002 703.26 -0.57 112.88
17003 703.09 -0.47 158.44
17004 702.35 -0.35 204.25
17005 702.87 -0.29 249.11
17006 702.90 -0.85 294.81
17007 702.90 0.80 340.63
17008 701.58 -0.49 385.88
17009 701.82 -0.48 431.12
17010 701.64 -0.05 476.99
17011 702.11 0.19 522.35
17012 701.62 -0.63 568.29
17013 703.05 -0.50 613.17
17014 702.19 0.11 660.12
17015 701.99 -0.68 705.28
17016 701.73 -0.69 750.71
17017 702.09 0.41 796.49
17018 701.51 0.02 841.36
17019 701.33 -0.40 888.20
17020 701.50 -0.53 933.55
17021 701.62 -0.32 978.56
17022 701.26 0.10 1024.16
17023 700.79 -0.39 1069.08
17024 701.18 -0.50 1114.65
17025 701.44 0.80 1159.85
17026 700.25 -0.01 1205.92
17027 700.32 -0.37 1251.85
18000 725.37 -1.04 0.12
18001 725.65 -0.72 45.84
18002 725.94 -0.42 91.07
18003 725.44 -0.71 136.27
18004 725.08 -0.38 181.79
18005 724.88 -0.65 227.40
18006 724.82 -0.40 272.57
18007 725.22 -0.42 318.83
18008 724.53 -0.13 364.25
18009 724.62 -0.28 409.23
18010 724.00 -0.38 454.09
18011 725.01 -0.12 500.08
18012 724.18 -0.56 545.32
18013 725.17 -0.62 590.93
18014 724.23 -0.40 636.13
18015 724.61 -0.43 681.78
18016 724.26 -0.40 727.23
18017 724.25 -0.48 772.59
18018 724.24 -0.50 817.74
18019 723.45 -0.48 863.08
18020 724.55 -0.11 908.40
18021 724.22 -0.45 953.77
18022 723.51 0.00 999.30
18023 723.69 -0.52 1044.82
18024 723.76 -0.58 1090.15
18025 724.15 -0.38 1136.10
18026 722.62 0.67 1182.07
18027 724.11 -0.32 1227.76
19000 884.04 -0.89 20.89
19001 883.58 -0.82 67.08
19002 884.06 -0.75 112.34
19003 883.91 -0.39 157.43
19004 882.77 -0.29 203.35
19005 883.08 -0.41 249.19
19006 883.45 -0.59 294.86
19007 883.31 -0.69 340.09
19008 884.05 -0.53 385.17
19009 884.01 -0.40 430.48
19010 882.09 -0.35 476.52
19011 883.64 -1.00 521.38
19012 882.52 -0.41 567.04
19013 883.84 -0.37 612.25
19014 882.00 -0.35 657.69
19015 883.49 -0.82 703.19
19016 882.82 -0.21 748.73
19017 882.07 -0.53 794.31
19018 882.60 0.01 839.51
19019 881.76 0.02 884.97
19020 883.01 -0.39 930.93
19021 882.26 -0.37 976.44
19022 881.68 -0.40 1021.74
19023 881.43 -0.55 1066.90
19024 881.58 -0.11 1112.29
19025 882.76 -0.13 1158.45
19026 880.81 0.05 1204.12
19027 882.78 -0.16 1250.03
20000 906.30 -0.98 -0.65
20001 905.83 -0.13 45.25
20002 906.45 -0.79 91.49
20003 906.31 0.11 137.94
20004 905.61 -0.50 183.67
20005 905.29 -0.60 229.15
20006 906.22 -0.35 274.36
20007 905.73 -0.43 319.91
20008 905.89 -0.77 365.31
20009 906.57 -0.59 410.74
20010 905.74 -0.42 456.22
20011 907.14 -0.99 501.46
20012 905.73 0.70 546.94
20013 905.86 0.07 592.02
20014 905.38 -0.19 637.24
20015 905.51 -0.28 683.05
20016 905.06 -0.13 728.37
20017 904.69 -0.42 773.90
20018 905.22 -0.18 819.20
20019 905.28 -0.28 864.69
20020 905.74 -0.22 909.88
20021 904.40 0.43 955.57
20022 903.85 -0.35 1000.76
20023 904.21 -0.44 1046.25
20024 904.37 -0.56 1091.53
20025 905.07 -0.31 1137.32
20026 904.50 -0.15 1183.02
20027 904.88 0.83 1228.66
21000 1064.50 -1.00 21.77
21001 1063.83 -0.95 67.64
21002 1064.43 -0.90 113.24
21003 1064.65 -0.47 159.51
21004 1063.35 -0.90 205.59
21005 1063.91 -0.72 250.92
21006 1064.64 -0.79 296.14
21007 1063.98 -0.58 341.03
21008 1064.46 -0.78 386.96
21009 1064.18 -0.67 432.74
21010 1064.14 -0.67 478.35
21011 1064.58 -0.76 523.91
21012 1063.24 -0.71 569.52
21013 1064.01 -0.48 615.13
21014 1064.21 -0.43 660.08
21015 1063.81 -0.49 705.66
21016 1063.17 -0.62 750.76
21017 1063.12 -0.64 795.75
21018 1063.37 -0.62 840.87
21019 1063.63 -0.12 886.51
21020 1064.38 -0.69 931.96
21021 1063.08 -0.32 977.83
21022 1062.69 -0.69 1022.93
21023 1062.36 -0.46 1068.01
21024 1063.14 -0.21 1114.00
21025 1062.70 -0.15 1158.82
21026 1062.39 -0.38 1204.94
21027 1065.14 2.04 1250.33
22000 1086.71 -1.14 -1.65
22001 1086.29 -0.81 43.75
22002 1087.33 -1.30 89.17
22003 1087.04 -1.21 135.34
22004 1086.93 -0.96 180.92
22005 1086.04 -0.25 226.26
22006 1086.70 -0.88 270.97
22007 1086.92 -0.42 317.23
22008 1087.15 -0.69 362.39
22009 1086.86 -0.62 407.47
22010 1086.88 -1.16 453.15
22011 1087.16 -0.64 498.27
22012 1086.58 -0.62 543.83
22013 1086.14 -0.52 589.06
22014 1086.55 -0.85 634.16
22015 1086.25 -0.70 681.65
22016 1085.77 -0.53 727.62
22017 1085.86 -0.60 773.08
22018 1085.90 -0.30 817.96
22019 1085.90 -0.46 863.34
22020 1086.26 0.52 908.73
22021 1085.16 -0.03 954.95
22022 1085.08 0.29 999.84
22023 1084.81 -0.43 1045.74
22024 1085.02 0.09 1091.02
22025 1085.01 0.14 1136.47
22026 1084.55 -0.48 1182.16
22027 1085.55 0.33 1227.81
23000 1244.07 -1.21 19.96
23001 1244.54 -0.73 65.60
23002 1245.49 -1.07 110.90
23003 1245.03 -0.37 155.91
23004 1245.60 -0.82 202.51
23005 1244.45 -0.67 247.79
23006 1244.79 -0.36 292.88
23007 1245.01 -0.74 338.66
23008 1244.82 -0.80 384.26
23009 1244.62 -0.56 429.65
23010 1244.72 -1.03 474.66
23011 1245.39 -0.72 519.82
23012 1244.73 -0.40 565.82
23013 1244.23 -0.51 610.91
23014 1244.53 -0.50 655.78
23015 1244.08 -0.46 703.60
23016 1243.90 -0.48 749.09
23017 1244.07 0.22 795.16
23018 1243.89 -0.42 840.34
23019 1244.06 -0.52 886.07
23020 1243.88 -0.47 931.16
23021 1243.92 0.09 976.73
23022 1243.90 -0.20 1022.05
23023 1243.61 0.94 1066.96
23024 1243.65 -0.57 1112.40
23025 1243.32 -0.61 1157.94
23026 1242.43 -0.42 1203.87
23027 1243.30 -0.19 1249.73
24000 1266.65 -0.53 -0.59
24001 1266.31 -1.46 45.43
24002 1267.87 -1.13 90.72
24003 1267.84 -1.12 136.72
24004 1268.16 -0.72 182.15
24005 1267.58 -1.12 228.14
24006 1267.50 -0.73 273.23
24007 1267.15 -0.17 319.51
24008 1267.30 -1.09 364.86
24009 1267.85 -0.84 409.91
24010 1267.07 -0.71 455.13
24011 1267.27 -0.24 500.85
24012 1267.73 -0.37 546.67
24013 1267.33 -0.71 591.34
24014 1267.44 0.59 636.76
24015 1266.81 -0.16 682.30
24016 1266.33 -0.78 728.17
24017 1266.32 -0.42 773.49
24018 1266.45 -0.01 818.88
24019 1266.82 0.28 864.10
24020 1266.37 -0.03 909.13
24021 1266.08 -0.24 954.46
24022 1266.35 0.11 1000.06
24023 1266.58 0.04 1045.33
24024 1266.17 -0.40 1090.70
24025 1265.65 -0.44 1136.36
24026 1265.34 0.28 1182.22
24027 1265.82 -0.39 1228.52
25000 1425.82 -1.06 20.63
25001 1425.16 -0.91 67.35
25002 1426.14 -0.74 112.96
25003 1425.29 -0.12 158.49
25004 1426.88 -0.93 204.64
25005 1426.86 -0.94 249.91
25006 1425.74 -1.07 294.76
25007 1425.07 -1.07 340.38
25008 1426.60 -0.42 386.10
25009 1426.10 -0.92 432.20
25010 1425.79 -0.80 477.38
25011 1425.63 -0.58 522.90
25012 1426.41 -1.14 567.64
25013 1425.74 -0.84 612.54
25014 1426.21 -0.77 657.83
25015 1424.55 -0.29 703.43
25016 1425.24 -0.63 750.09
25017 1424.46 -0.12 794.94
25018 1424.52 -0.45 840.51
25019 1425.53 -0.37 886.00
25020 1424.19 -0.33 930.92
25021 1425.03 -0.27 976.30
25022 1425.06 -0.29 1022.00
25023 1425.22 -0.28 1067.40
25024 1424.78 -0.31 1112.28
25025 1424.00 0.09 1158.31
25026 1423.66 0.06 1203.28
25027 1424.21 -0.02 1251.13
