170195
170193
170163
170159
170155
170152
170091
170089
170088
170085
170084
170083
170081
170040
170038
170036
170027
169981
169969
169965
169961
169956
169923
169922
169859
169858
169855
169846
169838
169837
169835
169591
169590
169588
169587
169586
169584
169557
169555
169554
169553
169550
169515
169512
169506
169504
169498
169475
169420
169419
169418
169417
169415
169411
169238
169167
169160
169156
169148
169145
169144
169143
169138
169099
169094
169091
169045
169044
169040
169035
168992
168988
168984
168826
168777
168514
168512
168511
168467
168464
168461
168460
168458
168362
168361
168356
168342
168341
168325
168322
168318
168311
168310
168213
168212
168208
168207
168206
168205
168204
168203
168181
168175
168173
168172
168171
168115
168108
168107
168105
168104
168103
168076
168069
168068
168066
167988
167987
167986
167985
167921
167920
167915
167903
167902
167818
167814
167813
167808
167807
167806
167711
167706
