1   2   5   1     0     0    15   RC2L5B12   
1   2   5   2     0    16    31   RC2L5B34   
1   2   5   3     0    32    47   RC2L5B56   
1   2   5   4     0    48    63   RC2L5B78   
1   3   5   1     1     0    15   RC3L5B12   
1   3   5   2     1    16    31   RC3L5B34   
1   3   5   3     1    32    47   RC3L5B56   
1   3   5   4     1    48    63   RC3L5B78   
1   4   5   1     2     0    15   RC4L5B12   
1   4   5   2     2    16    31   RC4L5B34   
1   5   5   1     3     0    15   RC5L5B12   
1   5   5   2     3    16    31   RC5L5B34   
1   6   5   1     4     0    15   RC6L5B12   
1   6   5   2     4    16    31   RC6L5B34   
1   7   5   1     5     0    15   RC7L5B12   
1   1   6   1     0    16    31   RC1L6B12   
1   1   6   2     0    32    47   RC1L6B34   
1   1   6   3     0    48    63   RC1L6B56   
1   2   6   1     1     0    15   RC2L6B12   
1   2   6   2     1    16    31   RC2L6B34   
1   2   6   3     1    32    47   RC2L6B56   
1   2   6   4     1    48    63   RC2L6B78   
1   3   6   1     2     0    15   RC3L6B12   
1   3   6   2     2    16    31   RC3L6B34   
1   3   6   3     2    32    47   RC3L6B56   
1   3   6   4     2    48    63   RC3L6B78   
1   4   6   1     3     0    15   RC4L6B12   
1   4   6   2     3    16    31   RC4L6B34   
1   5   6   1     4     0    15   RC5L6B12   
1   5   6   2     4    16    31   RC5L6B34   
1   6   6   1     5     0    15   RC6L6B12   
1   6   6   2     5    16    31   RC6L6B34   
1   7   6   1     6     0    15   RC7L6B12   
1   1   7   1     0     0    15   RC1L7B12   
1   1   7   2     0    16    31   RC1L7B34   
1   2   7   1     1     0    15   RC2L7B12   
1   2   7   2     1    16    31   RC2L7B34   
1   3   7   1     2     0    15   RC3L7B12   
1   3   7   2     2    16    31   RC3L7B34   
1   4   7   1     3     0    15   RC4L7B12   
1   4   7   2     3    16    31   RC4L7B34   
1   5   7   1     4     0    15   RC5L7B12   
1   5   7   2     4    16    31   RC5L7B34   
1   6   7   1     5     0    15   RC6L7B12   
1   6   7   2     5    16    31   RC6L7B34   
1   7   7   1     6     0    15   RC7L7B12   
1   1   8   1     0     0    15   RC1L8B12   
1   1   8   2     0    16    31   RC1L8B34   
1   2   8   1     1     0    15   RC2L8B12   
1   2   8   2     1    16    31   RC2L8B34   
1   3   8   1     2     0    15   RC3L8B12   
1   3   8   2     2    16    31   RC3L8B34   
1   4   8   1     3     0    15   RC4L8B12   
1   4   8   2     3    16    31   RC4L8B34   
1   5   8   1     4     0    15   RC5L8B12   
1   5   8   2     4    16    31   RC5L8B34   
1   6   8   1     5     0    15   RC6L8B12   
1   6   8   2     5    16    31   RC6L8B34   
1   7   8   1     6     0    15   RC7L8B12   
1   1   9   1     0     0    15   RC1L9B12   
1   2   9   1     1     0    15   RC2L9B12   
1   3   9   1     2     0    15   RC3L9B12   
1   4   9   1     3     0    15   RC4L9B12   
1   5   9   1     4     0    15   RC5L9B12   
1   6   9   1     5     0    15   RC6L9B12   
1   7   9   1     6     0    15   RC7L9B12   
0   1   9   1     0     0    15   LC1L9B12   
0   2   9   1     1     0    15   LC2L9B12   
0   3   9   1     2     0    15   LC3L9B12   
0   4   9   1     3     0    15   LC4L9B12   
0   5   9   1     4     0    15   LC5L9B12   
0   6   9   1     5     0    15   LC6L9B12   
0   7   9   1     6     0    15   LC7L9B12   
0   1   8   1     0     0    15   LC1L8B12   
0   1   8   2     0    16    31   LC1L8B34   
0   2   8   1     1     0    15   LC2L8B12   
0   2   8   2     1    16    31   LC2L8B34   
0   3   8   1     2     0    15   LC3L8B12   
0   3   8   2     2    16    31   LC3L8B34   
0   4   8   1     3     0    15   LC4L8B12   
0   4   8   2     3    16    31   LC4L8B34   
0   5   8   1     4     0    15   LC5L8B12   
0   5   8   2     4    16    31   LC5L8B34   
0   6   8   1     5     0    15   LC6L8B12   
0   6   8   2     5    16    31   LC6L8B34   
0   7   8   1     6     0    15   LC7L8B12   
0   1   7   1     0     0    15   LC1L7B12   
0   1   7   2     0    16    31   LC1L7B34   
0   2   7   1     1     0    15   LC2L7B12   
0   2   7   2     1    16    31   LC2L7B34   
0   3   7   1     2     0    15   LC3L7B12   
0   3   7   2     2    16    31   LC3L7B34   
0   4   7   1     3     0    15   LC4L7B12   
0   4   7   2     3    16    31   LC4L7B34   
0   5   7   1     4     0    15   LC5L7B12   
0   5   7   2     4    16    31   LC5L7B34   
0   6   7   1     5     0    15   LC6L7B12   
0   6   7   2     5    16    31   LC6L7B34   
0   7   7   1     6     0    15   LC7L7B12   
0   1   6   1     0    16    31   LC1L6B12   
0   1   6   2     0    32    47   LC1L6B34   
0   1   6   3     0    48    63   LC1L6B56   
0   2   6   1     1     0    15   LC2L6B12   
0   2   6   2     1    16    31   LC2L6B34   
0   2   6   3     1    32    47   LC2L6B56   
0   2   6   4     1    48    63   LC2L6B78   
0   3   6   1     2     0    15   LC3L6B12   
0   3   6   2     2    16    31   LC3L6B34   
0   3   6   3     2    32    47   LC3L6B56   
0   3   6   4     2    48    63   LC3L6B78   
0   4   6   1     3     0    15   LC4L6B12   
0   4   6   2     3    16    31   LC4L6B34   
0   5   6   1     4     0    15   LC5L6B12   
0   5   6   2     4    16    31   LC5L6B34   
0   6   6   1     5     0    15   LC6L6B12   
0   6   6   2     5    16    31   LC6L6B34   
0   7   6   1     6     0    15   LC7L6B12   
0   2   5   1     0     0    15   LC2L5B12   
0   2   5   2     0    16    31   LC2L5B34   
0   2   5   3     0    32    47   LC2L5B56   
0   2   5   4     0    48    63   LC2L5B78   
0   3   5   1     1     0    15   LC3L5B12   
0   3   5   2     1    16    31   LC3L5B34   
0   3   5   3     1    32    47   LC3L5B56   
0   3   5   4     1    48    63   LC3L5B78   
0   4   5   1     2     0    15   LC4L5B12   
0   4   5   2     2    16    31   LC4L5B34   
0   5   5   1     3     0    15   LC5L5B12   
0   5   5   2     3    16    31   LC5L5B34   
0   6   5   1     4     0    15   LC6L5B12   
0   6   5   2     4    16    31   LC6L5B34   
0   7   5   1     5     0    15   LC7L5B12   
0   1   4   1     0     0    15   LC1L4B12   
0   1   4   2     0    16    31   LC1L4B34   
0   1   4   3     0    32    47   LC1L4B56   
0   2   4   1     1     0    15   LC2L4B12   
0   2   4   2     1    16    31   LC2L4B34   
0   2   4   3     1    32    47   LC2L4B56   
0   2   4   4     1    48    63   LC2L4B78   
0   3   4   1     2     0    15   LC3L4B12   
0   3   4   2     2    16    31   LC3L4B34   
0   3   4   3     2    32    47   LC3L4B56   
0   3   4   4     2    48    63   LC3L4B78   
0   4   4   1     3     0    15   LC4L4B12   
0   4   4   2     3    16    31   LC4L4B34   
0   5   4   1     4     0    15   LC5L4B12   
0   5   4   2     4    16    31   LC5L4B34   
0   6   4   1     5     0    15   LC6L4B12   
0   6   4   2     5    16    31   LC6L4B34   
0   7   4   1     6     0    15   LC7L4B12   
0   1   3   1     0     0    15   LC1L3B12   
0   1   3   2     0    16    31   LC1L3B34   
0   2   3   1     1     0    15   LC2L3B12   
0   2   3   2     1    16    31   LC2L3B34   
0   3   3   1     2     0    15   LC3L3B12   
0   3   3   2     2    16    31   LC3L3B34   
0   4   3   1     3     0    15   LC4L3B12   
0   4   3   2     3    16    31   LC4L3B34   
0   5   3   1     4     0    15   LC5L3B12   
0   5   3   2     4    16    31   LC5L3B34   
0   6   3   1     5     0    15   LC6L3B12   
0   6   3   2     5    16    31   LC6L3B34   
0   7   3   1     6     0    15   LC7L3B12   
0   1   2   1     0     0    15   LC1L2B12   
0   1   2   2     0    16    31   LC1L2B34   
0   2   2   1     1     0    15   LC2L2B12   
0   2   2   2     1    16    31   LC2L2B34   
0   3   2   1     2     0    15   LC3L2B12   
0   3   2   2     2    16    31   LC3L2B34   
0   4   2   1     3     0    15   LC4L2B12   
0   4   2   2     3    16    31   LC4L2B34   
0   5   2   1     4     0    15   LC5L2B12   
0   5   2   2     4    16    31   LC5L2B34   
0   6   2   1     5     0    15   LC6L2B12   
0   6   2   2     5    16    31   LC6L2B34   
0   7   2   1     6     0    15   LC7L2B12   
0   1   1   1     0     0    15   LC1L1B12   
0   2   1   1     1     0    15   LC2L1B12   
0   3   1   1     2     0    15   LC3L1B12   
0   4   1   1     3     0    15   LC4L1B12   
0   5   1   1     4     0    15   LC5L1B12   
0   6   1   1     5     0    15   LC6L1B12   
0   7   1   1     6     0    15   LC7L1B12   
1   1   1   1     0     0    15   RC1L1B12   
1   2   1   1     1     0    15   RC2L1B12   
1   3   1   1     2     0    15   RC3L1B12   
1   4   1   1     3     0    15   RC4L1B12   
1   5   1   1     4     0    15   RC5L1B12   
1   6   1   1     5     0    15   RC6L1B12   
1   7   1   1     6     0    15   RC7L1B12   
1   1   2   1     0     0    15   RC1L2B12   
1   1   2   2     0    16    31   RC1L2B34   
1   2   2   1     1     0    15   RC2L2B12   
1   2   2   2     1    16    31   RC2L2B34   
1   3   2   1     2     0    15   RC3L2B12   
1   3   2   2     2    16    31   RC3L2B34   
1   4   2   1     3     0    15   RC4L2B12   
1   4   2   2     3    16    31   RC4L2B34   
1   5   2   1     4     0    15   RC5L2B12   
1   5   2   2     4    16    31   RC5L2B34   
1   6   2   1     5     0    15   RC6L2B12   
1   6   2   2     5    16    31   RC6L2B34   
1   7   2   1     6     0    15   RC7L2B12   
1   1   3   1     0     0    15   RC1L3B12   
1   1   3   2     0    16    31   RC1L3B34   
1   2   3   1     1     0    15   RC2L3B12   
1   2   3   2     1    16    31   RC2L3B34   
1   3   3   1     2     0    15   RC3L3B12   
1   3   3   2     2    16    31   RC3L3B34   
1   4   3   1     3     0    15   RC4L3B12   
1   4   3   2     3    16    31   RC4L3B34   
1   5   3   1     4     0    15   RC5L3B12   
1   5   3   2     4    16    31   RC5L3B34   
1   6   3   1     5     0    15   RC6L3B12   
1   6   3   2     5    16    31   RC6L3B34   
1   7   3   1     6     0    15   RC7L3B12   
1   1   4   1     0     0    15   RC1L4B12   
1   1   4   2     0    16    31   RC1L4B34   
1   1   4   3     0    32    47   RC1L4B56   
1   2   4   1     1     0    15   RC2L4B12   
1   2   4   2     1    16    31   RC2L4B34   
1   2   4   3     1    32    47   RC2L4B56   
1   2   4   4     1    48    63   RC2L4B78   
1   3   4   1     2     0    15   RC3L4B12   
1   3   4   2     2    16    31   RC3L4B34   
1   3   4   3     2    32    47   RC3L4B56   
1   3   4   4     2    48    63   RC3L4B78   
1   4   4   1     3     0    15   RC4L4B12   
1   4   4   2     3    16    31   RC4L4B34   
1   5   4   1     4     0    15   RC5L4B12   
1   5   4   2     4    16    31   RC5L4B34   
1   6   4   1     5     0    15   RC6L4B12   
1   6   4   2     5    16    31   RC6L4B34   
1   7   4   1     6     0    15   RC7L4B12   
