1   2   5   1     62.15    -25.77     17.18     17.18   -1616.90   RC2L5B12   
1   2   5   2     62.15     -8.59     17.18     17.18   -1616.90   RC2L5B34   
1   2   5   3     62.15      8.59     17.18     17.18   -1616.90   RC2L5B56   
1   2   5   4     62.15     25.77     17.18     17.18   -1616.90   RC2L5B78   
1   3   5   1     87.92    -25.77     34.36     17.18   -1616.90   RC3L5B12   
1   3   5   2     87.92     -8.59     34.36     17.18   -1616.90   RC3L5B34   
1   3   5   3     87.92      8.59     34.36     17.18   -1616.90   RC3L5B56   
1   3   5   4     87.92     25.77     34.36     17.18   -1616.90   RC3L5B78   
1   4   5   1    122.28    -17.18     34.36     34.36   -1616.90   RC4L5B12   
1   4   5   2    122.28     17.18     34.36     34.36   -1616.90   RC4L5B34   
1   5   5   1    156.64    -17.18     34.36     34.36   -1616.90   RC5L5B12   
1   5   5   2    156.64     17.18     34.36     34.36   -1616.90   RC5L5B34   
1   6   5   1    191.00    -17.18     34.36     34.36   -1616.90   RC6L5B12   
1   6   5   2    191.00     17.18     34.36     34.36   -1616.90   RC6L5B34   
1   7   5   1    233.95      0.00     51.54     68.72   -1616.90   RC7L5B12   
1   1   6   1     19.20     60.29     34.36     17.18   -1624.10   RC1L6B12   
1   1   6   2     19.20     77.47     34.36     17.18   -1624.10   RC1L6B34   
1   1   6   3     19.20     94.65     34.36     17.18   -1624.10   RC1L6B56   
1   2   6   1     53.56     43.11     34.36     17.18   -1624.10   RC2L6B12   
1   2   6   2     53.56     60.29     34.36     17.18   -1624.10   RC2L6B34   
1   2   6   3     53.56     77.47     34.36     17.18   -1624.10   RC2L6B56   
1   2   6   4     53.56     94.65     34.36     17.18   -1624.10   RC2L6B78   
1   3   6   1     87.92     43.11     34.36     17.18   -1624.10   RC3L6B12   
1   3   6   2     87.92     60.29     34.36     17.18   -1624.10   RC3L6B34   
1   3   6   3     87.92     77.47     34.36     17.18   -1624.10   RC3L6B56   
1   3   6   4     87.92     94.65     34.36     17.18   -1624.10   RC3L6B78   
1   4   6   1    122.28     51.70     34.36     34.36   -1624.10   RC4L6B12   
1   4   6   2    122.28     86.06     34.36     34.36   -1624.10   RC4L6B34   
1   5   6   1    156.64     51.70     34.36     34.36   -1624.10   RC5L6B12   
1   5   6   2    156.64     86.06     34.36     34.36   -1624.10   RC5L6B34   
1   6   6   1    191.00     51.70     34.36     34.36   -1624.10   RC6L6B12   
1   6   6   2    191.00     86.06     34.36     34.36   -1624.10   RC6L6B34   
1   7   6   1    233.95     68.88     51.54     68.72   -1624.10   RC7L6B12   
1   1   7   1     19.20    119.95     34.36     34.36   -1616.90   RC1L7B12   
1   1   7   2     19.20    154.31     34.36     34.36   -1616.90   RC1L7B34   
1   2   7   1     53.56    119.95     34.36     34.36   -1616.90   RC2L7B12   
1   2   7   2     53.56    154.31     34.36     34.36   -1616.90   RC2L7B34   
1   3   7   1     87.92    119.95     34.36     34.36   -1616.90   RC3L7B12   
1   3   7   2     87.92    154.31     34.36     34.36   -1616.90   RC3L7B34   
1   4   7   1    122.28    119.95     34.36     34.36   -1616.90   RC4L7B12   
1   4   7   2    122.28    154.31     34.36     34.36   -1616.90   RC4L7B34   
1   5   7   1    156.64    119.95     34.36     34.36   -1616.90   RC5L7B12   
1   5   7   2    156.64    154.31     34.36     34.36   -1616.90   RC5L7B34   
1   6   7   1    191.00    119.95     34.36     34.36   -1616.90   RC6L7B12   
1   6   7   2    191.00    154.31     34.36     34.36   -1616.90   RC6L7B34   
1   7   7   1    233.95    137.13     51.54     68.72   -1616.90   RC7L7B12   
1   1   8   1     19.20    189.45     34.36     34.36   -1624.10   RC1L8B12   
1   1   8   2     19.20    223.81     34.36     34.36   -1624.10   RC1L8B34   
1   2   8   1     53.56    189.45     34.36     34.36   -1624.10   RC2L8B12   
1   2   8   2     53.56    223.81     34.36     34.36   -1624.10   RC2L8B34   
1   3   8   1     87.92    189.45     34.36     34.36   -1624.10   RC3L8B12   
1   3   8   2     87.92    223.81     34.36     34.36   -1624.10   RC3L8B34   
1   4   8   1    122.28    189.45     34.36     34.36   -1624.10   RC4L8B12   
1   4   8   2    122.28    223.81     34.36     34.36   -1624.10   RC4L8B34   
1   5   8   1    156.64    189.45     34.36     34.36   -1624.10   RC5L8B12   
1   5   8   2    156.64    223.81     34.36     34.36   -1624.10   RC5L8B34   
1   6   8   1    191.00    189.45     34.36     34.36   -1624.10   RC6L8B12   
1   6   8   2    191.00    223.81     34.36     34.36   -1624.10   RC6L8B34   
1   7   8   1    233.95    206.63     51.54     68.72   -1624.10   RC7L8B12   
1   1   9   1     19.20    274.27     34.36     68.72   -1616.90   RC1L9B12   
1   2   9   1     53.56    274.27     34.36     68.72   -1616.90   RC2L9B12   
1   3   9   1     87.92    274.27     34.36     68.72   -1616.90   RC3L9B12   
1   4   9   1    122.28    274.27     34.36     68.72   -1616.90   RC4L9B12   
1   5   9   1    156.64    274.27     34.36     68.72   -1616.90   RC5L9B12   
1   6   9   1    191.00    274.27     34.36     68.72   -1616.90   RC6L9B12   
1   7   9   1    233.95    274.27     51.54     68.72   -1616.90   RC7L9B12   
0   1   9   1    -19.20    275.50     34.36     68.72   -1624.10   LC1L9B12   
0   2   9   1    -53.56    275.50     34.36     68.72   -1624.10   LC2L9B12   
0   3   9   1    -87.92    275.50     34.36     68.72   -1624.10   LC3L9B12   
0   4   9   1   -122.28    275.50     34.36     68.72   -1624.10   LC4L9B12   
0   5   9   1   -156.64    275.50     34.36     68.72   -1624.10   LC5L9B12   
0   6   9   1   -191.00    275.50     34.36     68.72   -1624.10   LC6L9B12   
0   7   9   1   -233.95    275.50     51.54     68.72   -1624.10   LC7L9B12   
0   1   8   1    -19.20    188.52     34.36     34.36   -1616.90   LC1L8B12   
0   1   8   2    -19.20    222.88     34.36     34.36   -1616.90   LC1L8B34   
0   2   8   1    -53.56    188.52     34.36     34.36   -1616.90   LC2L8B12   
0   2   8   2    -53.56    222.88     34.36     34.36   -1616.90   LC2L8B34   
0   3   8   1    -87.92    188.52     34.36     34.36   -1616.90   LC3L8B12   
0   3   8   2    -87.92    222.88     34.36     34.36   -1616.90   LC3L8B34   
0   4   8   1   -122.28    188.52     34.36     34.36   -1616.90   LC4L8B12   
0   4   8   2   -122.28    222.88     34.36     34.36   -1616.90   LC4L8B34   
0   5   8   1   -156.64    188.52     34.36     34.36   -1616.90   LC5L8B12   
0   5   8   2   -156.64    222.88     34.36     34.36   -1616.90   LC5L8B34   
0   6   8   1   -191.00    188.52     34.36     34.36   -1616.90   LC6L8B12   
0   6   8   2   -191.00    222.88     34.36     34.36   -1616.90   LC6L8B34   
0   7   8   1   -233.95    205.70     51.54     68.72   -1616.90   LC7L8B12   
0   1   7   1    -19.20    120.57     34.36     34.36   -1624.10   LC1L7B12   
0   1   7   2    -19.20    154.93     34.36     34.36   -1624.10   LC1L7B34   
0   2   7   1    -53.56    120.57     34.36     34.36   -1624.10   LC2L7B12   
0   2   7   2    -53.56    154.93     34.36     34.36   -1624.10   LC2L7B34   
0   3   7   1    -87.92    120.57     34.36     34.36   -1624.10   LC3L7B12   
0   3   7   2    -87.92    154.93     34.36     34.36   -1624.10   LC3L7B34   
0   4   7   1   -122.28    120.57     34.36     34.36   -1624.10   LC4L7B12   
0   4   7   2   -122.28    154.93     34.36     34.36   -1624.10   LC4L7B34   
0   5   7   1   -156.64    120.57     34.36     34.36   -1624.10   LC5L7B12   
0   5   7   2   -156.64    154.93     34.36     34.36   -1624.10   LC5L7B34   
0   6   7   1   -191.00    120.57     34.36     34.36   -1624.10   LC6L7B12   
0   6   7   2   -191.00    154.93     34.36     34.36   -1624.10   LC6L7B34   
0   7   7   1   -233.95    137.75     51.54     68.72   -1624.10   LC7L7B12   
0   1   6   1    -19.20     59.98     34.36     17.18   -1616.90   LC1L6B12   
0   1   6   2    -19.20     77.16     34.36     17.18   -1616.90   LC1L6B34   
0   1   6   3    -19.20     94.34     34.36     17.18   -1616.90   LC1L6B56   
0   2   6   1    -53.56     42.80     34.36     17.18   -1616.90   LC2L6B12   
0   2   6   2    -53.56     59.98     34.36     17.18   -1616.90   LC2L6B34   
0   2   6   3    -53.56     77.16     34.36     17.18   -1616.90   LC2L6B56   
0   2   6   4    -53.56     94.34     34.36     17.18   -1616.90   LC2L6B78   
0   3   6   1    -87.92     42.80     34.36     17.18   -1616.90   LC3L6B12   
0   3   6   2    -87.92     59.98     34.36     17.18   -1616.90   LC3L6B34   
0   3   6   3    -87.92     77.16     34.36     17.18   -1616.90   LC3L6B56   
0   3   6   4    -87.92     94.34     34.36     17.18   -1616.90   LC3L6B78   
0   4   6   1   -122.28     51.39     34.36     34.36   -1616.90   LC4L6B12   
0   4   6   2   -122.28     85.75     34.36     34.36   -1616.90   LC4L6B34   
0   5   6   1   -156.64     51.39     34.36     34.36   -1616.90   LC5L6B12   
0   5   6   2   -156.64     85.75     34.36     34.36   -1616.90   LC5L6B34   
0   6   6   1   -191.00     51.39     34.36     34.36   -1616.90   LC6L6B12   
0   6   6   2   -191.00     85.75     34.36     34.36   -1616.90   LC6L6B34   
0   7   6   1   -233.95     68.57     51.54     68.72   -1616.90   LC7L6B12   
0   2   5   1    -62.15    -25.77     17.18     17.18   -1624.10   LC2L5B12   
0   2   5   2    -62.15     -8.59     17.18     17.18   -1624.10   LC2L5B34   
0   2   5   3    -62.15      8.59     17.18     17.18   -1624.10   LC2L5B56   
0   2   5   4    -62.15     25.77     17.18     17.18   -1624.10   LC2L5B78   
0   3   5   1    -87.92    -25.77     34.36     17.18   -1624.10   LC3L5B12   
0   3   5   2    -87.92     -8.59     34.36     17.18   -1624.10   LC3L5B34   
0   3   5   3    -87.92      8.59     34.36     17.18   -1624.10   LC3L5B56   
0   3   5   4    -87.92     25.77     34.36     17.18   -1624.10   LC3L5B78   
0   4   5   1   -122.28    -17.18     34.36     34.36   -1624.10   LC4L5B12   
0   4   5   2   -122.28     17.18     34.36     34.36   -1624.10   LC4L5B34   
0   5   5   1   -156.64    -17.18     34.36     34.36   -1624.10   LC5L5B12   
0   5   5   2   -156.64     17.18     34.36     34.36   -1624.10   LC5L5B34   
0   6   5   1   -191.00    -17.18     34.36     34.36   -1624.10   LC6L5B12   
0   6   5   2   -191.00     17.18     34.36     34.36   -1624.10   LC6L5B34   
0   7   5   1   -233.95      0.00     51.54     68.72   -1624.10   LC7L5B12   
0   1   4   1    -19.20    -94.34     34.36     17.18   -1616.90   LC1L4B12   
0   1   4   2    -19.20    -77.16     34.36     17.18   -1616.90   LC1L4B34   
0   1   4   3    -19.20    -59.98     34.36     17.18   -1616.90   LC1L4B56   
0   2   4   1    -53.56    -94.34     34.36     17.18   -1616.90   LC2L4B12   
0   2   4   2    -53.56    -77.16     34.36     17.18   -1616.90   LC2L4B34   
0   2   4   3    -53.56    -59.98     34.36     17.18   -1616.90   LC2L4B56   
0   2   4   4    -53.56    -42.80     34.36     17.18   -1616.90   LC2L4B78   
0   3   4   1    -87.92    -94.34     34.36     17.18   -1616.90   LC3L4B12   
0   3   4   2    -87.92    -77.16     34.36     17.18   -1616.90   LC3L4B34   
0   3   4   3    -87.92    -59.98     34.36     17.18   -1616.90   LC3L4B56   
0   3   4   4    -87.92    -42.80     34.36     17.18   -1616.90   LC3L4B78   
0   4   4   1   -122.28    -85.75     34.36     34.36   -1616.90   LC4L4B12   
0   4   4   2   -122.28    -51.39     34.36     34.36   -1616.90   LC4L4B34   
0   5   4   1   -156.64    -85.75     34.36     34.36   -1616.90   LC5L4B12   
0   5   4   2   -156.64    -51.39     34.36     34.36   -1616.90   LC5L4B34   
0   6   4   1   -191.00    -85.75     34.36     34.36   -1616.90   LC6L4B12   
0   6   4   2   -191.00    -51.39     34.36     34.36   -1616.90   LC6L4B34   
0   7   4   1   -233.95    -68.57     51.54     68.72   -1616.90   LC7L4B12   
0   1   3   1    -19.20   -154.93     34.36     34.36   -1624.10   LC1L3B12   
0   1   3   2    -19.20   -120.57     34.36     34.36   -1624.10   LC1L3B34   
0   2   3   1    -53.56   -154.93     34.36     34.36   -1624.10   LC2L3B12   
0   2   3   2    -53.56   -120.57     34.36     34.36   -1624.10   LC2L3B34   
0   3   3   1    -87.92   -154.93     34.36     34.36   -1624.10   LC3L3B12   
0   3   3   2    -87.92   -120.57     34.36     34.36   -1624.10   LC3L3B34   
0   4   3   1   -122.28   -154.93     34.36     34.36   -1624.10   LC4L3B12   
0   4   3   2   -122.28   -120.57     34.36     34.36   -1624.10   LC4L3B34   
0   5   3   1   -156.64   -154.93     34.36     34.36   -1624.10   LC5L3B12   
0   5   3   2   -156.64   -120.57     34.36     34.36   -1624.10   LC5L3B34   
0   6   3   1   -191.00   -154.93     34.36     34.36   -1624.10   LC6L3B12   
0   6   3   2   -191.00   -120.57     34.36     34.36   -1624.10   LC6L3B34   
0   7   3   1   -233.95   -137.75     51.54     68.72   -1624.10   LC7L3B12   
0   1   2   1    -19.20   -222.88     34.36     34.36   -1616.90   LC1L2B12   
0   1   2   2    -19.20   -188.52     34.36     34.36   -1616.90   LC1L2B34   
0   2   2   1    -53.56   -222.88     34.36     34.36   -1616.90   LC2L2B12   
0   2   2   2    -53.56   -188.52     34.36     34.36   -1616.90   LC2L2B34   
0   3   2   1    -87.92   -222.88     34.36     34.36   -1616.90   LC3L2B12   
0   3   2   2    -87.92   -188.52     34.36     34.36   -1616.90   LC3L2B34   
0   4   2   1   -122.28   -222.88     34.36     34.36   -1616.90   LC4L2B12   
0   4   2   2   -122.28   -188.52     34.36     34.36   -1616.90   LC4L2B34   
0   5   2   1   -156.64   -222.88     34.36     34.36   -1616.90   LC5L2B12   
0   5   2   2   -156.64   -188.52     34.36     34.36   -1616.90   LC5L2B34   
0   6   2   1   -191.00   -222.88     34.36     34.36   -1616.90   LC6L2B12   
0   6   2   2   -191.00   -188.52     34.36     34.36   -1616.90   LC6L2B34   
0   7   2   1   -233.95   -205.70     51.54     68.72   -1616.90   LC7L2B12   
0   1   1   1    -19.20   -275.50     34.36     68.72   -1624.10   LC1L1B12   
0   2   1   1    -53.56   -275.50     34.36     68.72   -1624.10   LC2L1B12   
0   3   1   1    -87.92   -275.50     34.36     68.72   -1624.10   LC3L1B12   
0   4   1   1   -122.28   -275.50     34.36     68.72   -1624.10   LC4L1B12   
0   5   1   1   -156.64   -275.50     34.36     68.72   -1624.10   LC5L1B12   
0   6   1   1   -191.00   -275.50     34.36     68.72   -1624.10   LC6L1B12   
0   7   1   1   -233.95   -275.50     51.54     68.72   -1624.10   LC7L1B12   
1   1   1   1     19.20   -274.27     34.36     68.72   -1616.90   RC1L1B12   
1   2   1   1     53.56   -274.27     34.36     68.72   -1616.90   RC2L1B12   
1   3   1   1     87.92   -274.27     34.36     68.72   -1616.90   RC3L1B12   
1   4   1   1    122.28   -274.27     34.36     68.72   -1616.90   RC4L1B12   
1   5   1   1    156.64   -274.27     34.36     68.72   -1616.90   RC5L1B12   
1   6   1   1    191.00   -274.27     34.36     68.72   -1616.90   RC6L1B12   
1   7   1   1    233.95   -274.27     51.54     68.72   -1616.90   RC7L1B12   
1   1   2   1     19.20   -223.81     34.36     34.36   -1624.10   RC1L2B12   
1   1   2   2     19.20   -189.45     34.36     34.36   -1624.10   RC1L2B34   
1   2   2   1     53.56   -223.81     34.36     34.36   -1624.10   RC2L2B12   
1   2   2   2     53.56   -189.45     34.36     34.36   -1624.10   RC2L2B34   
1   3   2   1     87.92   -223.81     34.36     34.36   -1624.10   RC3L2B12   
1   3   2   2     87.92   -189.45     34.36     34.36   -1624.10   RC3L2B34   
1   4   2   1    122.28   -223.81     34.36     34.36   -1624.10   RC4L2B12   
1   4   2   2    122.28   -189.45     34.36     34.36   -1624.10   RC4L2B34   
1   5   2   1    156.64   -223.81     34.36     34.36   -1624.10   RC5L2B12   
1   5   2   2    156.64   -189.45     34.36     34.36   -1624.10   RC5L2B34   
1   6   2   1    191.00   -223.81     34.36     34.36   -1624.10   RC6L2B12   
1   6   2   2    191.00   -189.45     34.36     34.36   -1624.10   RC6L2B34   
1   7   2   1    233.95   -206.63     51.54     68.72   -1624.10   RC7L2B12   
1   1   3   1     19.20   -154.31     34.36     34.36   -1616.90   RC1L3B12   
1   1   3   2     19.20   -119.95     34.36     34.36   -1616.90   RC1L3B34   
1   2   3   1     53.56   -154.31     34.36     34.36   -1616.90   RC2L3B12   
1   2   3   2     53.56   -119.95     34.36     34.36   -1616.90   RC2L3B34   
1   3   3   1     87.92   -154.31     34.36     34.36   -1616.90   RC3L3B12   
1   3   3   2     87.92   -119.95     34.36     34.36   -1616.90   RC3L3B34   
1   4   3   1    122.28   -154.31     34.36     34.36   -1616.90   RC4L3B12   
1   4   3   2    122.28   -119.95     34.36     34.36   -1616.90   RC4L3B34   
1   5   3   1    156.64   -154.31     34.36     34.36   -1616.90   RC5L3B12   
1   5   3   2    156.64   -119.95     34.36     34.36   -1616.90   RC5L3B34   
1   6   3   1    191.00   -154.31     34.36     34.36   -1616.90   RC6L3B12   
1   6   3   2    191.00   -119.95     34.36     34.36   -1616.90   RC6L3B34   
1   7   3   1    233.95   -137.13     51.54     68.72   -1616.90   RC7L3B12   
1   1   4   1     19.20    -94.65     34.36     17.18   -1624.10   RC1L4B12   
1   1   4   2     19.20    -77.47     34.36     17.18   -1624.10   RC1L4B34   
1   1   4   3     19.20    -60.29     34.36     17.18   -1624.10   RC1L4B56   
1   2   4   1     53.56    -94.65     34.36     17.18   -1624.10   RC2L4B12   
1   2   4   2     53.56    -77.47     34.36     17.18   -1624.10   RC2L4B34   
1   2   4   3     53.56    -60.29     34.36     17.18   -1624.10   RC2L4B56   
1   2   4   4     53.56    -43.11     34.36     17.18   -1624.10   RC2L4B78   
1   3   4   1     87.92    -94.65     34.36     17.18   -1624.10   RC3L4B12   
1   3   4   2     87.92    -77.47     34.36     17.18   -1624.10   RC3L4B34   
1   3   4   3     87.92    -60.29     34.36     17.18   -1624.10   RC3L4B56   
1   3   4   4     87.92    -43.11     34.36     17.18   -1624.10   RC3L4B78   
1   4   4   1    122.28    -86.06     34.36     34.36   -1624.10   RC4L4B12   
1   4   4   2    122.28    -51.70     34.36     34.36   -1624.10   RC4L4B34   
1   5   4   1    156.64    -86.06     34.36     34.36   -1624.10   RC5L4B12   
1   5   4   2    156.64    -51.70     34.36     34.36   -1624.10   RC5L4B34   
1   6   4   1    191.00    -86.06     34.36     34.36   -1624.10   RC6L4B12   
1   6   4   2    191.00    -51.70     34.36     34.36   -1624.10   RC6L4B34   
1   7   4   1    233.95    -68.88     51.54     68.72   -1624.10   RC7L4B12   
