1   2   5   1     65.99    -27.36     18.24     18.24   -1716.90   RC2L5B12   
1   2   5   2     65.99     -9.12     18.24     18.24   -1716.90   RC2L5B34   
1   2   5   3     65.99      9.12     18.24     18.24   -1716.90   RC2L5B56   
1   2   5   4     65.99     27.36     18.24     18.24   -1716.90   RC2L5B78   
1   3   5   1     93.35    -27.36     36.48     18.24   -1716.90   RC3L5B12   
1   3   5   2     93.35     -9.12     36.48     18.24   -1716.90   RC3L5B34   
1   3   5   3     93.35      9.12     36.48     18.24   -1716.90   RC3L5B56   
1   3   5   4     93.35     27.36     36.48     18.24   -1716.90   RC3L5B78   
1   4   5   1    129.83    -18.24     36.48     36.48   -1716.90   RC4L5B12   
1   4   5   2    129.83     18.24     36.48     36.48   -1716.90   RC4L5B34   
1   5   5   1    166.31    -18.24     36.48     36.48   -1716.90   RC5L5B12   
1   5   5   2    166.31     18.24     36.48     36.48   -1716.90   RC5L5B34   
1   6   5   1    202.79    -18.24     36.48     36.48   -1716.90   RC6L5B12   
1   6   5   2    202.79     18.24     36.48     36.48   -1716.90   RC6L5B34   
1   7   5   1    248.39      0.00     54.72     72.96   -1716.90   RC7L5B12   
1   1   6   1     20.39     64.01     36.48     18.24   -1724.10   RC1L6B12   
1   1   6   2     20.39     82.25     36.48     18.24   -1724.10   RC1L6B34   
1   1   6   3     20.39    100.49     36.48     18.24   -1724.10   RC1L6B56   
1   2   6   1     56.87     45.76     36.48     18.24   -1724.10   RC2L6B12   
1   2   6   2     56.87     64.01     36.48     18.24   -1724.10   RC2L6B34   
1   2   6   3     56.87     82.25     36.48     18.24   -1724.10   RC2L6B56   
1   2   6   4     56.87    100.49     36.48     18.24   -1724.10   RC2L6B78   
1   3   6   1     93.35     45.76     36.48     18.24   -1724.10   RC3L6B12   
1   3   6   2     93.35     64.01     36.48     18.24   -1724.10   RC3L6B34   
1   3   6   3     93.35     82.25     36.48     18.24   -1724.10   RC3L6B56   
1   3   6   4     93.35    100.49     36.48     18.24   -1724.10   RC3L6B78   
1   4   6   1    129.83     54.89     36.48     36.48   -1724.10   RC4L6B12   
1   4   6   2    129.83     91.37     36.48     36.48   -1724.10   RC4L6B34   
1   5   6   1    166.31     54.89     36.48     36.48   -1724.10   RC5L6B12   
1   5   6   2    166.31     91.37     36.48     36.48   -1724.10   RC5L6B34   
1   6   6   1    202.79     54.89     36.48     36.48   -1724.10   RC6L6B12   
1   6   6   2    202.79     91.37     36.48     36.48   -1724.10   RC6L6B34   
1   7   6   1    248.39     73.13     54.72     72.96   -1724.10   RC7L6B12   
1   1   7   1     20.39    127.36     36.48     36.48   -1716.90   RC1L7B12   
1   1   7   2     20.39    163.84     36.48     36.48   -1716.90   RC1L7B34   
1   2   7   1     56.87    127.36     36.48     36.48   -1716.90   RC2L7B12   
1   2   7   2     56.87    163.84     36.48     36.48   -1716.90   RC2L7B34   
1   3   7   1     93.35    127.36     36.48     36.48   -1716.90   RC3L7B12   
1   3   7   2     93.35    163.84     36.48     36.48   -1716.90   RC3L7B34   
1   4   7   1    129.83    127.36     36.48     36.48   -1716.90   RC4L7B12   
1   4   7   2    129.83    163.84     36.48     36.48   -1716.90   RC4L7B34   
1   5   7   1    166.31    127.36     36.48     36.48   -1716.90   RC5L7B12   
1   5   7   2    166.31    163.84     36.48     36.48   -1716.90   RC5L7B34   
1   6   7   1    202.79    127.36     36.48     36.48   -1716.90   RC6L7B12   
1   6   7   2    202.79    163.84     36.48     36.48   -1716.90   RC6L7B34   
1   7   7   1    248.39    145.60     54.72     72.96   -1716.90   RC7L7B12   
1   1   8   1     20.39    201.14     36.48     36.48   -1724.10   RC1L8B12   
1   1   8   2     20.39    237.62     36.48     36.48   -1724.10   RC1L8B34   
1   2   8   1     56.87    201.14     36.48     36.48   -1724.10   RC2L8B12   
1   2   8   2     56.87    237.62     36.48     36.48   -1724.10   RC2L8B34   
1   3   8   1     93.35    201.14     36.48     36.48   -1724.10   RC3L8B12   
1   3   8   2     93.35    237.62     36.48     36.48   -1724.10   RC3L8B34   
1   4   8   1    129.83    201.14     36.48     36.48   -1724.10   RC4L8B12   
1   4   8   2    129.83    237.62     36.48     36.48   -1724.10   RC4L8B34   
1   5   8   1    166.31    201.14     36.48     36.48   -1724.10   RC5L8B12   
1   5   8   2    166.31    237.62     36.48     36.48   -1724.10   RC5L8B34   
1   6   8   1    202.79    201.14     36.48     36.48   -1724.10   RC6L8B12   
1   6   8   2    202.79    237.62     36.48     36.48   -1724.10   RC6L8B34   
1   7   8   1    248.39    219.38     54.72     72.96   -1724.10   RC7L8B12   
1   1   9   1     20.39    291.19     36.48     72.96   -1716.90   RC1L9B12   
1   2   9   1     56.87    291.19     36.48     72.96   -1716.90   RC2L9B12   
1   3   9   1     93.35    291.19     36.48     72.96   -1716.90   RC3L9B12   
1   4   9   1    129.83    291.19     36.48     72.96   -1716.90   RC4L9B12   
1   5   9   1    166.31    291.19     36.48     72.96   -1716.90   RC5L9B12   
1   6   9   1    202.79    291.19     36.48     72.96   -1716.90   RC6L9B12   
1   7   9   1    248.39    291.19     54.72     72.96   -1716.90   RC7L9B12   
0   1   9   1    -20.39    292.50     36.48     72.96   -1724.10   LC1L9B12   
0   2   9   1    -56.87    292.50     36.48     72.96   -1724.10   LC2L9B12   
0   3   9   1    -93.35    292.50     36.48     72.96   -1724.10   LC3L9B12   
0   4   9   1   -129.83    292.50     36.48     72.96   -1724.10   LC4L9B12   
0   5   9   1   -166.31    292.50     36.48     72.96   -1724.10   LC5L9B12   
0   6   9   1   -202.79    292.50     36.48     72.96   -1724.10   LC6L9B12   
0   7   9   1   -248.39    292.50     54.72     72.96   -1724.10   LC7L9B12   
0   1   8   1    -20.39    200.15     36.48     36.48   -1716.90   LC1L8B12   
0   1   8   2    -20.39    236.63     36.48     36.48   -1716.90   LC1L8B34   
0   2   8   1    -56.87    200.15     36.48     36.48   -1716.90   LC2L8B12   
0   2   8   2    -56.87    236.63     36.48     36.48   -1716.90   LC2L8B34   
0   3   8   1    -93.35    200.15     36.48     36.48   -1716.90   LC3L8B12   
0   3   8   2    -93.35    236.63     36.48     36.48   -1716.90   LC3L8B34   
0   4   8   1   -129.83    200.15     36.48     36.48   -1716.90   LC4L8B12   
0   4   8   2   -129.83    236.63     36.48     36.48   -1716.90   LC4L8B34   
0   5   8   1   -166.31    200.15     36.48     36.48   -1716.90   LC5L8B12   
0   5   8   2   -166.31    236.63     36.48     36.48   -1716.90   LC5L8B34   
0   6   8   1   -202.79    200.15     36.48     36.48   -1716.90   LC6L8B12   
0   6   8   2   -202.79    236.63     36.48     36.48   -1716.90   LC6L8B34   
0   7   8   1   -248.39    218.39     54.72     72.96   -1716.90   LC7L8B12   
0   1   7   1    -20.39    128.01     36.48     36.48   -1724.10   LC1L7B12   
0   1   7   2    -20.39    164.49     36.48     36.48   -1724.10   LC1L7B34   
0   2   7   1    -56.87    128.01     36.48     36.48   -1724.10   LC2L7B12   
0   2   7   2    -56.87    164.49     36.48     36.48   -1724.10   LC2L7B34   
0   3   7   1    -93.35    128.01     36.48     36.48   -1724.10   LC3L7B12   
0   3   7   2    -93.35    164.49     36.48     36.48   -1724.10   LC3L7B34   
0   4   7   1   -129.83    128.01     36.48     36.48   -1724.10   LC4L7B12   
0   4   7   2   -129.83    164.49     36.48     36.48   -1724.10   LC4L7B34   
0   5   7   1   -166.31    128.01     36.48     36.48   -1724.10   LC5L7B12   
0   5   7   2   -166.31    164.49     36.48     36.48   -1724.10   LC5L7B34   
0   6   7   1   -202.79    128.01     36.48     36.48   -1724.10   LC6L7B12   
0   6   7   2   -202.79    164.49     36.48     36.48   -1724.10   LC6L7B34   
0   7   7   1   -248.39    146.25     54.72     72.96   -1724.10   LC7L7B12   
0   1   6   1    -20.39     63.68     36.48     18.24   -1716.90   LC1L6B12   
0   1   6   2    -20.39     81.92     36.48     18.24   -1716.90   LC1L6B34   
0   1   6   3    -20.39    100.16     36.48     18.24   -1716.90   LC1L6B56   
0   2   6   1    -56.87     45.44     36.48     18.24   -1716.90   LC2L6B12   
0   2   6   2    -56.87     63.68     36.48     18.24   -1716.90   LC2L6B34   
0   2   6   3    -56.87     81.92     36.48     18.24   -1716.90   LC2L6B56   
0   2   6   4    -56.87    100.16     36.48     18.24   -1716.90   LC2L6B78   
0   3   6   1    -93.35     45.44     36.48     18.24   -1716.90   LC3L6B12   
0   3   6   2    -93.35     63.68     36.48     18.24   -1716.90   LC3L6B34   
0   3   6   3    -93.35     81.92     36.48     18.24   -1716.90   LC3L6B56   
0   3   6   4    -93.35    100.16     36.48     18.24   -1716.90   LC3L6B78   
0   4   6   1   -129.83     54.56     36.48     36.48   -1716.90   LC4L6B12   
0   4   6   2   -129.83     91.04     36.48     36.48   -1716.90   LC4L6B34   
0   5   6   1   -166.31     54.56     36.48     36.48   -1716.90   LC5L6B12   
0   5   6   2   -166.31     91.04     36.48     36.48   -1716.90   LC5L6B34   
0   6   6   1   -202.79     54.56     36.48     36.48   -1716.90   LC6L6B12   
0   6   6   2   -202.79     91.04     36.48     36.48   -1716.90   LC6L6B34   
0   7   6   1   -248.39     72.80     54.72     72.96   -1716.90   LC7L6B12   
0   2   5   1    -65.99    -27.36     18.24     18.24   -1724.10   LC2L5B12   
0   2   5   2    -65.99     -9.12     18.24     18.24   -1724.10   LC2L5B34   
0   2   5   3    -65.99      9.12     18.24     18.24   -1724.10   LC2L5B56   
0   2   5   4    -65.99     27.36     18.24     18.24   -1724.10   LC2L5B78   
0   3   5   1    -93.35    -27.36     36.48     18.24   -1724.10   LC3L5B12   
0   3   5   2    -93.35     -9.12     36.48     18.24   -1724.10   LC3L5B34   
0   3   5   3    -93.35      9.12     36.48     18.24   -1724.10   LC3L5B56   
0   3   5   4    -93.35     27.36     36.48     18.24   -1724.10   LC3L5B78   
0   4   5   1   -129.83    -18.24     36.48     36.48   -1724.10   LC4L5B12   
0   4   5   2   -129.83     18.24     36.48     36.48   -1724.10   LC4L5B34   
0   5   5   1   -166.31    -18.24     36.48     36.48   -1724.10   LC5L5B12   
0   5   5   2   -166.31     18.24     36.48     36.48   -1724.10   LC5L5B34   
0   6   5   1   -202.79    -18.24     36.48     36.48   -1724.10   LC6L5B12   
0   6   5   2   -202.79     18.24     36.48     36.48   -1724.10   LC6L5B34   
0   7   5   1   -248.39      0.00     54.72     72.96   -1724.10   LC7L5B12   
0   1   4   1    -20.39   -100.16     36.48     18.24   -1716.90   LC1L4B12   
0   1   4   2    -20.39    -81.92     36.48     18.24   -1716.90   LC1L4B34   
0   1   4   3    -20.39    -63.68     36.48     18.24   -1716.90   LC1L4B56   
0   2   4   1    -56.87   -100.16     36.48     18.24   -1716.90   LC2L4B12   
0   2   4   2    -56.87    -81.92     36.48     18.24   -1716.90   LC2L4B34   
0   2   4   3    -56.87    -63.68     36.48     18.24   -1716.90   LC2L4B56   
0   2   4   4    -56.87    -45.44     36.48     18.24   -1716.90   LC2L4B78   
0   3   4   1    -93.35   -100.16     36.48     18.24   -1716.90   LC3L4B12   
0   3   4   2    -93.35    -81.92     36.48     18.24   -1716.90   LC3L4B34   
0   3   4   3    -93.35    -63.68     36.48     18.24   -1716.90   LC3L4B56   
0   3   4   4    -93.35    -45.44     36.48     18.24   -1716.90   LC3L4B78   
0   4   4   1   -129.83    -91.04     36.48     36.48   -1716.90   LC4L4B12   
0   4   4   2   -129.83    -54.56     36.48     36.48   -1716.90   LC4L4B34   
0   5   4   1   -166.31    -91.04     36.48     36.48   -1716.90   LC5L4B12   
0   5   4   2   -166.31    -54.56     36.48     36.48   -1716.90   LC5L4B34   
0   6   4   1   -202.79    -91.04     36.48     36.48   -1716.90   LC6L4B12   
0   6   4   2   -202.79    -54.56     36.48     36.48   -1716.90   LC6L4B34   
0   7   4   1   -248.39    -72.80     54.72     72.96   -1716.90   LC7L4B12   
0   1   3   1    -20.39   -164.49     36.48     36.48   -1724.10   LC1L3B12   
0   1   3   2    -20.39   -128.01     36.48     36.48   -1724.10   LC1L3B34   
0   2   3   1    -56.87   -164.49     36.48     36.48   -1724.10   LC2L3B12   
0   2   3   2    -56.87   -128.01     36.48     36.48   -1724.10   LC2L3B34   
0   3   3   1    -93.35   -164.49     36.48     36.48   -1724.10   LC3L3B12   
0   3   3   2    -93.35   -128.01     36.48     36.48   -1724.10   LC3L3B34   
0   4   3   1   -129.83   -164.49     36.48     36.48   -1724.10   LC4L3B12   
0   4   3   2   -129.83   -128.01     36.48     36.48   -1724.10   LC4L3B34   
0   5   3   1   -166.31   -164.49     36.48     36.48   -1724.10   LC5L3B12   
0   5   3   2   -166.31   -128.01     36.48     36.48   -1724.10   LC5L3B34   
0   6   3   1   -202.79   -164.49     36.48     36.48   -1724.10   LC6L3B12   
0   6   3   2   -202.79   -128.01     36.48     36.48   -1724.10   LC6L3B34   
0   7   3   1   -248.39   -146.25     54.72     72.96   -1724.10   LC7L3B12   
0   1   2   1    -20.39   -236.63     36.48     36.48   -1716.90   LC1L2B12   
0   1   2   2    -20.39   -200.15     36.48     36.48   -1716.90   LC1L2B34   
0   2   2   1    -56.87   -236.63     36.48     36.48   -1716.90   LC2L2B12   
0   2   2   2    -56.87   -200.15     36.48     36.48   -1716.90   LC2L2B34   
0   3   2   1    -93.35   -236.63     36.48     36.48   -1716.90   LC3L2B12   
0   3   2   2    -93.35   -200.15     36.48     36.48   -1716.90   LC3L2B34   
0   4   2   1   -129.83   -236.63     36.48     36.48   -1716.90   LC4L2B12   
0   4   2   2   -129.83   -200.15     36.48     36.48   -1716.90   LC4L2B34   
0   5   2   1   -166.31   -236.63     36.48     36.48   -1716.90   LC5L2B12   
0   5   2   2   -166.31   -200.15     36.48     36.48   -1716.90   LC5L2B34   
0   6   2   1   -202.79   -236.63     36.48     36.48   -1716.90   LC6L2B12   
0   6   2   2   -202.79   -200.15     36.48     36.48   -1716.90   LC6L2B34   
0   7   2   1   -248.39   -218.39     54.72     72.96   -1716.90   LC7L2B12   
0   1   1   1    -20.39   -292.50     36.48     72.96   -1724.10   LC1L1B12   
0   2   1   1    -56.87   -292.50     36.48     72.96   -1724.10   LC2L1B12   
0   3   1   1    -93.35   -292.50     36.48     72.96   -1724.10   LC3L1B12   
0   4   1   1   -129.83   -292.50     36.48     72.96   -1724.10   LC4L1B12   
0   5   1   1   -166.31   -292.50     36.48     72.96   -1724.10   LC5L1B12   
0   6   1   1   -202.79   -292.50     36.48     72.96   -1724.10   LC6L1B12   
0   7   1   1   -248.39   -292.50     54.72     72.96   -1724.10   LC7L1B12   
1   1   1   1     20.39   -291.19     36.48     72.96   -1716.90   RC1L1B12   
1   2   1   1     56.87   -291.19     36.48     72.96   -1716.90   RC2L1B12   
1   3   1   1     93.35   -291.19     36.48     72.96   -1716.90   RC3L1B12   
1   4   1   1    129.83   -291.19     36.48     72.96   -1716.90   RC4L1B12   
1   5   1   1    166.31   -291.19     36.48     72.96   -1716.90   RC5L1B12   
1   6   1   1    202.79   -291.19     36.48     72.96   -1716.90   RC6L1B12   
1   7   1   1    248.39   -291.19     54.72     72.96   -1716.90   RC7L1B12   
1   1   2   1     20.39   -237.62     36.48     36.48   -1724.10   RC1L2B12   
1   1   2   2     20.39   -201.14     36.48     36.48   -1724.10   RC1L2B34   
1   2   2   1     56.87   -237.62     36.48     36.48   -1724.10   RC2L2B12   
1   2   2   2     56.87   -201.14     36.48     36.48   -1724.10   RC2L2B34   
1   3   2   1     93.35   -237.62     36.48     36.48   -1724.10   RC3L2B12   
1   3   2   2     93.35   -201.14     36.48     36.48   -1724.10   RC3L2B34   
1   4   2   1    129.83   -237.62     36.48     36.48   -1724.10   RC4L2B12   
1   4   2   2    129.83   -201.14     36.48     36.48   -1724.10   RC4L2B34   
1   5   2   1    166.31   -237.62     36.48     36.48   -1724.10   RC5L2B12   
1   5   2   2    166.31   -201.14     36.48     36.48   -1724.10   RC5L2B34   
1   6   2   1    202.79   -237.62     36.48     36.48   -1724.10   RC6L2B12   
1   6   2   2    202.79   -201.14     36.48     36.48   -1724.10   RC6L2B34   
1   7   2   1    248.39   -219.38     54.72     72.96   -1724.10   RC7L2B12   
1   1   3   1     20.39   -163.84     36.48     36.48   -1716.90   RC1L3B12   
1   1   3   2     20.39   -127.36     36.48     36.48   -1716.90   RC1L3B34   
1   2   3   1     56.87   -163.84     36.48     36.48   -1716.90   RC2L3B12   
1   2   3   2     56.87   -127.36     36.48     36.48   -1716.90   RC2L3B34   
1   3   3   1     93.35   -163.84     36.48     36.48   -1716.90   RC3L3B12   
1   3   3   2     93.35   -127.36     36.48     36.48   -1716.90   RC3L3B34   
1   4   3   1    129.83   -163.84     36.48     36.48   -1716.90   RC4L3B12   
1   4   3   2    129.83   -127.36     36.48     36.48   -1716.90   RC4L3B34   
1   5   3   1    166.31   -163.84     36.48     36.48   -1716.90   RC5L3B12   
1   5   3   2    166.31   -127.36     36.48     36.48   -1716.90   RC5L3B34   
1   6   3   1    202.79   -163.84     36.48     36.48   -1716.90   RC6L3B12   
1   6   3   2    202.79   -127.36     36.48     36.48   -1716.90   RC6L3B34   
1   7   3   1    248.39   -145.60     54.72     72.96   -1716.90   RC7L3B12   
1   1   4   1     20.39   -100.49     36.48     18.24   -1724.10   RC1L4B12   
1   1   4   2     20.39    -82.25     36.48     18.24   -1724.10   RC1L4B34   
1   1   4   3     20.39    -64.01     36.48     18.24   -1724.10   RC1L4B56   
1   2   4   1     56.87   -100.49     36.48     18.24   -1724.10   RC2L4B12   
1   2   4   2     56.87    -82.25     36.48     18.24   -1724.10   RC2L4B34   
1   2   4   3     56.87    -64.01     36.48     18.24   -1724.10   RC2L4B56   
1   2   4   4     56.87    -45.76     36.48     18.24   -1724.10   RC2L4B78   
1   3   4   1     93.35   -100.49     36.48     18.24   -1724.10   RC3L4B12   
1   3   4   2     93.35    -82.25     36.48     18.24   -1724.10   RC3L4B34   
1   3   4   3     93.35    -64.01     36.48     18.24   -1724.10   RC3L4B56   
1   3   4   4     93.35    -45.76     36.48     18.24   -1724.10   RC3L4B78   
1   4   4   1    129.83    -91.37     36.48     36.48   -1724.10   RC4L4B12   
1   4   4   2    129.83    -54.89     36.48     36.48   -1724.10   RC4L4B34   
1   5   4   1    166.31    -91.37     36.48     36.48   -1724.10   RC5L4B12   
1   5   4   2    166.31    -54.89     36.48     36.48   -1724.10   RC5L4B34   
1   6   4   1    202.79    -91.37     36.48     36.48   -1724.10   RC6L4B12   
1   6   4   2    202.79    -54.89     36.48     36.48   -1724.10   RC6L4B34   
1   7   4   1    248.39    -73.13     54.72     72.96   -1724.10   RC7L4B12   
