1   2   5   1     65.34    -27.09     18.06     18.06   -1699.90   RC2L5B12   
1   2   5   2     65.34     -9.03     18.06     18.06   -1699.90   RC2L5B34   
1   2   5   3     65.34      9.03     18.06     18.06   -1699.90   RC2L5B56   
1   2   5   4     65.34     27.09     18.06     18.06   -1699.90   RC2L5B78   
1   3   5   1     92.43    -27.09     36.12     18.06   -1699.90   RC3L5B12   
1   3   5   2     92.43     -9.03     36.12     18.06   -1699.90   RC3L5B34   
1   3   5   3     92.43      9.03     36.12     18.06   -1699.90   RC3L5B56   
1   3   5   4     92.43     27.09     36.12     18.06   -1699.90   RC3L5B78   
1   4   5   1    128.55    -18.06     36.12     36.12   -1699.90   RC4L5B12   
1   4   5   2    128.55     18.06     36.12     36.12   -1699.90   RC4L5B34   
1   5   5   1    164.67    -18.06     36.12     36.12   -1699.90   RC5L5B12   
1   5   5   2    164.67     18.06     36.12     36.12   -1699.90   RC5L5B34   
1   6   5   1    200.79    -18.06     36.12     36.12   -1699.90   RC6L5B12   
1   6   5   2    200.79     18.06     36.12     36.12   -1699.90   RC6L5B34   
1   7   5   1    245.94      0.00     54.18     72.24   -1699.90   RC7L5B12   
1   1   6   1     20.18     63.37     36.12     18.06   -1707.10   RC1L6B12   
1   1   6   2     20.18     81.43     36.12     18.06   -1707.10   RC1L6B34   
1   1   6   3     20.18     99.49     36.12     18.06   -1707.10   RC1L6B56   
1   2   6   1     56.31     45.31     36.12     18.06   -1707.10   RC2L6B12   
1   2   6   2     56.31     63.37     36.12     18.06   -1707.10   RC2L6B34   
1   2   6   3     56.31     81.43     36.12     18.06   -1707.10   RC2L6B56   
1   2   6   4     56.31     99.49     36.12     18.06   -1707.10   RC2L6B78   
1   3   6   1     92.43     45.31     36.12     18.06   -1707.10   RC3L6B12   
1   3   6   2     92.43     63.37     36.12     18.06   -1707.10   RC3L6B34   
1   3   6   3     92.43     81.43     36.12     18.06   -1707.10   RC3L6B56   
1   3   6   4     92.43     99.49     36.12     18.06   -1707.10   RC3L6B78   
1   4   6   1    128.55     54.34     36.12     36.12   -1707.10   RC4L6B12   
1   4   6   2    128.55     90.46     36.12     36.12   -1707.10   RC4L6B34   
1   5   6   1    164.67     54.34     36.12     36.12   -1707.10   RC5L6B12   
1   5   6   2    164.67     90.46     36.12     36.12   -1707.10   RC5L6B34   
1   6   6   1    200.79     54.34     36.12     36.12   -1707.10   RC6L6B12   
1   6   6   2    200.79     90.46     36.12     36.12   -1707.10   RC6L6B34   
1   7   6   1    245.94     72.40     54.18     72.24   -1707.10   RC7L6B12   
1   1   7   1     20.18    126.10     36.12     36.12   -1699.90   RC1L7B12   
1   1   7   2     20.18    162.22     36.12     36.12   -1699.90   RC1L7B34   
1   2   7   1     56.31    126.10     36.12     36.12   -1699.90   RC2L7B12   
1   2   7   2     56.31    162.22     36.12     36.12   -1699.90   RC2L7B34   
1   3   7   1     92.43    126.10     36.12     36.12   -1699.90   RC3L7B12   
1   3   7   2     92.43    162.22     36.12     36.12   -1699.90   RC3L7B34   
1   4   7   1    128.55    126.10     36.12     36.12   -1699.90   RC4L7B12   
1   4   7   2    128.55    162.22     36.12     36.12   -1699.90   RC4L7B34   
1   5   7   1    164.67    126.10     36.12     36.12   -1699.90   RC5L7B12   
1   5   7   2    164.67    162.22     36.12     36.12   -1699.90   RC5L7B34   
1   6   7   1    200.79    126.10     36.12     36.12   -1699.90   RC6L7B12   
1   6   7   2    200.79    162.22     36.12     36.12   -1699.90   RC6L7B34   
1   7   7   1    245.94    144.16     54.18     72.24   -1699.90   RC7L7B12   
1   1   8   1     20.18    199.15     36.12     36.12   -1707.10   RC1L8B12   
1   1   8   2     20.18    235.27     36.12     36.12   -1707.10   RC1L8B34   
1   2   8   1     56.31    199.15     36.12     36.12   -1707.10   RC2L8B12   
1   2   8   2     56.31    235.27     36.12     36.12   -1707.10   RC2L8B34   
1   3   8   1     92.43    199.15     36.12     36.12   -1707.10   RC3L8B12   
1   3   8   2     92.43    235.27     36.12     36.12   -1707.10   RC3L8B34   
1   4   8   1    128.55    199.15     36.12     36.12   -1707.10   RC4L8B12   
1   4   8   2    128.55    235.27     36.12     36.12   -1707.10   RC4L8B34   
1   5   8   1    164.67    199.15     36.12     36.12   -1707.10   RC5L8B12   
1   5   8   2    164.67    235.27     36.12     36.12   -1707.10   RC5L8B34   
1   6   8   1    200.79    199.15     36.12     36.12   -1707.10   RC6L8B12   
1   6   8   2    200.79    235.27     36.12     36.12   -1707.10   RC6L8B34   
1   7   8   1    245.94    217.21     54.18     72.24   -1707.10   RC7L8B12   
1   1   9   1     20.18    288.31     36.12     72.24   -1699.90   RC1L9B12   
1   2   9   1     56.31    288.31     36.12     72.24   -1699.90   RC2L9B12   
1   3   9   1     92.43    288.31     36.12     72.24   -1699.90   RC3L9B12   
1   4   9   1    128.55    288.31     36.12     72.24   -1699.90   RC4L9B12   
1   5   9   1    164.67    288.31     36.12     72.24   -1699.90   RC5L9B12   
1   6   9   1    200.79    288.31     36.12     72.24   -1699.90   RC6L9B12   
1   7   9   1    245.94    288.31     54.18     72.24   -1699.90   RC7L9B12   
0   1   9   1    -20.18    289.61     36.12     72.24   -1707.10   LC1L9B12   
0   2   9   1    -56.31    289.61     36.12     72.24   -1707.10   LC2L9B12   
0   3   9   1    -92.43    289.61     36.12     72.24   -1707.10   LC3L9B12   
0   4   9   1   -128.55    289.61     36.12     72.24   -1707.10   LC4L9B12   
0   5   9   1   -164.67    289.61     36.12     72.24   -1707.10   LC5L9B12   
0   6   9   1   -200.79    289.61     36.12     72.24   -1707.10   LC6L9B12   
0   7   9   1   -245.94    289.61     54.18     72.24   -1707.10   LC7L9B12   
0   1   8   1    -20.18    198.18     36.12     36.12   -1699.90   LC1L8B12   
0   1   8   2    -20.18    234.30     36.12     36.12   -1699.90   LC1L8B34   
0   2   8   1    -56.31    198.18     36.12     36.12   -1699.90   LC2L8B12   
0   2   8   2    -56.31    234.30     36.12     36.12   -1699.90   LC2L8B34   
0   3   8   1    -92.43    198.18     36.12     36.12   -1699.90   LC3L8B12   
0   3   8   2    -92.43    234.30     36.12     36.12   -1699.90   LC3L8B34   
0   4   8   1   -128.55    198.18     36.12     36.12   -1699.90   LC4L8B12   
0   4   8   2   -128.55    234.30     36.12     36.12   -1699.90   LC4L8B34   
0   5   8   1   -164.67    198.18     36.12     36.12   -1699.90   LC5L8B12   
0   5   8   2   -164.67    234.30     36.12     36.12   -1699.90   LC5L8B34   
0   6   8   1   -200.79    198.18     36.12     36.12   -1699.90   LC6L8B12   
0   6   8   2   -200.79    234.30     36.12     36.12   -1699.90   LC6L8B34   
0   7   8   1   -245.94    216.24     54.18     72.24   -1699.90   LC7L8B12   
0   1   7   1    -20.18    126.75     36.12     36.12   -1707.10   LC1L7B12   
0   1   7   2    -20.18    162.87     36.12     36.12   -1707.10   LC1L7B34   
0   2   7   1    -56.31    126.75     36.12     36.12   -1707.10   LC2L7B12   
0   2   7   2    -56.31    162.87     36.12     36.12   -1707.10   LC2L7B34   
0   3   7   1    -92.43    126.75     36.12     36.12   -1707.10   LC3L7B12   
0   3   7   2    -92.43    162.87     36.12     36.12   -1707.10   LC3L7B34   
0   4   7   1   -128.55    126.75     36.12     36.12   -1707.10   LC4L7B12   
0   4   7   2   -128.55    162.87     36.12     36.12   -1707.10   LC4L7B34   
0   5   7   1   -164.67    126.75     36.12     36.12   -1707.10   LC5L7B12   
0   5   7   2   -164.67    162.87     36.12     36.12   -1707.10   LC5L7B34   
0   6   7   1   -200.79    126.75     36.12     36.12   -1707.10   LC6L7B12   
0   6   7   2   -200.79    162.87     36.12     36.12   -1707.10   LC6L7B34   
0   7   7   1   -245.94    144.81     54.18     72.24   -1707.10   LC7L7B12   
0   1   6   1    -20.18     63.05     36.12     18.06   -1699.90   LC1L6B12   
0   1   6   2    -20.18     81.11     36.12     18.06   -1699.90   LC1L6B34   
0   1   6   3    -20.18     99.17     36.12     18.06   -1699.90   LC1L6B56   
0   2   6   1    -56.31     44.99     36.12     18.06   -1699.90   LC2L6B12   
0   2   6   2    -56.31     63.05     36.12     18.06   -1699.90   LC2L6B34   
0   2   6   3    -56.31     81.11     36.12     18.06   -1699.90   LC2L6B56   
0   2   6   4    -56.31     99.17     36.12     18.06   -1699.90   LC2L6B78   
0   3   6   1    -92.43     44.99     36.12     18.06   -1699.90   LC3L6B12   
0   3   6   2    -92.43     63.05     36.12     18.06   -1699.90   LC3L6B34   
0   3   6   3    -92.43     81.11     36.12     18.06   -1699.90   LC3L6B56   
0   3   6   4    -92.43     99.17     36.12     18.06   -1699.90   LC3L6B78   
0   4   6   1   -128.55     54.02     36.12     36.12   -1699.90   LC4L6B12   
0   4   6   2   -128.55     90.14     36.12     36.12   -1699.90   LC4L6B34   
0   5   6   1   -164.67     54.02     36.12     36.12   -1699.90   LC5L6B12   
0   5   6   2   -164.67     90.14     36.12     36.12   -1699.90   LC5L6B34   
0   6   6   1   -200.79     54.02     36.12     36.12   -1699.90   LC6L6B12   
0   6   6   2   -200.79     90.14     36.12     36.12   -1699.90   LC6L6B34   
0   7   6   1   -245.94     72.08     54.18     72.24   -1699.90   LC7L6B12   
0   2   5   1    -65.34    -27.09     18.06     18.06   -1707.10   LC2L5B12   
0   2   5   2    -65.34     -9.03     18.06     18.06   -1707.10   LC2L5B34   
0   2   5   3    -65.34      9.03     18.06     18.06   -1707.10   LC2L5B56   
0   2   5   4    -65.34     27.09     18.06     18.06   -1707.10   LC2L5B78   
0   3   5   1    -92.43    -27.09     36.12     18.06   -1707.10   LC3L5B12   
0   3   5   2    -92.43     -9.03     36.12     18.06   -1707.10   LC3L5B34   
0   3   5   3    -92.43      9.03     36.12     18.06   -1707.10   LC3L5B56   
0   3   5   4    -92.43     27.09     36.12     18.06   -1707.10   LC3L5B78   
0   4   5   1   -128.55    -18.06     36.12     36.12   -1707.10   LC4L5B12   
0   4   5   2   -128.55     18.06     36.12     36.12   -1707.10   LC4L5B34   
0   5   5   1   -164.67    -18.06     36.12     36.12   -1707.10   LC5L5B12   
0   5   5   2   -164.67     18.06     36.12     36.12   -1707.10   LC5L5B34   
0   6   5   1   -200.79    -18.06     36.12     36.12   -1707.10   LC6L5B12   
0   6   5   2   -200.79     18.06     36.12     36.12   -1707.10   LC6L5B34   
0   7   5   1   -245.94      0.00     54.18     72.24   -1707.10   LC7L5B12   
0   1   4   1    -20.18    -99.17     36.12     18.06   -1699.90   LC1L4B12   
0   1   4   2    -20.18    -81.11     36.12     18.06   -1699.90   LC1L4B34   
0   1   4   3    -20.18    -63.05     36.12     18.06   -1699.90   LC1L4B56   
0   2   4   1    -56.31    -99.17     36.12     18.06   -1699.90   LC2L4B12   
0   2   4   2    -56.31    -81.11     36.12     18.06   -1699.90   LC2L4B34   
0   2   4   3    -56.31    -63.05     36.12     18.06   -1699.90   LC2L4B56   
0   2   4   4    -56.31    -44.99     36.12     18.06   -1699.90   LC2L4B78   
0   3   4   1    -92.43    -99.17     36.12     18.06   -1699.90   LC3L4B12   
0   3   4   2    -92.43    -81.11     36.12     18.06   -1699.90   LC3L4B34   
0   3   4   3    -92.43    -63.05     36.12     18.06   -1699.90   LC3L4B56   
0   3   4   4    -92.43    -44.99     36.12     18.06   -1699.90   LC3L4B78   
0   4   4   1   -128.55    -90.14     36.12     36.12   -1699.90   LC4L4B12   
0   4   4   2   -128.55    -54.02     36.12     36.12   -1699.90   LC4L4B34   
0   5   4   1   -164.67    -90.14     36.12     36.12   -1699.90   LC5L4B12   
0   5   4   2   -164.67    -54.02     36.12     36.12   -1699.90   LC5L4B34   
0   6   4   1   -200.79    -90.14     36.12     36.12   -1699.90   LC6L4B12   
0   6   4   2   -200.79    -54.02     36.12     36.12   -1699.90   LC6L4B34   
0   7   4   1   -245.94    -72.08     54.18     72.24   -1699.90   LC7L4B12   
0   1   3   1    -20.18   -162.87     36.12     36.12   -1707.10   LC1L3B12   
0   1   3   2    -20.18   -126.75     36.12     36.12   -1707.10   LC1L3B34   
0   2   3   1    -56.31   -162.87     36.12     36.12   -1707.10   LC2L3B12   
0   2   3   2    -56.31   -126.75     36.12     36.12   -1707.10   LC2L3B34   
0   3   3   1    -92.43   -162.87     36.12     36.12   -1707.10   LC3L3B12   
0   3   3   2    -92.43   -126.75     36.12     36.12   -1707.10   LC3L3B34   
0   4   3   1   -128.55   -162.87     36.12     36.12   -1707.10   LC4L3B12   
0   4   3   2   -128.55   -126.75     36.12     36.12   -1707.10   LC4L3B34   
0   5   3   1   -164.67   -162.87     36.12     36.12   -1707.10   LC5L3B12   
0   5   3   2   -164.67   -126.75     36.12     36.12   -1707.10   LC5L3B34   
0   6   3   1   -200.79   -162.87     36.12     36.12   -1707.10   LC6L3B12   
0   6   3   2   -200.79   -126.75     36.12     36.12   -1707.10   LC6L3B34   
0   7   3   1   -245.94   -144.81     54.18     72.24   -1707.10   LC7L3B12   
0   1   2   1    -20.18   -234.30     36.12     36.12   -1699.90   LC1L2B12   
0   1   2   2    -20.18   -198.18     36.12     36.12   -1699.90   LC1L2B34   
0   2   2   1    -56.31   -234.30     36.12     36.12   -1699.90   LC2L2B12   
0   2   2   2    -56.31   -198.18     36.12     36.12   -1699.90   LC2L2B34   
0   3   2   1    -92.43   -234.30     36.12     36.12   -1699.90   LC3L2B12   
0   3   2   2    -92.43   -198.18     36.12     36.12   -1699.90   LC3L2B34   
0   4   2   1   -128.55   -234.30     36.12     36.12   -1699.90   LC4L2B12   
0   4   2   2   -128.55   -198.18     36.12     36.12   -1699.90   LC4L2B34   
0   5   2   1   -164.67   -234.30     36.12     36.12   -1699.90   LC5L2B12   
0   5   2   2   -164.67   -198.18     36.12     36.12   -1699.90   LC5L2B34   
0   6   2   1   -200.79   -234.30     36.12     36.12   -1699.90   LC6L2B12   
0   6   2   2   -200.79   -198.18     36.12     36.12   -1699.90   LC6L2B34   
0   7   2   1   -245.94   -216.24     54.18     72.24   -1699.90   LC7L2B12   
0   1   1   1    -20.18   -289.61     36.12     72.24   -1707.10   LC1L1B12   
0   2   1   1    -56.31   -289.61     36.12     72.24   -1707.10   LC2L1B12   
0   3   1   1    -92.43   -289.61     36.12     72.24   -1707.10   LC3L1B12   
0   4   1   1   -128.55   -289.61     36.12     72.24   -1707.10   LC4L1B12   
0   5   1   1   -164.67   -289.61     36.12     72.24   -1707.10   LC5L1B12   
0   6   1   1   -200.79   -289.61     36.12     72.24   -1707.10   LC6L1B12   
0   7   1   1   -245.94   -289.61     54.18     72.24   -1707.10   LC7L1B12   
1   1   1   1     20.18   -288.31     36.12     72.24   -1699.90   RC1L1B12   
1   2   1   1     56.31   -288.31     36.12     72.24   -1699.90   RC2L1B12   
1   3   1   1     92.43   -288.31     36.12     72.24   -1699.90   RC3L1B12   
1   4   1   1    128.55   -288.31     36.12     72.24   -1699.90   RC4L1B12   
1   5   1   1    164.67   -288.31     36.12     72.24   -1699.90   RC5L1B12   
1   6   1   1    200.79   -288.31     36.12     72.24   -1699.90   RC6L1B12   
1   7   1   1    245.94   -288.31     54.18     72.24   -1699.90   RC7L1B12   
1   1   2   1     20.18   -235.27     36.12     36.12   -1707.10   RC1L2B12   
1   1   2   2     20.18   -199.15     36.12     36.12   -1707.10   RC1L2B34   
1   2   2   1     56.31   -235.27     36.12     36.12   -1707.10   RC2L2B12   
1   2   2   2     56.31   -199.15     36.12     36.12   -1707.10   RC2L2B34   
1   3   2   1     92.43   -235.27     36.12     36.12   -1707.10   RC3L2B12   
1   3   2   2     92.43   -199.15     36.12     36.12   -1707.10   RC3L2B34   
1   4   2   1    128.55   -235.27     36.12     36.12   -1707.10   RC4L2B12   
1   4   2   2    128.55   -199.15     36.12     36.12   -1707.10   RC4L2B34   
1   5   2   1    164.67   -235.27     36.12     36.12   -1707.10   RC5L2B12   
1   5   2   2    164.67   -199.15     36.12     36.12   -1707.10   RC5L2B34   
1   6   2   1    200.79   -235.27     36.12     36.12   -1707.10   RC6L2B12   
1   6   2   2    200.79   -199.15     36.12     36.12   -1707.10   RC6L2B34   
1   7   2   1    245.94   -217.21     54.18     72.24   -1707.10   RC7L2B12   
1   1   3   1     20.18   -162.22     36.12     36.12   -1699.90   RC1L3B12   
1   1   3   2     20.18   -126.10     36.12     36.12   -1699.90   RC1L3B34   
1   2   3   1     56.31   -162.22     36.12     36.12   -1699.90   RC2L3B12   
1   2   3   2     56.31   -126.10     36.12     36.12   -1699.90   RC2L3B34   
1   3   3   1     92.43   -162.22     36.12     36.12   -1699.90   RC3L3B12   
1   3   3   2     92.43   -126.10     36.12     36.12   -1699.90   RC3L3B34   
1   4   3   1    128.55   -162.22     36.12     36.12   -1699.90   RC4L3B12   
1   4   3   2    128.55   -126.10     36.12     36.12   -1699.90   RC4L3B34   
1   5   3   1    164.67   -162.22     36.12     36.12   -1699.90   RC5L3B12   
1   5   3   2    164.67   -126.10     36.12     36.12   -1699.90   RC5L3B34   
1   6   3   1    200.79   -162.22     36.12     36.12   -1699.90   RC6L3B12   
1   6   3   2    200.79   -126.10     36.12     36.12   -1699.90   RC6L3B34   
1   7   3   1    245.94   -144.16     54.18     72.24   -1699.90   RC7L3B12   
1   1   4   1     20.18    -99.49     36.12     18.06   -1707.10   RC1L4B12   
1   1   4   2     20.18    -81.43     36.12     18.06   -1707.10   RC1L4B34   
1   1   4   3     20.18    -63.37     36.12     18.06   -1707.10   RC1L4B56   
1   2   4   1     56.31    -99.49     36.12     18.06   -1707.10   RC2L4B12   
1   2   4   2     56.31    -81.43     36.12     18.06   -1707.10   RC2L4B34   
1   2   4   3     56.31    -63.37     36.12     18.06   -1707.10   RC2L4B56   
1   2   4   4     56.31    -45.31     36.12     18.06   -1707.10   RC2L4B78   
1   3   4   1     92.43    -99.49     36.12     18.06   -1707.10   RC3L4B12   
1   3   4   2     92.43    -81.43     36.12     18.06   -1707.10   RC3L4B34   
1   3   4   3     92.43    -63.37     36.12     18.06   -1707.10   RC3L4B56   
1   3   4   4     92.43    -45.31     36.12     18.06   -1707.10   RC3L4B78   
1   4   4   1    128.55    -90.46     36.12     36.12   -1707.10   RC4L4B12   
1   4   4   2    128.55    -54.34     36.12     36.12   -1707.10   RC4L4B34   
1   5   4   1    164.67    -90.46     36.12     36.12   -1707.10   RC5L4B12   
1   5   4   2    164.67    -54.34     36.12     36.12   -1707.10   RC5L4B34   
1   6   4   1    200.79    -90.46     36.12     36.12   -1707.10   RC6L4B12   
1   6   4   2    200.79    -54.34     36.12     36.12   -1707.10   RC6L4B34   
1   7   4   1    245.94    -72.40     54.18     72.24   -1707.10   RC7L4B12   
