1   2   5   1     0     7     0   RC2L5B12   
1   2   5   2     0     7     0   RC2L5B34   
1   2   5   3     0     7     0   RC2L5B56   
1   2   5   4     0     7     0   RC2L5B78   
1   3   5   1     8    23     0   RC3L5B12   
1   3   5   2     8    23     0   RC3L5B34   
1   3   5   3     8    23     0   RC3L5B56   
1   3   5   4     8    23     0   RC3L5B78   
1   4   5   1    24    39     0   RC4L5B12   
1   4   5   2    24    39     0   RC4L5B34   
1   5   5   1    40    55     0   RC5L5B12   
1   5   5   2    40    55     0   RC5L5B34   
1   6   5   1    56    63     0   RC6L5B12   
1   6   5   2    56    63     0   RC6L5B34   
1   7   5   1    64    79     0   RC7L5B12   
1   1   6   1     0    15     0   RC1L6B12   
1   1   6   2     0    15     0   RC1L6B34   
1   1   6   3     0    15     0   RC1L6B56   
1   2   6   1    16    31     0   RC2L6B12   
1   2   6   2    16    31     0   RC2L6B34   
1   2   6   3    16    31     0   RC2L6B56   
1   2   6   4    16    31     0   RC2L6B78   
1   3   6   1    32    47     0   RC3L6B12   
1   3   6   2    32    47     0   RC3L6B34   
1   3   6   3    32    47     0   RC3L6B56   
1   3   6   4    32    47     0   RC3L6B78   
1   4   6   1    48    63     0   RC4L6B12   
1   4   6   2    48    63     0   RC4L6B34   
1   5   6   1    64    79     0   RC5L6B12   
1   5   6   2    64    79     0   RC5L6B34   
1   6   6   1    80    87     0   RC6L6B12   
1   6   6   2    80    87     0   RC6L6B34   
1   7   6   1    88   103     0   RC7L6B12   
1   1   7   1     0    15     0   RC1L7B12   
1   1   7   2     0    15     0   RC1L7B34   
1   2   7   1    16    31     0   RC2L7B12   
1   2   7   2    16    31     0   RC2L7B34   
1   3   7   1    32    47     0   RC3L7B12   
1   3   7   2    32    47     0   RC3L7B34   
1   4   7   1    48    63     0   RC4L7B12   
1   4   7   2    48    63     0   RC4L7B34   
1   5   7   1    64    79     0   RC5L7B12   
1   5   7   2    64    79     0   RC5L7B34   
1   6   7   1    80    87     0   RC6L7B12   
1   6   7   2    80    87     0   RC6L7B34   
1   7   7   1    88   103     0   RC7L7B12   
1   1   8   1     0     7     0   RC1L8B12   
1   1   8   2     0     7     0   RC1L8B34   
1   2   8   1     8    15     0   RC2L8B12   
1   2   8   2     8    15     0   RC2L8B34   
1   3   8   1    16    23     0   RC3L8B12   
1   3   8   2    16    23     0   RC3L8B34   
1   4   8   1    24    31     0   RC4L8B12   
1   4   8   2    24    31     0   RC4L8B34   
1   5   8   1    32    39     0   RC5L8B12   
1   5   8   2    32    39     0   RC5L8B34   
1   6   8   1    40    47     0   RC6L8B12   
1   6   8   2    40    47     0   RC6L8B34   
1   7   8   1    48    63     0   RC7L8B12   
1   1   9   1     0     7     0   RC1L9B12   
1   2   9   1     8    15     0   RC2L9B12   
1   3   9   1    16    23     0   RC3L9B12   
1   4   9   1    24    31     0   RC4L9B12   
1   5   9   1    32    39     0   RC5L9B12   
1   6   9   1    40    47     0   RC6L9B12   
1   7   9   1    48    63     0   RC7L9B12   
0   1   9   1     0     7     0   LC1L9B12   
0   2   9   1     8    15     0   LC2L9B12   
0   3   9   1    16    23     0   LC3L9B12   
0   4   9   1    24    31     0   LC4L9B12   
0   5   9   1    32    39     0   LC5L9B12   
0   6   9   1    40    47     0   LC6L9B12   
0   7   9   1    48    63     0   LC7L9B12   
0   1   8   1     0     7     0   LC1L8B12   
0   1   8   2     0     7     0   LC1L8B34   
0   2   8   1     8    15     0   LC2L8B12   
0   2   8   2     8    15     0   LC2L8B34   
0   3   8   1    16    23     0   LC3L8B12   
0   3   8   2    16    23     0   LC3L8B34   
0   4   8   1    24    31     0   LC4L8B12   
0   4   8   2    24    31     0   LC4L8B34   
0   5   8   1    32    39     0   LC5L8B12   
0   5   8   2    32    39     0   LC5L8B34   
0   6   8   1    40    47     0   LC6L8B12   
0   6   8   2    40    47     0   LC6L8B34   
0   7   8   1    48    63     0   LC7L8B12   
0   1   7   1     0    15     0   LC1L7B12   
0   1   7   2     0    15     0   LC1L7B34   
0   2   7   1    16    31     0   LC2L7B12   
0   2   7   2    16    31     0   LC2L7B34   
0   3   7   1    32    47     0   LC3L7B12   
0   3   7   2    32    47     0   LC3L7B34   
0   4   7   1    48    63     0   LC4L7B12   
0   4   7   2    48    63     0   LC4L7B34   
0   5   7   1    64    79     0   LC5L7B12   
0   5   7   2    64    79     0   LC5L7B34   
0   6   7   1    80    87     0   LC6L7B12   
0   6   7   2    80    87     0   LC6L7B34   
0   7   7   1    88   103     0   LC7L7B12   
0   1   6   1     0    15     0   LC1L6B12   
0   1   6   2     0    15     0   LC1L6B34   
0   1   6   3     0    15     0   LC1L6B56   
0   2   6   1    16    31     0   LC2L6B12   
0   2   6   2    16    31     0   LC2L6B34   
0   2   6   3    16    31     0   LC2L6B56   
0   2   6   4    16    31     0   LC2L6B78   
0   3   6   1    32    47     0   LC3L6B12   
0   3   6   2    32    47     0   LC3L6B34   
0   3   6   3    32    47     0   LC3L6B56   
0   3   6   4    32    47     0   LC3L6B78   
0   4   6   1    48    63     0   LC4L6B12   
0   4   6   2    48    63     0   LC4L6B34   
0   5   6   1    64    79     0   LC5L6B12   
0   5   6   2    64    79     0   LC5L6B34   
0   6   6   1    80    87     0   LC6L6B12   
0   6   6   2    80    87     0   LC6L6B34   
0   7   6   1    88   103     0   LC7L6B12   
0   2   5   1     0     7     0   LC2L5B12   
0   2   5   2     0     7     0   LC2L5B34   
0   2   5   3     0     7     0   LC2L5B56   
0   2   5   4     0     7     0   LC2L5B78   
0   3   5   1     8    23     0   LC3L5B12   
0   3   5   2     8    23     0   LC3L5B34   
0   3   5   3     8    23     0   LC3L5B56   
0   3   5   4     8    23     0   LC3L5B78   
0   4   5   1    24    39     0   LC4L5B12   
0   4   5   2    24    39     0   LC4L5B34   
0   5   5   1    40    55     0   LC5L5B12   
0   5   5   2    40    55     0   LC5L5B34   
0   6   5   1    56    63     0   LC6L5B12   
0   6   5   2    56    63     0   LC6L5B34   
0   7   5   1    64    79     0   LC7L5B12   
0   1   4   1     0    15     0   LC1L4B12   
0   1   4   2     0    15     0   LC1L4B34   
0   1   4   3     0    15     0   LC1L4B56   
0   2   4   1    16    31     0   LC2L4B12   
0   2   4   2    16    31     0   LC2L4B34   
0   2   4   3    16    31     0   LC2L4B56   
0   2   4   4    16    31     0   LC2L4B78   
0   3   4   1    32    47     0   LC3L4B12   
0   3   4   2    32    47     0   LC3L4B34   
0   3   4   3    32    47     0   LC3L4B56   
0   3   4   4    32    47     0   LC3L4B78   
0   4   4   1    48    63     0   LC4L4B12   
0   4   4   2    48    63     0   LC4L4B34   
0   5   4   1    64    79     0   LC5L4B12   
0   5   4   2    64    79     0   LC5L4B34   
0   6   4   1    80    87     0   LC6L4B12   
0   6   4   2    80    87     0   LC6L4B34   
0   7   4   1    88   103     0   LC7L4B12   
0   1   3   1     0    15     0   LC1L3B12   
0   1   3   2     0    15     0   LC1L3B34   
0   2   3   1    16    31     0   LC2L3B12   
0   2   3   2    16    31     0   LC2L3B34   
0   3   3   1    32    47     0   LC3L3B12   
0   3   3   2    32    47     0   LC3L3B34   
0   4   3   1    48    63     0   LC4L3B12   
0   4   3   2    48    63     0   LC4L3B34   
0   5   3   1    64    79     0   LC5L3B12   
0   5   3   2    64    79     0   LC5L3B34   
0   6   3   1    80    87     0   LC6L3B12   
0   6   3   2    80    87     0   LC6L3B34   
0   7   3   1    88   103     0   LC7L3B12   
0   1   2   1     0     7     0   LC1L2B12   
0   1   2   2     0     7     0   LC1L2B34   
0   2   2   1     8    15     0   LC2L2B12   
0   2   2   2     8    15     0   LC2L2B34   
0   3   2   1    16    23     0   LC3L2B12   
0   3   2   2    16    23     0   LC3L2B34   
0   4   2   1    24    31     0   LC4L2B12   
0   4   2   2    24    31     0   LC4L2B34   
0   5   2   1    32    39     0   LC5L2B12   
0   5   2   2    32    39     0   LC5L2B34   
0   6   2   1    40    47     0   LC6L2B12   
0   6   2   2    40    47     0   LC6L2B34   
0   7   2   1    48    63     0   LC7L2B12   
0   1   1   1     0     7     0   LC1L1B12   
0   2   1   1     8    15     0   LC2L1B12   
0   3   1   1    16    23     0   LC3L1B12   
0   4   1   1    24    31     0   LC4L1B12   
0   5   1   1    32    39     0   LC5L1B12   
0   6   1   1    40    47     0   LC6L1B12   
0   7   1   1    48    63     0   LC7L1B12   
1   1   1   1     0     7     0   RC1L1B12   
1   2   1   1     8    15     0   RC2L1B12   
1   3   1   1    16    23     0   RC3L1B12   
1   4   1   1    24    31     0   RC4L1B12   
1   5   1   1    32    39     0   RC5L1B12   
1   6   1   1    40    47     0   RC6L1B12   
1   7   1   1    48    63     0   RC7L1B12   
1   1   2   1     0     7     0   RC1L2B12   
1   1   2   2     0     7     0   RC1L2B34   
1   2   2   1     8    15     0   RC2L2B12   
1   2   2   2     8    15     0   RC2L2B34   
1   3   2   1    16    23     0   RC3L2B12   
1   3   2   2    16    23     0   RC3L2B34   
1   4   2   1    24    31     0   RC4L2B12   
1   4   2   2    24    31     0   RC4L2B34   
1   5   2   1    32    39     0   RC5L2B12   
1   5   2   2    32    39     0   RC5L2B34   
1   6   2   1    40    47     0   RC6L2B12   
1   6   2   2    40    47     0   RC6L2B34   
1   7   2   1    48    63     0   RC7L2B12   
1   1   3   1     0    15     0   RC1L3B12   
1   1   3   2     0    15     0   RC1L3B34   
1   2   3   1    16    31     0   RC2L3B12   
1   2   3   2    16    31     0   RC2L3B34   
1   3   3   1    32    47     0   RC3L3B12   
1   3   3   2    32    47     0   RC3L3B34   
1   4   3   1    48    63     0   RC4L3B12   
1   4   3   2    48    63     0   RC4L3B34   
1   5   3   1    64    79     0   RC5L3B12   
1   5   3   2    64    79     0   RC5L3B34   
1   6   3   1    80    87     0   RC6L3B12   
1   6   3   2    80    87     0   RC6L3B34   
1   7   3   1    88   103     0   RC7L3B12   
1   1   4   1     0    15     0   RC1L4B12   
1   1   4   2     0    15     0   RC1L4B34   
1   1   4   3     0    15     0   RC1L4B56   
1   2   4   1    16    31     0   RC2L4B12   
1   2   4   2    16    31     0   RC2L4B34   
1   2   4   3    16    31     0   RC2L4B56   
1   2   4   4    16    31     0   RC2L4B78   
1   3   4   1    32    47     0   RC3L4B12   
1   3   4   2    32    47     0   RC3L4B34   
1   3   4   3    32    47     0   RC3L4B56   
1   3   4   4    32    47     0   RC3L4B78   
1   4   4   1    48    63     0   RC4L4B12   
1   4   4   2    48    63     0   RC4L4B34   
1   5   4   1    64    79     0   RC5L4B12   
1   5   4   2    64    79     0   RC5L4B34   
1   6   4   1    80    87     0   RC6L4B12   
1   6   4   2    80    87     0   RC6L4B34   
1   7   4   1    88   103     0   RC7L4B12   
