1   2   5   1     61.50    -25.50     17.00     17.00   -1599.90   RC2L5B12   
1   2   5   2     61.50     -8.50     17.00     17.00   -1599.90   RC2L5B34   
1   2   5   3     61.50      8.50     17.00     17.00   -1599.90   RC2L5B56   
1   2   5   4     61.50     25.50     17.00     17.00   -1599.90   RC2L5B78   
1   3   5   1     87.00    -25.50     34.00     17.00   -1599.90   RC3L5B12   
1   3   5   2     87.00     -8.50     34.00     17.00   -1599.90   RC3L5B34   
1   3   5   3     87.00      8.50     34.00     17.00   -1599.90   RC3L5B56   
1   3   5   4     87.00     25.50     34.00     17.00   -1599.90   RC3L5B78   
1   4   5   1    121.00    -17.00     34.00     34.00   -1599.90   RC4L5B12   
1   4   5   2    121.00     17.00     34.00     34.00   -1599.90   RC4L5B34   
1   5   5   1    155.00    -17.00     34.00     34.00   -1599.90   RC5L5B12   
1   5   5   2    155.00     17.00     34.00     34.00   -1599.90   RC5L5B34   
1   6   5   1    189.00    -17.00     34.00     34.00   -1599.90   RC6L5B12   
1   6   5   2    189.00     17.00     34.00     34.00   -1599.90   RC6L5B34   
1   7   5   1    231.50      0.00     51.00     68.00   -1599.90   RC7L5B12   
1   1   6   1     19.00     59.65     34.00     17.00   -1607.10   RC1L6B12   
1   1   6   2     19.00     76.65     34.00     17.00   -1607.10   RC1L6B34   
1   1   6   3     19.00     93.65     34.00     17.00   -1607.10   RC1L6B56   
1   2   6   1     53.00     42.65     34.00     17.00   -1607.10   RC2L6B12   
1   2   6   2     53.00     59.65     34.00     17.00   -1607.10   RC2L6B34   
1   2   6   3     53.00     76.65     34.00     17.00   -1607.10   RC2L6B56   
1   2   6   4     53.00     93.65     34.00     17.00   -1607.10   RC2L6B78   
1   3   6   1     87.00     42.65     34.00     17.00   -1607.10   RC3L6B12   
1   3   6   2     87.00     59.65     34.00     17.00   -1607.10   RC3L6B34   
1   3   6   3     87.00     76.65     34.00     17.00   -1607.10   RC3L6B56   
1   3   6   4     87.00     93.65     34.00     17.00   -1607.10   RC3L6B78   
1   4   6   1    121.00     51.15     34.00     34.00   -1607.10   RC4L6B12   
1   4   6   2    121.00     85.15     34.00     34.00   -1607.10   RC4L6B34   
1   5   6   1    155.00     51.15     34.00     34.00   -1607.10   RC5L6B12   
1   5   6   2    155.00     85.15     34.00     34.00   -1607.10   RC5L6B34   
1   6   6   1    189.00     51.15     34.00     34.00   -1607.10   RC6L6B12   
1   6   6   2    189.00     85.15     34.00     34.00   -1607.10   RC6L6B34   
1   7   6   1    231.50     68.15     51.00     68.00   -1607.10   RC7L6B12   
1   1   7   1     19.00    118.70     34.00     34.00   -1599.90   RC1L7B12   
1   1   7   2     19.00    152.70     34.00     34.00   -1599.90   RC1L7B34   
1   2   7   1     53.00    118.70     34.00     34.00   -1599.90   RC2L7B12   
1   2   7   2     53.00    152.70     34.00     34.00   -1599.90   RC2L7B34   
1   3   7   1     87.00    118.70     34.00     34.00   -1599.90   RC3L7B12   
1   3   7   2     87.00    152.70     34.00     34.00   -1599.90   RC3L7B34   
1   4   7   1    121.00    118.70     34.00     34.00   -1599.90   RC4L7B12   
1   4   7   2    121.00    152.70     34.00     34.00   -1599.90   RC4L7B34   
1   5   7   1    155.00    118.70     34.00     34.00   -1599.90   RC5L7B12   
1   5   7   2    155.00    152.70     34.00     34.00   -1599.90   RC5L7B34   
1   6   7   1    189.00    118.70     34.00     34.00   -1599.90   RC6L7B12   
1   6   7   2    189.00    152.70     34.00     34.00   -1599.90   RC6L7B34   
1   7   7   1    231.50    135.70     51.00     68.00   -1599.90   RC7L7B12   
1   1   8   1     19.00    187.46     34.00     34.00   -1607.10   RC1L8B12   
1   1   8   2     19.00    221.46     34.00     34.00   -1607.10   RC1L8B34   
1   2   8   1     53.00    187.46     34.00     34.00   -1607.10   RC2L8B12   
1   2   8   2     53.00    221.46     34.00     34.00   -1607.10   RC2L8B34   
1   3   8   1     87.00    187.46     34.00     34.00   -1607.10   RC3L8B12   
1   3   8   2     87.00    221.46     34.00     34.00   -1607.10   RC3L8B34   
1   4   8   1    121.00    187.46     34.00     34.00   -1607.10   RC4L8B12   
1   4   8   2    121.00    221.46     34.00     34.00   -1607.10   RC4L8B34   
1   5   8   1    155.00    187.46     34.00     34.00   -1607.10   RC5L8B12   
1   5   8   2    155.00    221.46     34.00     34.00   -1607.10   RC5L8B34   
1   6   8   1    189.00    187.46     34.00     34.00   -1607.10   RC6L8B12   
1   6   8   2    189.00    221.46     34.00     34.00   -1607.10   RC6L8B34   
1   7   8   1    231.50    204.46     51.00     68.00   -1607.10   RC7L8B12   
1   1   9   1     19.00    271.39     34.00     68.00   -1599.90   RC1L9B12   
1   2   9   1     53.00    271.39     34.00     68.00   -1599.90   RC2L9B12   
1   3   9   1     87.00    271.39     34.00     68.00   -1599.90   RC3L9B12   
1   4   9   1    121.00    271.39     34.00     68.00   -1599.90   RC4L9B12   
1   5   9   1    155.00    271.39     34.00     68.00   -1599.90   RC5L9B12   
1   6   9   1    189.00    271.39     34.00     68.00   -1599.90   RC6L9B12   
1   7   9   1    231.50    271.39     51.00     68.00   -1599.90   RC7L9B12   
0   1   9   1    -19.00    272.61     34.00     68.00   -1607.10   LC1L9B12   
0   2   9   1    -53.00    272.61     34.00     68.00   -1607.10   LC2L9B12   
0   3   9   1    -87.00    272.61     34.00     68.00   -1607.10   LC3L9B12   
0   4   9   1   -121.00    272.61     34.00     68.00   -1607.10   LC4L9B12   
0   5   9   1   -155.00    272.61     34.00     68.00   -1607.10   LC5L9B12   
0   6   9   1   -189.00    272.61     34.00     68.00   -1607.10   LC6L9B12   
0   7   9   1   -231.50    272.61     51.00     68.00   -1607.10   LC7L9B12   
0   1   8   1    -19.00    186.54     34.00     34.00   -1599.90   LC1L8B12   
0   1   8   2    -19.00    220.54     34.00     34.00   -1599.90   LC1L8B34   
0   2   8   1    -53.00    186.54     34.00     34.00   -1599.90   LC2L8B12   
0   2   8   2    -53.00    220.54     34.00     34.00   -1599.90   LC2L8B34   
0   3   8   1    -87.00    186.54     34.00     34.00   -1599.90   LC3L8B12   
0   3   8   2    -87.00    220.54     34.00     34.00   -1599.90   LC3L8B34   
0   4   8   1   -121.00    186.54     34.00     34.00   -1599.90   LC4L8B12   
0   4   8   2   -121.00    220.54     34.00     34.00   -1599.90   LC4L8B34   
0   5   8   1   -155.00    186.54     34.00     34.00   -1599.90   LC5L8B12   
0   5   8   2   -155.00    220.54     34.00     34.00   -1599.90   LC5L8B34   
0   6   8   1   -189.00    186.54     34.00     34.00   -1599.90   LC6L8B12   
0   6   8   2   -189.00    220.54     34.00     34.00   -1599.90   LC6L8B34   
0   7   8   1   -231.50    203.54     51.00     68.00   -1599.90   LC7L8B12   
0   1   7   1    -19.00    119.31     34.00     34.00   -1607.10   LC1L7B12   
0   1   7   2    -19.00    153.31     34.00     34.00   -1607.10   LC1L7B34   
0   2   7   1    -53.00    119.31     34.00     34.00   -1607.10   LC2L7B12   
0   2   7   2    -53.00    153.31     34.00     34.00   -1607.10   LC2L7B34   
0   3   7   1    -87.00    119.31     34.00     34.00   -1607.10   LC3L7B12   
0   3   7   2    -87.00    153.31     34.00     34.00   -1607.10   LC3L7B34   
0   4   7   1   -121.00    119.31     34.00     34.00   -1607.10   LC4L7B12   
0   4   7   2   -121.00    153.31     34.00     34.00   -1607.10   LC4L7B34   
0   5   7   1   -155.00    119.31     34.00     34.00   -1607.10   LC5L7B12   
0   5   7   2   -155.00    153.31     34.00     34.00   -1607.10   LC5L7B34   
0   6   7   1   -189.00    119.31     34.00     34.00   -1607.10   LC6L7B12   
0   6   7   2   -189.00    153.31     34.00     34.00   -1607.10   LC6L7B34   
0   7   7   1   -231.50    136.31     51.00     68.00   -1607.10   LC7L7B12   
0   1   6   1    -19.00     59.35     34.00     17.00   -1599.90   LC1L6B12   
0   1   6   2    -19.00     76.35     34.00     17.00   -1599.90   LC1L6B34   
0   1   6   3    -19.00     93.35     34.00     17.00   -1599.90   LC1L6B56   
0   2   6   1    -53.00     42.35     34.00     17.00   -1599.90   LC2L6B12   
0   2   6   2    -53.00     59.35     34.00     17.00   -1599.90   LC2L6B34   
0   2   6   3    -53.00     76.35     34.00     17.00   -1599.90   LC2L6B56   
0   2   6   4    -53.00     93.35     34.00     17.00   -1599.90   LC2L6B78   
0   3   6   1    -87.00     42.35     34.00     17.00   -1599.90   LC3L6B12   
0   3   6   2    -87.00     59.35     34.00     17.00   -1599.90   LC3L6B34   
0   3   6   3    -87.00     76.35     34.00     17.00   -1599.90   LC3L6B56   
0   3   6   4    -87.00     93.35     34.00     17.00   -1599.90   LC3L6B78   
0   4   6   1   -121.00     50.85     34.00     34.00   -1599.90   LC4L6B12   
0   4   6   2   -121.00     84.85     34.00     34.00   -1599.90   LC4L6B34   
0   5   6   1   -155.00     50.85     34.00     34.00   -1599.90   LC5L6B12   
0   5   6   2   -155.00     84.85     34.00     34.00   -1599.90   LC5L6B34   
0   6   6   1   -189.00     50.85     34.00     34.00   -1599.90   LC6L6B12   
0   6   6   2   -189.00     84.85     34.00     34.00   -1599.90   LC6L6B34   
0   7   6   1   -231.50     67.85     51.00     68.00   -1599.90   LC7L6B12   
0   2   5   1    -61.50    -25.50     17.00     17.00   -1607.10   LC2L5B12   
0   2   5   2    -61.50     -8.50     17.00     17.00   -1607.10   LC2L5B34   
0   2   5   3    -61.50      8.50     17.00     17.00   -1607.10   LC2L5B56   
0   2   5   4    -61.50     25.50     17.00     17.00   -1607.10   LC2L5B78   
0   3   5   1    -87.00    -25.50     34.00     17.00   -1607.10   LC3L5B12   
0   3   5   2    -87.00     -8.50     34.00     17.00   -1607.10   LC3L5B34   
0   3   5   3    -87.00      8.50     34.00     17.00   -1607.10   LC3L5B56   
0   3   5   4    -87.00     25.50     34.00     17.00   -1607.10   LC3L5B78   
0   4   5   1   -121.00    -17.00     34.00     34.00   -1607.10   LC4L5B12   
0   4   5   2   -121.00     17.00     34.00     34.00   -1607.10   LC4L5B34   
0   5   5   1   -155.00    -17.00     34.00     34.00   -1607.10   LC5L5B12   
0   5   5   2   -155.00     17.00     34.00     34.00   -1607.10   LC5L5B34   
0   6   5   1   -189.00    -17.00     34.00     34.00   -1607.10   LC6L5B12   
0   6   5   2   -189.00     17.00     34.00     34.00   -1607.10   LC6L5B34   
0   7   5   1   -231.50      0.00     51.00     68.00   -1607.10   LC7L5B12   
0   1   4   1    -19.00    -93.35     34.00     17.00   -1599.90   LC1L4B12   
0   1   4   2    -19.00    -76.35     34.00     17.00   -1599.90   LC1L4B34   
0   1   4   3    -19.00    -59.35     34.00     17.00   -1599.90   LC1L4B56   
0   2   4   1    -53.00    -93.35     34.00     17.00   -1599.90   LC2L4B12   
0   2   4   2    -53.00    -76.35     34.00     17.00   -1599.90   LC2L4B34   
0   2   4   3    -53.00    -59.35     34.00     17.00   -1599.90   LC2L4B56   
0   2   4   4    -53.00    -42.35     34.00     17.00   -1599.90   LC2L4B78   
0   3   4   1    -87.00    -93.35     34.00     17.00   -1599.90   LC3L4B12   
0   3   4   2    -87.00    -76.35     34.00     17.00   -1599.90   LC3L4B34   
0   3   4   3    -87.00    -59.35     34.00     17.00   -1599.90   LC3L4B56   
0   3   4   4    -87.00    -42.35     34.00     17.00   -1599.90   LC3L4B78   
0   4   4   1   -121.00    -84.85     34.00     34.00   -1599.90   LC4L4B12   
0   4   4   2   -121.00    -50.85     34.00     34.00   -1599.90   LC4L4B34   
0   5   4   1   -155.00    -84.85     34.00     34.00   -1599.90   LC5L4B12   
0   5   4   2   -155.00    -50.85     34.00     34.00   -1599.90   LC5L4B34   
0   6   4   1   -189.00    -84.85     34.00     34.00   -1599.90   LC6L4B12   
0   6   4   2   -189.00    -50.85     34.00     34.00   -1599.90   LC6L4B34   
0   7   4   1   -231.50    -67.85     51.00     68.00   -1599.90   LC7L4B12   
0   1   3   1    -19.00   -153.31     34.00     34.00   -1607.10   LC1L3B12   
0   1   3   2    -19.00   -119.31     34.00     34.00   -1607.10   LC1L3B34   
0   2   3   1    -53.00   -153.31     34.00     34.00   -1607.10   LC2L3B12   
0   2   3   2    -53.00   -119.31     34.00     34.00   -1607.10   LC2L3B34   
0   3   3   1    -87.00   -153.31     34.00     34.00   -1607.10   LC3L3B12   
0   3   3   2    -87.00   -119.31     34.00     34.00   -1607.10   LC3L3B34   
0   4   3   1   -121.00   -153.31     34.00     34.00   -1607.10   LC4L3B12   
0   4   3   2   -121.00   -119.31     34.00     34.00   -1607.10   LC4L3B34   
0   5   3   1   -155.00   -153.31     34.00     34.00   -1607.10   LC5L3B12   
0   5   3   2   -155.00   -119.31     34.00     34.00   -1607.10   LC5L3B34   
0   6   3   1   -189.00   -153.31     34.00     34.00   -1607.10   LC6L3B12   
0   6   3   2   -189.00   -119.31     34.00     34.00   -1607.10   LC6L3B34   
0   7   3   1   -231.50   -136.31     51.00     68.00   -1607.10   LC7L3B12   
0   1   2   1    -19.00   -220.54     34.00     34.00   -1599.90   LC1L2B12   
0   1   2   2    -19.00   -186.54     34.00     34.00   -1599.90   LC1L2B34   
0   2   2   1    -53.00   -220.54     34.00     34.00   -1599.90   LC2L2B12   
0   2   2   2    -53.00   -186.54     34.00     34.00   -1599.90   LC2L2B34   
0   3   2   1    -87.00   -220.54     34.00     34.00   -1599.90   LC3L2B12   
0   3   2   2    -87.00   -186.54     34.00     34.00   -1599.90   LC3L2B34   
0   4   2   1   -121.00   -220.54     34.00     34.00   -1599.90   LC4L2B12   
0   4   2   2   -121.00   -186.54     34.00     34.00   -1599.90   LC4L2B34   
0   5   2   1   -155.00   -220.54     34.00     34.00   -1599.90   LC5L2B12   
0   5   2   2   -155.00   -186.54     34.00     34.00   -1599.90   LC5L2B34   
0   6   2   1   -189.00   -220.54     34.00     34.00   -1599.90   LC6L2B12   
0   6   2   2   -189.00   -186.54     34.00     34.00   -1599.90   LC6L2B34   
0   7   2   1   -231.50   -203.54     51.00     68.00   -1599.90   LC7L2B12   
0   1   1   1    -19.00   -272.61     34.00     68.00   -1607.10   LC1L1B12   
0   2   1   1    -53.00   -272.61     34.00     68.00   -1607.10   LC2L1B12   
0   3   1   1    -87.00   -272.61     34.00     68.00   -1607.10   LC3L1B12   
0   4   1   1   -121.00   -272.61     34.00     68.00   -1607.10   LC4L1B12   
0   5   1   1   -155.00   -272.61     34.00     68.00   -1607.10   LC5L1B12   
0   6   1   1   -189.00   -272.61     34.00     68.00   -1607.10   LC6L1B12   
0   7   1   1   -231.50   -272.61     51.00     68.00   -1607.10   LC7L1B12   
1   1   1   1     19.00   -271.39     34.00     68.00   -1599.90   RC1L1B12   
1   2   1   1     53.00   -271.39     34.00     68.00   -1599.90   RC2L1B12   
1   3   1   1     87.00   -271.39     34.00     68.00   -1599.90   RC3L1B12   
1   4   1   1    121.00   -271.39     34.00     68.00   -1599.90   RC4L1B12   
1   5   1   1    155.00   -271.39     34.00     68.00   -1599.90   RC5L1B12   
1   6   1   1    189.00   -271.39     34.00     68.00   -1599.90   RC6L1B12   
1   7   1   1    231.50   -271.39     51.00     68.00   -1599.90   RC7L1B12   
1   1   2   1     19.00   -221.46     34.00     34.00   -1607.10   RC1L2B12   
1   1   2   2     19.00   -187.46     34.00     34.00   -1607.10   RC1L2B34   
1   2   2   1     53.00   -221.46     34.00     34.00   -1607.10   RC2L2B12   
1   2   2   2     53.00   -187.46     34.00     34.00   -1607.10   RC2L2B34   
1   3   2   1     87.00   -221.46     34.00     34.00   -1607.10   RC3L2B12   
1   3   2   2     87.00   -187.46     34.00     34.00   -1607.10   RC3L2B34   
1   4   2   1    121.00   -221.46     34.00     34.00   -1607.10   RC4L2B12   
1   4   2   2    121.00   -187.46     34.00     34.00   -1607.10   RC4L2B34   
1   5   2   1    155.00   -221.46     34.00     34.00   -1607.10   RC5L2B12   
1   5   2   2    155.00   -187.46     34.00     34.00   -1607.10   RC5L2B34   
1   6   2   1    189.00   -221.46     34.00     34.00   -1607.10   RC6L2B12   
1   6   2   2    189.00   -187.46     34.00     34.00   -1607.10   RC6L2B34   
1   7   2   1    231.50   -204.46     51.00     68.00   -1607.10   RC7L2B12   
1   1   3   1     19.00   -152.70     34.00     34.00   -1599.90   RC1L3B12   
1   1   3   2     19.00   -118.70     34.00     34.00   -1599.90   RC1L3B34   
1   2   3   1     53.00   -152.70     34.00     34.00   -1599.90   RC2L3B12   
1   2   3   2     53.00   -118.70     34.00     34.00   -1599.90   RC2L3B34   
1   3   3   1     87.00   -152.70     34.00     34.00   -1599.90   RC3L3B12   
1   3   3   2     87.00   -118.70     34.00     34.00   -1599.90   RC3L3B34   
1   4   3   1    121.00   -152.70     34.00     34.00   -1599.90   RC4L3B12   
1   4   3   2    121.00   -118.70     34.00     34.00   -1599.90   RC4L3B34   
1   5   3   1    155.00   -152.70     34.00     34.00   -1599.90   RC5L3B12   
1   5   3   2    155.00   -118.70     34.00     34.00   -1599.90   RC5L3B34   
1   6   3   1    189.00   -152.70     34.00     34.00   -1599.90   RC6L3B12   
1   6   3   2    189.00   -118.70     34.00     34.00   -1599.90   RC6L3B34   
1   7   3   1    231.50   -135.70     51.00     68.00   -1599.90   RC7L3B12   
1   1   4   1     19.00    -93.65     34.00     17.00   -1607.10   RC1L4B12   
1   1   4   2     19.00    -76.65     34.00     17.00   -1607.10   RC1L4B34   
1   1   4   3     19.00    -59.65     34.00     17.00   -1607.10   RC1L4B56   
1   2   4   1     53.00    -93.65     34.00     17.00   -1607.10   RC2L4B12   
1   2   4   2     53.00    -76.65     34.00     17.00   -1607.10   RC2L4B34   
1   2   4   3     53.00    -59.65     34.00     17.00   -1607.10   RC2L4B56   
1   2   4   4     53.00    -42.65     34.00     17.00   -1607.10   RC2L4B78   
1   3   4   1     87.00    -93.65     34.00     17.00   -1607.10   RC3L4B12   
1   3   4   2     87.00    -76.65     34.00     17.00   -1607.10   RC3L4B34   
1   3   4   3     87.00    -59.65     34.00     17.00   -1607.10   RC3L4B56   
1   3   4   4     87.00    -42.65     34.00     17.00   -1607.10   RC3L4B78   
1   4   4   1    121.00    -85.15     34.00     34.00   -1607.10   RC4L4B12   
1   4   4   2    121.00    -51.15     34.00     34.00   -1607.10   RC4L4B34   
1   5   4   1    155.00    -85.15     34.00     34.00   -1607.10   RC5L4B12   
1   5   4   2    155.00    -51.15     34.00     34.00   -1607.10   RC5L4B34   
1   6   4   1    189.00    -85.15     34.00     34.00   -1607.10   RC6L4B12   
1   6   4   2    189.00    -51.15     34.00     34.00   -1607.10   RC6L4B34   
1   7   4   1    231.50    -68.15     51.00     68.00   -1607.10   RC7L4B12   
