1.16968
1.40006
1.36708
1.30666
1.07123
1.25379
1.1015
1.20146
1.2531
0.999916
1.19584
1.08
1.20577
1.26784
1.35016
1.17821
1.35262
1.13527
1.15966
1.21773
1.38238
1.139
0.929197
1.11649
1.00735
1.17981
1.38152
1.21248
1.1043
1.1336
1.00987
1.46351
1.07152
1.24944
1.29759
1.05232
1.27388
1.18386
1.19538
1.0811
1.37751
1.15463
1.33318
1.25193
1.13766
1.10434
1.1579
0.905507
1.19726
1.36959
0.904068
1.06071
1.0408
1.39669
1.26986
1.14287
1.32607
1.01852
1.34998
1.28121
1.10311
1.43182
1.32613
1.20313
