1.0502
1.22312
1.17002
1.02719
1.08258
1.05248
1.10598
1.16672
1.32507
1.27782
1.29049
1.25125
1.38836
1.4584
1.22533
1.02513
1.07402
1.16663
1.28095
1.30028
1.03928
1.21767
1.16817
1.35818
1.22767
1.18917
1.37733
1.41952
1.11461
1.37315
1.27923
1.13857
1.16461
1.14107
1.3948
1.25676
1.09451
1.39082
1.063
1.13987
1.27263
1.4781
1.08679
1.17986
0.835531
1.19375
1.25318
1.3044
1.50527
1.01315
1.14047
1.08195
1.22945
1.19411
1.2138
1.34866
1.21319
1.00611
1.17911
1.11918
1.28164
1.2105
1.29133
1.1188
