0.957525
1.02833
1.08635
1.24367
0.87813
1.13999
1.09894
1.19692
1.28354
0.917816
1.13214
1.04487
1.297
1.01704
1.15618
1.04098
1.14248
0.903426
0.90322
0.951463
0.994008
1.00751
0.951822
0.972743
1.08991
1.08658
0.833171
1.21515
1.17496
1.05219
1.09324
1.18613
1.2008
1.05887
1.01367
1.3026
1.1922
1.16662
1.03969
1.08689
1.06631
1.05652
1.10448
1.19586
1.12885
1.15254
1.11867
1.15091
1.1171
1.12255
0.952353
1.06119
1.14955
1.12147
1.09843
1.1433
1.19076
0.993701
1.06081
1.02817
1.22458
1.00256
1.11202
0.974215
