0.855901
0.894068
0.893811
0.992405
0.907606
0.912734
0.947153
0.988353
0.909637
1.00538
0.836842
0.877281
0.877209
0.812518
0.930766
0.865715
0.889564
0.924935
0.955286
0.839231
0.833251
0.912659
0.911734
0.954335
0.927444
0.997875
0.841327
0.94253
0.870557
0.939265
0.906827
0.864705
0.929064
0.871832
0.890401
0.870987
0.855891
0.7709
0.894266
0.901334
0.974899
0.936647
0.848843
0.860331
0.968526
0.802995
0.905714
0.803114
0.851053
0.911827
1.03616
0.86457
0.919703
0.911744
0.866269
0.899817
0.931167
0.875808
0.913399
0.941236
0.878709
0.843839
0.867978
0.97843
