88.9772
112.028
103.929
94.7582
94.0583
103.499
105.525
101.094
102.23
102.056
96.6529
96.4864
97.2508
109.662
89.3446
95.4132
84.9909
87.9561
92.8766
102.172
101.777
108.862
103.553
94.9879
85.4095
104.076
83.5364
100.888
91.134
90.2942
98.0175
119.159
105.196
112.211
106.437
81.6155
98.2551
110.91
106.382
97.2789
92.6571
104.564
103.561
101.065
92.8199
105.034
102.507
97.2
93.9058
102.037
77.1038
109.325
108.544
108.388
107.841
92.8175
94.3867
77.1237
100.099
86.3366
90.6444
88.995
109.953
92.003
