166.569
152.717
170.254
152.309
155.511
153.619
150.192
166.792
159.969
164.011
154.287
166.988
149.117
168.155
162.083
161.351
157.371
152.777
157.359
144.885
160.812
153.129
171.54
162.375
157.858
161.795
147.324
165.258
143.244
161.669
160.576
167.31
153.723
170.142
156.716
171.273
147.835
148.144
164.083
164.561
168.447
163.577
149.447
161.796
165.762
164.534
165.858
165.018
169.175
156.713
160.014
162.313
169.337
160.48
145.186
149.062
167.416
154.214
165.055
166.349
153.289
162.341
176.32
158.76
