195.748
183.627
198.972
183.27
186.072
184.416
181.418
195.943
189.973
193.509
185.001
196.114
180.477
197.135
191.822
191.182
187.7
183.68
187.69
176.775
190.711
183.988
200.098
192.078
188.125
191.571
178.909
194.6
175.339
191.461
190.504
196.396
184.508
198.874
187.127
199.864
179.355
179.626
193.573
193.991
197.391
193.13
180.766
191.571
195.041
193.967
195.126
194.391
198.028
187.123
190.012
192.024
198.17
190.42
177.038
180.429
196.489
184.937
194.423
195.555
184.128
192.049
204.28
188.915
