182.284
198.42
192.751
186.331
185.841
192.449
193.867
190.766
191.561
191.439
187.657
187.54
188.076
196.763
182.541
186.789
179.494
181.569
185.014
191.52
191.244
196.203
192.487
186.492
179.787
192.853
178.475
190.622
183.794
183.206
188.612
203.411
193.637
198.548
194.506
177.131
188.779
197.637
194.467
188.095
184.86
193.195
192.493
190.746
184.974
193.524
191.755
188.04
185.734
191.426
173.973
196.528
195.981
195.871
195.489
184.972
186.071
173.987
190.069
180.436
183.451
182.297
196.967
184.402
