CH   11    18     pos:     0.0000      0.0000  -1603.5000   rot:  90.0000    0.0000   90.0000   90.0000    0.0000    0.0000  
CH   12    18     pos:     0.0000      0.0000  -1620.5000   rot:  90.0000    0.0000   90.0000   90.0000    0.0000    0.0000  
CH   13    18     pos:     0.0000      0.0000  -1703.5000   rot:  90.0000    0.0000   90.0000   90.0000    0.0000    0.0000  
CH   14    18     pos:     0.0000      0.0000  -1720.5000   rot:  90.0000    0.0000   90.0000   90.0000    0.0000    0.0000  

DE 1100    S0R5    1   pos:   155.0000      0.0000      3.6000   rot:  90.0000    0.0000   90.0000   90.0000    0.0000    0.0000  
DE 1109    S0L5    1   pos:  -155.0000      0.0000     -3.6000   rot:  90.0000  180.0000   90.0000   90.0000  180.0000    0.0000  
DE 1117    S0R4    1   pos:   129.5000    -68.1530     -3.6000   rot:  90.0000    0.0000   90.0000   90.0000    0.0000    0.0000  
DE 1101    S0R6    1   pos:   129.5000     68.1530     -3.6000   rot:  90.0000    0.0000   90.0000   90.0000    0.0000    0.0000  
DE 1110    S0L4    1   pos:  -129.5000    -67.8477      3.6000   rot:  90.0000  180.0000   90.0000   90.0000  180.0000    0.0000  
DE 1108    S0L6    1   pos:  -129.5000     67.8477      3.6000   rot:  90.0000  180.0000   90.0000   90.0000  180.0000    0.0000  
DE 1116    S0R3    1   pos:   129.5000   -135.6953      3.6000   rot:  90.0000    0.0000   90.0000   90.0000    0.0000    0.0000  
DE 1102    S0R7    1   pos:   129.5000    135.6953      3.6000   rot:  90.0000    0.0000   90.0000   90.0000    0.0000    0.0000  
DE 1111    S0L3    1   pos:  -129.5000   -136.3060     -3.6000   rot:  90.0000  180.0000   90.0000   90.0000  180.0000    0.0000  
DE 1107    S0L7    1   pos:  -129.5000    136.3060     -3.6000   rot:  90.0000  180.0000   90.0000   90.0000  180.0000    0.0000  
DE 1115    S0R2    1   pos:   129.5000   -204.4590     -3.6000   rot:  90.0000    0.0000   90.0000   90.0000    0.0000    0.0000  
DE 1103    S0R8    1   pos:   129.5000    204.4590     -3.6000   rot:  90.0000    0.0000   90.0000   90.0000    0.0000    0.0000  
DE 1112    S0L2    1   pos:  -129.5000   -203.5430      3.6000   rot:  90.0000  180.0000   90.0000   90.0000  180.0000    0.0000  
DE 1106    S0L8    1   pos:  -129.5000    203.5430      3.6000   rot:  90.0000  180.0000   90.0000   90.0000  180.0000    0.0000  
DE 1114    S0R1    1   pos:   129.5000   -271.3907      3.6000   rot:  90.0000    0.0000   90.0000   90.0000    0.0000    0.0000  
DE 1104    S0R9    1   pos:   129.5000    271.3907      3.6000   rot:  90.0000    0.0000   90.0000   90.0000    0.0000    0.0000  
DE 1113    S0L1    1   pos:  -129.5000   -272.6120     -3.6000   rot:  90.0000  180.0000   90.0000   90.0000  180.0000    0.0000  
DE 1105    S0L9    1   pos:  -129.5000    272.6120     -3.6000   rot:  90.0000  180.0000   90.0000   90.0000  180.0000    0.0000  

DE 1200    S1R5    1   pos:   156.6433      0.0000      3.6000   rot:  90.0000    0.0000   90.0000   90.0000    0.0000    0.0000  
DE 1209    S1L5    1   pos:  -156.6433      0.0000     -3.6000   rot:  90.0000  180.0000   90.0000   90.0000  180.0000    0.0000  
DE 1217    S1R4    1   pos:   130.8729    -68.8755     -3.6000   rot:  90.0000    0.0000   90.0000   90.0000    0.0000    0.0000  
DE 1201    S1R6    1   pos:   130.8729     68.8755     -3.6000   rot:  90.0000    0.0000   90.0000   90.0000    0.0000    0.0000  
DE 1210    S1L4    1   pos:  -130.8729    -68.5670      3.6000   rot:  90.0000  180.0000   90.0000   90.0000  180.0000    0.0000  
DE 1208    S1L6    1   pos:  -130.8729     68.5670      3.6000   rot:  90.0000  180.0000   90.0000   90.0000  180.0000    0.0000  
DE 1216    S1R3    1   pos:   130.8729   -137.1340      3.6000   rot:  90.0000    0.0000   90.0000   90.0000    0.0000    0.0000  
DE 1202    S1R7    1   pos:   130.8729    137.1340      3.6000   rot:  90.0000    0.0000   90.0000   90.0000    0.0000    0.0000  
DE 1211    S1L3    1   pos:  -130.8729   -137.7511     -3.6000   rot:  90.0000  180.0000   90.0000   90.0000  180.0000    0.0000  
DE 1207    S1L7    1   pos:  -130.8729    137.7511     -3.6000   rot:  90.0000  180.0000   90.0000   90.0000  180.0000    0.0000  
DE 1215    S1R2    1   pos:   130.8729   -206.6266     -3.6000   rot:  90.0000    0.0000   90.0000   90.0000    0.0000    0.0000  
DE 1203    S1R8    1   pos:   130.8729    206.6266     -3.6000   rot:  90.0000    0.0000   90.0000   90.0000    0.0000    0.0000  
DE 1212    S1L2    1   pos:  -130.8729   -205.7009      3.6000   rot:  90.0000  180.0000   90.0000   90.0000  180.0000    0.0000  
DE 1206    S1L8    1   pos:  -130.8729    205.7009      3.6000   rot:  90.0000  180.0000   90.0000   90.0000  180.0000    0.0000  
DE 1214    S1R1    1   pos:   130.8729   -274.2679      3.6000   rot:  90.0000    0.0000   90.0000   90.0000    0.0000    0.0000  
DE 1204    S1R9    1   pos:   130.8729    274.2679      3.6000   rot:  90.0000    0.0000   90.0000   90.0000    0.0000    0.0000  
DE 1213    S1L1    1   pos:  -130.8729   -275.5022     -3.6000   rot:  90.0000  180.0000   90.0000   90.0000  180.0000    0.0000  
DE 1205    S1L9    1   pos:  -130.8729    275.5022     -3.6000   rot:  90.0000  180.0000   90.0000   90.0000  180.0000    0.0000  

DE 1300    S2R5    1   pos:   164.6664      0.0000      3.6000   rot:  90.0000    0.0000   90.0000   90.0000    0.0000    0.0000  
DE 1309    S2L5    1   pos:  -164.6664      0.0000     -3.6000   rot:  90.0000  180.0000   90.0000   90.0000  180.0000    0.0000  
DE 1317    S2R4    1   pos:   137.5761    -72.4033     -3.6000   rot:  90.0000    0.0000   90.0000   90.0000    0.0000    0.0000  
DE 1301    S2R6    1   pos:   137.5761     72.4033     -3.6000   rot:  90.0000    0.0000   90.0000   90.0000    0.0000    0.0000  
DE 1310    S2L4    1   pos:  -137.5761    -72.0789      3.6000   rot:  90.0000  180.0000   90.0000   90.0000  180.0000    0.0000  
DE 1308    S2L6    1   pos:  -137.5761     72.0789      3.6000   rot:  90.0000  180.0000   90.0000   90.0000  180.0000    0.0000  
DE 1316    S2R3    1   pos:   137.5761   -144.1578      3.6000   rot:  90.0000    0.0000   90.0000   90.0000    0.0000    0.0000  
DE 1302    S2R7    1   pos:   137.5761    144.1578      3.6000   rot:  90.0000    0.0000   90.0000   90.0000    0.0000    0.0000  
DE 1311    S2L3    1   pos:  -137.5761   -144.8065     -3.6000   rot:  90.0000  180.0000   90.0000   90.0000  180.0000    0.0000  
DE 1307    S2L7    1   pos:  -137.5761    144.8065     -3.6000   rot:  90.0000  180.0000   90.0000   90.0000  180.0000    0.0000  
DE 1315    S2R2    1   pos:   137.5761   -217.2098     -3.6000   rot:  90.0000    0.0000   90.0000   90.0000    0.0000    0.0000  
DE 1303    S2R8    1   pos:   137.5761    217.2098     -3.6000   rot:  90.0000    0.0000   90.0000   90.0000    0.0000    0.0000  
DE 1312    S2L2    1   pos:  -137.5761   -216.2367      3.6000   rot:  90.0000  180.0000   90.0000   90.0000  180.0000    0.0000  
DE 1306    S2L8    1   pos:  -137.5761    216.2367      3.6000   rot:  90.0000  180.0000   90.0000   90.0000  180.0000    0.0000  
DE 1314    S2R1    1   pos:   137.5761   -288.3156      3.6000   rot:  90.0000    0.0000   90.0000   90.0000    0.0000    0.0000  
DE 1304    S2R9    1   pos:   137.5761    288.3156      3.6000   rot:  90.0000    0.0000   90.0000   90.0000    0.0000    0.0000  
DE 1313    S2L1    1   pos:  -137.5761   -289.6131     -3.6000   rot:  90.0000  180.0000   90.0000   90.0000  180.0000    0.0000  
DE 1305    S2L9    1   pos:  -137.5761    289.6131     -3.6000   rot:  90.0000  180.0000   90.0000   90.0000  180.0000    0.0000  

DE 1400    S3R5    1   pos:   166.3096      0.0000      3.6000   rot:  90.0000    0.0000   90.0000   90.0000    0.0000    0.0000  
DE 1409    S3L5    1   pos:  -166.3096      0.0000     -3.6000   rot:  90.0000  180.0000   90.0000   90.0000  180.0000    0.0000  
DE 1417    S3R4    1   pos:   138.9490    -73.1258     -3.6000   rot:  90.0000    0.0000   90.0000   90.0000    0.0000    0.0000  
DE 1401    S3R6    1   pos:   138.9490     73.1258     -3.6000   rot:  90.0000    0.0000   90.0000   90.0000    0.0000    0.0000  
DE 1410    S3L4    1   pos:  -138.9490    -72.7982      3.6000   rot:  90.0000  180.0000   90.0000   90.0000  180.0000    0.0000  
DE 1408    S3L6    1   pos:  -138.9490     72.7982      3.6000   rot:  90.0000  180.0000   90.0000   90.0000  180.0000    0.0000  
DE 1416    S3R3    1   pos:   138.9490   -145.5964      3.6000   rot:  90.0000    0.0000   90.0000   90.0000    0.0000    0.0000  
DE 1402    S3R7    1   pos:   138.9490    145.5964      3.6000   rot:  90.0000    0.0000   90.0000   90.0000    0.0000    0.0000  
DE 1411    S3L3    1   pos:  -138.9490   -146.2516     -3.6000   rot:  90.0000  180.0000   90.0000   90.0000  180.0000    0.0000  
DE 1407    S3L7    1   pos:  -138.9490    146.2516     -3.6000   rot:  90.0000  180.0000   90.0000   90.0000  180.0000    0.0000  
DE 1415    S3R2    1   pos:   138.9490   -219.3774     -3.6000   rot:  90.0000    0.0000   90.0000   90.0000    0.0000    0.0000  
DE 1403    S3R8    1   pos:   138.9490    219.3774     -3.6000   rot:  90.0000    0.0000   90.0000   90.0000    0.0000    0.0000  
DE 1412    S3L2    1   pos:  -138.9490   -218.3946      3.6000   rot:  90.0000  180.0000   90.0000   90.0000  180.0000    0.0000  
DE 1406    S3L8    1   pos:  -138.9490    218.3946      3.6000   rot:  90.0000  180.0000   90.0000   90.0000  180.0000    0.0000  
DE 1414    S3R1    1   pos:   138.9490   -291.1928      3.6000   rot:  90.0000    0.0000   90.0000   90.0000    0.0000    0.0000  
DE 1404    S3R9    1   pos:   138.9490    291.1928      3.6000   rot:  90.0000    0.0000   90.0000   90.0000    0.0000    0.0000  
DE 1413    S3L1    1   pos:  -138.9490   -292.5033     -3.6000   rot:  90.0000  180.0000   90.0000   90.0000  180.0000    0.0000  
DE 1405    S3L9    1   pos:  -138.9490    292.5033     -3.6000   rot:  90.0000  180.0000   90.0000   90.0000  180.0000    0.0000  

