# DDL 0
 -99
 -99
 -99
 -99
 -99
 -99
 -99
 -99
 -99
 -99
 -99
 -99
 -99
 -99
 -99
 -99
 -99
 -99
 -99
 -99
 -99
 -99
 -99
 -99
 -99
 -99
 -99
 -99
 -99
 -99
 -99
 -99
 -99
 -99
 -99
 -99
 -99
 -99
 -99
 -99
 -99
 -99
 -99
 -99
 -99
 -99
 -99
 -99
# DDL 1
 -99
 -99
 -99
 -99
 -99
 -99
 -99
 -99
 -99
 -99
 -99
 -99
 -99
 -99
 -99
 -99
 -99
 -99
 -99
 -99
 -99
 -99
 -99
 -99
 -99
 -99
 -99
 -99
 -99
 -99
 -99
 -99
 -99
 -99
 -99
 -99
 -99
 -99
 -99
 -99
 -99
 -99
 -99
 -99
 -99
 -99
 -99
 -99
# DDL 2
 -99
 -99
 -99
 -99
 -99
 -99
 -99
 -99
 -99
 -99
 -99
 -99
 -99
 -99
 -99
 -99
 -99
 -99
 -99
 -99
 -99
 -99
 -99
 -99
 -99
 -99
 -99
 -99
 -99
 -99
 -99
 -99
 -99
 -99
 -99
 -99
 -99
 -99
 -99
 -99
 -99
 -99
 -99
 -99
 -99
 -99
 -99
 -99
# DDL 3
 -99
 -99
 -99
 -99
 -99
 -99
 -99
 -99
 -99
 -99
 -99
 -99
 -99
 -99
 -99
 -99
 -99
 -99
 -99
 -99
 -99
 -99
 -99
 -99
 -99
 -99
 -99
 -99
 -99
 -99
 -99
 -99
 -99
 -99
 -99
 -99
 -99
 -99
 -99
 -99
 -99
 -99
 -99
 -99
 -99
 -99
 -99
 -99
# DDL 4
 -99
 -99
 -99
 -99
 -99
 -99
 -99
 -99
 -99
 -99
 -99
 -99
 -99
 -99
 -99
 -99
 -99
 -99
 -99
 -99
 -99
 -99
 -99
 -99
 -99
 -99
 -99
 -99
 -99
 -99
 -99
 -99
 -99
 -99
 -99
 -99
 -99
 -99
 -99
 -99
 -99
 -99
 -99
 -99
 -99
 -99
 -99
 -99
# DDL 5
 -99
 -99
 -99
 -99
 -99
 -99
 -99
 -99
 -99
 -99
 -99
 -99
 -99
 -99
 -99
 -99
 -99
 -99
 -99
 -99
 -99
 -99
 -99
 -99
 -99
 -99
 -99
 -99
 -99
 -99
 -99
 -99
 -99
 -99
 -99
 -99
 -99
 -99
 -99
 -99
 -99
 -99
 -99
 -99
 -99
 -99
 -99
 -99
# DDL 6
 -99
 -99
 -99
 -99
 -99
 -99
 -99
 -99
 -99
 -99
 -99
 -99
 -99
 -99
 -99
 -99
 -99
 -99
 -99
 -99
 -99
 -99
 -99
 -99
 -99
 -99
 -99
 -99
 -99
 -99
 -99
 -99
 -99
 -99
 -99
 -99
 -99
 -99
 -99
 -99
 -99
 -99
 -99
 -99
 -99
 -99
 -99
 -99
# DDL 7
 -99
 -99
 -99
 -99
 -99
 -99
 -99
 -99
 -99
 -99
 -99
 -99
 -99
 -99
 -99
 -99
 -99
 -99
 -99
 -99
 -99
 -99
 -99
 -99
 -99
 -99
 -99
 -99
 -99
 -99
 -99
 -99
 -99
 -99
 -99
 -99
 -99
 -99
 -99
 -99
 -99
 -99
 -99
 -99
 -99
 -99
 -99
 -99
# DDL 8
 -99
 -99
 -99
 -99
 -99
 -99
 -99
 -99
 -99
 -99
 -99
 -99
 -99
 -99
 -99
 -99
 -99
 -99
 -99
 -99
 -99
 -99
 -99
 -99
 -99
 -99
 -99
 -99
 -99
 -99
# DDL 9
 -99
 -99
 -99
 -99
 -99
 -99
 -99
 -99
 -99
 -99
 -99
 -99
 -99
 -99
 -99
 -99
 -99
 -99
 -99
 -99
 -99
 -99
 -99
 -99
 -99
 -99
 -99
 -99
 -99
 -99
# DDL 10
 -99
 -99
 -99
 -99
 -99
 -99
 -99
 -99
 -99
 -99
 -99
 -99
 -99
 -99
 -99
 -99
 -99
 -99
 -99
 -99
 -99
 -99
 -99
 -99
 -99
 -99
 -99
 -99
 -99
 -99
# DDL 11
 -99
 -99
 -99
 -99
 -99
 -99
 -99
 -99
 -99
 -99
 -99
 -99
 -99
 -99
 -99
 -99
 -99
 -99
 -99
 -99
 -99
 -99
 -99
 -99
 -99
 -99
 -99
 -99
 -99
 -99
# DDL 12
 -99
 -99
 -99
 -99
 -99
 -99
 -99
 -99
 -99
 -99
 -99
 -99
 -99
 -99
 -99
 -99
 -99
 -99
 -99
 -99
 -99
 -99
 -99
 -99
 -99
 -99
 -99
 -99
 -99
 -99
 -99
 -99
 -99
 -99
 -99
 -99
 -99
 -99
 -99
 -99
 -99
 -99
 -99
 -99
 -99
 -99
# DDL 13
 -99
 -99
 -99
 -99
 -99
 -99
 -99
 -99
 -99
 -99
 -99
 -99
 -99
 -99
 -99
 -99
 -99
 -99
 -99
 -99
 -99
 -99
 -99
 -99
 -99
 -99
 -99
 -99
 -99
 -99
 -99
 -99
 -99
 -99
 -99
 -99
 -99
 -99
 -99
 -99
 -99
 -99
 -99
 -99
 -99
 -99
# DDL 14
 -99
 -99
 -99
 -99
 -99
 -99
 -99
 -99
 -99
 -99
 -99
 -99
 -99
 -99
 -99
 -99
 -99
 -99
 -99
 -99
 -99
 -99
 -99
 -99
 -99
 -99
 -99
 -99
 -99
 -99
 -99
 -99
 -99
 -99
 -99
 -99
 -99
 -99
 -99
 -99
 -99
 -99
 -99
 -99
 -99
 -99
# DDL 15
 -99
 -99
 -99
 -99
 -99
 -99
 -99
 -99
 -99
 -99
 -99
 -99
 -99
 -99
 -99
 -99
 -99
 -99
 -99
 -99
 -99
 -99
 -99
 -99
 -99
 -99
 -99
 -99
 -99
 -99
 -99
 -99
 -99
 -99
 -99
 -99
 -99
 -99
 -99
 -99
 -99
 -99
 -99
 -99
 -99
 -99
# DDL 16
 -99
 -99
 -99
 -99
 -99
 -99
 -99
 -99
 -99
 -99
 -99
 -99
 -99
 -99
 -99
 -99
 -99
 -99
 -99
 -99
 -99
 -99
 -99
 -99
 -99
 -99
 -99
 -99
 -99
 -99
 -99
 -99
 -99
 -99
 -99
 -99
 -99
 -99
 -99
 -99
 -99
 -99
 -99
 -99
 -99
 -99
 -99
 -99
 -99
 -99
# DDL 17
 -99
 -99
 -99
 -99
 -99
 -99
 -99
 -99
 -99
 -99
 -99
 -99
 -99
 -99
 -99
 -99
 -99
 -99
 -99
 -99
 -99
 -99
 -99
 -99
 -99
 -99
 -99
 -99
 -99
 -99
 -99
 -99
 -99
 -99
 -99
 -99
 -99
 -99
 -99
 -99
 -99
 -99
 -99
 -99
 -99
 -99
 -99
 -99
 -99
 -99
# DDL 18
 -99
 -99
 -99
 -99
 -99
 -99
 -99
 -99
 -99
 -99
 -99
 -99
 -99
 -99
 -99
 -99
 -99
 -99
 -99
 -99
 -99
 -99
 -99
 -99
 -99
 -99
 -99
 -99
 -99
 -99
 -99
 -99
 -99
 -99
 -99
 -99
 -99
 -99
 -99
 -99
 -99
 -99
 -99
 -99
 -99
 -99
 -99
 -99
 -99
 -99
# DDL 19
 -99
 -99
 -99
 -99
 -99
 -99
 -99
 -99
 -99
 -99
 -99
 -99
 -99
 -99
 -99
 -99
 -99
 -99
 -99
 -99
 -99
 -99
 -99
 -99
 -99
 -99
 -99
 -99
 -99
 -99
 -99
 -99
 -99
 -99
 -99
 -99
 -99
 -99
 -99
 -99
 -99
 -99
 -99
 -99
 -99
 -99
 -99
 -99
 -99
 -99
