2560
3327
0	76	62
1	76	63
2	76	61
3	76	64
4	77	62
5	76	65
6	77	63
7	76	66
8	78	67
9	78	64
10	77	67
11	78	63
12	77	66
13	78	62
14	77	65
15	77	64
16	81	67
17	81	64
18	80	68
19	80	63
20	80	67
21	80	64
22	79	68
23	80	65
24	79	63
25	78	66
26	79	64
27	78	65
28	79	65
29	79	66
30	80	66
31	79	67
32	81	68
33	81	65
34	81	69
35	81	66
36	82	69
37	82	64
38	83	70
39	82	65
40	84	65
41	83	68
42	83	65
43	83	67
44	83	66
45	82	67
46	82	66
47	82	68
48	86	68
49	86	69
50	86	67
51	85	68
52	86	66
53	85	69
54	85	67
55	85	70
56	83	69
57	84	66
58	84	70
59	84	67
60	84	69
61	85	65
62	84	68
63	85	66
64	87	68
65	87	69
66	87	67
67	86	70
68	87	66
69	86	71
70	88	67
71	87	70
72	88	73
73	89	67
74	88	72
75	88	70
76	88	71
77	88	69
78	87	71
79	88	68
80	90	74
81	91	70
82	89	73
83	91	69
84	90	73
85	91	68
86	90	72
87	90	68
88	89	68
89	89	72
90	89	69
91	89	71
92	89	70
93	90	71
94	90	69
95	90	70
96	91	72
97	91	71
98	91	73
99	92	69
100	91	74
101	92	70
102	92	75
103	92	71
104	93	69
105	93	73
106	93	70
107	93	72
108	93	71
109	92	73
110	92	72
111	92	74
112	95	73
113	95	74
114	95	72
115	95	75
116	95	71
117	95	76
118	95	70
119	94	75
120	93	74
121	94	69
122	93	75
123	94	70
124	94	73
125	94	71
126	94	74
127	94	72
128	76	69
129	76	70
130	76	68
131	76	71
132	76	67
133	76	72
134	77	71
135	77	73
136	78	72
137	78	68
138	79	74
139	77	68
140	78	73
141	77	69
142	77	72
143	77	70
144	80	74
145	81	71
146	80	73
147	81	70
148	80	72
149	80	69
150	79	71
151	80	70
152	78	69
153	79	73
154	78	70
155	79	72
156	78	71
157	79	69
158	80	71
159	79	70
160	81	73
161	81	72
162	81	74
163	82	70
164	81	75
165	83	71
166	82	75
167	82	71
168	83	72
169	83	76
170	83	73
171	83	75
172	83	74
173	82	73
174	82	72
175	82	74
176	85	74
177	85	75
178	85	73
179	85	76
180	85	72
181	86	78
182	85	71
183	85	77
184	83	77
185	84	74
186	84	75
187	84	73
188	84	76
189	84	72
190	84	77
191	84	71
192	86	74
193	86	75
194	86	73
195	86	76
196	86	72
197	86	77
198	87	75
199	87	76
200	89	79
201	88	74
202	88	79
203	87	72
204	87	78
205	87	73
206	87	77
207	87	74
208	90	80
209	91	75
210	90	79
211	90	75
212	89	77
213	89	74
214	90	78
215	90	76
216	88	75
217	88	78
218	88	76
219	89	78
220	88	77
221	90	77
222	89	75
223	89	76
224	91	78
225	91	76
226	91	79
227	91	77
228	91	80
229	92	76
230	92	81
231	92	77
232	93	76
233	93	80
234	93	77
235	93	79
236	93	78
237	92	79
238	92	78
239	92	80
240	95	80
241	95	81
242	95	79
243	95	82
244	95	78
245	95	83
246	95	77
247	94	82
248	93	81
249	94	76
250	93	82
251	94	77
252	94	80
253	94	78
254	94	81
255	94	79
256	76	74
257	76	75
258	76	73
259	76	76
260	77	74
261	76	77
262	77	75
263	76	78
264	78	79
265	78	76
266	77	79
267	78	75
268	77	78
269	78	74
270	77	77
271	77	76
272	81	79
273	81	78
274	80	80
275	80	75
276	80	79
277	80	76
278	79	80
279	80	77
280	79	75
281	78	78
282	79	76
283	78	77
284	79	77
285	79	78
286	80	78
287	79	79
288	81	80
289	81	77
290	81	81
291	81	76
292	81	82
293	82	76
294	82	81
295	82	77
296	83	78
297	83	82
298	83	79
299	83	81
300	83	80
301	82	79
302	82	78
303	82	80
304	86	80
305	85	81
306	86	79
307	85	82
308	85	80
309	85	83
310	85	79
311	84	81
312	82	82
313	84	78
314	83	83
315	84	79
316	84	83
317	84	80
318	84	82
319	85	78
320	86	82
321	86	83
322	86	81
323	86	84
324	87	81
325	87	82
326	87	80
327	87	83
328	88	85
329	88	82
330	88	86
331	88	81
332	87	85
333	88	80
334	87	84
335	87	79
336	89	86
337	91	83
338	89	85
339	91	82
340	89	84
341	91	81
342	89	83
343	90	81
344	89	80
345	88	84
346	89	81
347	88	83
348	89	82
349	90	83
350	90	82
351	90	84
352	90	85
353	91	84
354	90	86
355	92	82
356	90	87
357	92	83
358	91	87
359	92	84
360	93	85
361	93	87
362	93	86
363	92	87
364	92	86
365	91	85
366	92	85
367	91	86
368	95	86
369	95	87
370	95	85
371	95	88
372	95	84
373	95	89
374	94	85
375	94	88
376	92	88
377	93	84
378	93	88
379	93	83
380	94	86
381	94	83
382	94	87
383	94	84
384	76	81
385	76	82
386	76	80
387	76	83
388	76	79
389	76	84
390	77	80
391	77	85
392	78	84
393	78	80
394	79	86
395	77	83
396	78	85
397	77	82
398	77	84
399	77	81
400	80	87
401	81	85
402	80	86
403	80	81
404	80	85
405	80	82
406	80	84
407	80	83
408	78	81
409	79	85
410	78	82
411	79	84
412	78	83
413	79	82
414	79	81
415	79	83
416	81	88
417	81	84
418	81	87
419	81	83
420	81	86
421	82	83
422	82	88
423	82	84
424	83	84
425	83	88
426	83	85
427	83	87
428	83	86
429	82	86
430	82	85
431	82	87
432	85	87
433	85	88
434	85	86
435	85	89
436	85	85
437	86	91
438	85	84
439	85	90
440	83	89
441	84	84
442	84	90
443	84	85
444	84	89
445	84	86
446	84	88
447	84	87
448	86	88
449	86	89
450	86	87
451	86	90
452	86	86
453	87	89
454	86	85
455	87	90
456	88	92
457	88	87
458	88	91
459	87	86
460	88	90
461	87	87
462	87	91
463	87	88
464	91	91
465	91	88
466	90	93
467	90	88
468	90	92
469	90	89
470	90	91
471	89	87
472	88	88
473	89	92
474	88	89
475	89	91
476	89	90
477	89	89
478	89	88
479	90	90
480	91	92
481	91	89
482	91	93
483	91	90
484	92	95
485	92	89
486	92	94
487	92	90
488	93	89
489	93	93
490	93	90
491	93	92
492	93	91
493	92	92
494	92	91
495	92	93
496	95	93
497	95	94
498	95	92
499	95	95
500	95	91
501	95	96
502	95	90
503	94	95
504	93	94
505	94	89
506	93	95
507	94	90
508	94	93
509	94	91
510	94	94
511	94	92
512	76	87
513	77	88
514	76	86
515	77	89
516	76	85
517	76	88
518	77	87
519	77	90
520	78	89
521	78	88
522	78	90
523	78	87
524	78	91
525	78	86
526	77	91
527	77	86
528	81	94
529	81	91
530	81	93
531	80	88
532	81	92
533	80	89
534	80	93
535	80	90
536	79	87
537	79	91
538	79	88
539	79	90
540	79	89
541	79	92
542	80	91
543	80	92
544	82	94
545	81	90
546	83	96
547	81	89
548	83	95
549	82	89
550	82	93
551	82	90
552	83	91
553	84	93
554	84	92
555	83	93
556	83	92
557	82	92
558	82	91
559	83	94
560	86	94
561	86	95
562	86	93
563	86	96
564	86	92
565	85	94
566	85	93
567	85	95
568	84	94
569	83	90
570	84	95
571	84	91
572	84	96
573	85	91
574	85	96
575	85	92
576	87	94
577	87	95
578	87	93
579	87	96
580	87	92
581	86	97
582	88	96
583	87	97
584	88	99
585	89	93
586	88	98
587	88	93
588	88	97
589	88	94
590	87	98
591	88	95
592	90	100
593	91	96
594	89	99
595	91	95
596	90	99
597	91	94
598	90	98
599	90	94
600	89	94
601	89	98
602	89	95
603	89	97
604	89	96
605	90	96
606	90	95
607	90	97
608	91	98
609	91	97
610	91	99
611	92	96
612	91	100
613	92	97
614	92	102
615	92	98
616	93	96
617	93	100
618	93	97
619	93	99
620	93	98
621	92	100
622	92	99
623	92	101
624	95	100
625	95	101
626	95	99
627	95	102
628	95	98
629	95	103
630	95	97
631	94	102
632	93	101
633	94	96
634	93	102
635	94	97
636	94	100
637	94	98
638	94	101
639	94	99
640	77	94
641	77	95
642	77	93
643	77	96
644	77	92
645	77	97
646	78	92
647	77	98
648	79	99
649	79	93
650	78	98
651	78	95
652	78	97
653	78	94
654	78	96
655	78	93
656	81	98
657	82	95
658	80	99
659	81	97
660	80	98
661	81	96
662	80	97
663	81	95
664	79	94
665	79	98
666	79	95
667	79	97
668	79	96
669	80	95
670	80	94
671	80	96
672	81	99
673	82	96
674	81	100
675	82	97
676	81	101
677	82	98
678	82	101
679	83	97
680	83	99
681	84	102
682	83	100
683	83	102
684	83	101
685	82	99
686	83	98
687	82	100
688	86	101
689	86	102
690	85	100
691	85	101
692	85	99
693	86	103
694	85	98
695	86	104
696	84	101
697	84	99
698	84	100
699	84	98
700	85	103
701	84	97
702	85	102
703	85	97
704	87	100
705	87	101
706	86	100
707	87	102
708	86	99
709	87	103
710	86	98
711	87	104
712	89	106
713	88	102
714	88	105
715	88	101
716	88	104
717	88	100
718	88	103
719	87	99
720	91	105
721	91	102
722	90	107
723	91	101
724	90	106
725	90	101
726	90	105
727	89	100
728	89	101
729	89	105
730	89	102
731	89	104
732	89	103
733	90	103
734	90	102
735	90	104
736	91	106
737	91	103
738	91	107
739	91	104
740	92	109
741	92	103
742	92	108
743	92	104
744	93	103
745	93	107
746	93	104
747	93	106
748	93	105
749	92	106
750	92	105
751	92	107
752	95	107
753	95	108
754	95	106
755	95	109
756	95	105
757	95	110
758	95	104
759	94	109
760	93	108
761	94	103
762	93	109
763	94	104
764	94	107
765	94	105
766	94	108
767	94	106
768	77	101
769	77	102
770	77	100
771	77	103
772	77	99
773	77	104
774	78	99
775	78	104
776	79	105
777	79	100
778	80	106
779	78	102
780	79	106
781	78	101
782	78	103
783	78	100
784	81	107
785	81	102
786	81	106
787	81	103
788	81	105
789	81	104
790	80	104
791	80	100
792	79	101
793	80	105
794	79	102
795	79	104
796	79	103
797	80	102
798	80	101
799	80	103
800	82	107
801	82	102
802	83	109
803	82	103
804	83	108
805	82	104
806	82	106
807	83	105
808	83	103
809	84	107
810	83	104
811	84	106
812	84	105
813	83	107
814	83	106
815	82	105
816	86	107
817	86	108
818	86	106
819	86	109
820	86	105
821	86	110
822	85	106
823	85	107
824	84	108
825	84	104
826	84	109
827	84	103
828	85	109
829	85	104
830	85	108
831	85	105
832	87	109
833	87	110
834	87	108
835	86	111
836	87	107
837	87	111
838	87	106
839	88	112
840	89	112
841	88	106
842	88	109
843	88	107
844	88	110
845	88	108
846	88	111
847	87	105
848	90	114
849	91	110
850	89	113
851	91	109
852	90	113
853	91	108
854	90	112
855	90	108
856	89	107
857	89	111
858	89	108
859	89	110
860	89	109
861	90	110
862	90	109
863	90	111
864	91	112
865	91	111
866	91	113
867	92	110
868	91	114
869	92	111
870	92	116
871	92	112
872	93	110
873	93	114
874	93	111
875	93	113
876	93	112
877	92	114
878	92	113
879	92	115
880	95	114
881	95	115
882	95	113
883	95	116
884	95	112
885	95	117
886	95	111
887	94	114
888	93	115
889	94	110
890	93	116
891	94	111
892	94	116
893	94	112
894	94	115
895	94	113
896	77	109
897	77	110
898	77	108
899	78	108
900	77	107
901	78	109
902	77	106
903	78	110
904	79	111
905	78	105
906	80	112
907	78	106
908	79	112
909	78	107
910	78	111
911	77	105
912	81	114
913	82	108
914	81	113
915	81	108
916	81	112
917	81	109
918	80	110
919	81	110
920	79	107
921	80	111
922	79	108
923	79	110
924	79	109
925	80	108
926	80	107
927	80	109
928	81	111
929	82	109
930	82	114
931	82	110
932	82	113
933	83	110
934	82	112
935	83	111
936	84	113
937	84	115
938	84	114
939	83	115
940	83	114
941	82	111
942	83	112
943	83	113
944	86	115
945	86	116
946	86	114
947	86	117
948	85	112
949	86	118
950	85	111
951	85	116
952	84	116
953	84	112
954	85	113
955	84	111
956	85	114
957	84	110
958	85	115
959	85	110
960	87	114
961	87	115
962	86	113
963	87	116
964	87	113
965	87	117
966	86	112
967	87	118
968	88	119
969	88	113
970	88	118
971	88	114
972	88	117
973	88	115
974	88	116
975	87	112
976	91	119
977	91	117
978	91	118
979	90	115
980	90	121
981	89	114
982	90	120
983	90	116
984	89	115
985	89	119
986	89	116
987	89	118
988	89	117
989	90	118
990	90	117
991	90	119
992	91	120
993	91	116
994	91	121
995	91	115
996	92	123
997	92	117
998	92	122
999	92	118
1000	93	117
1001	93	121
1002	93	118
1003	93	120
1004	93	119
1005	92	120
1006	92	119
1007	92	121
1008	95	121
1009	95	122
1010	95	120
1011	95	123
1012	95	119
1013	95	124
1014	95	118
1015	94	123
1016	93	122
1017	94	117
1018	93	123
1019	94	118
1020	94	121
1021	94	119
1022	94	122
1023	94	120
1024	77	113
1025	77	114
1026	77	112
1027	77	115
1028	77	111
1029	77	116
1030	78	112
1031	77	117
1032	80	119
1033	79	113
1034	79	119
1035	78	115
1036	78	116
1037	78	114
1038	78	117
1039	78	113
1040	81	120
1041	81	116
1042	81	121
1043	81	117
1044	80	118
1045	81	118
1046	80	117
1047	80	113
1048	79	114
1049	79	118
1050	79	115
1051	79	117
1052	79	116
1053	80	115
1054	80	114
1055	80	116
1056	81	119
1057	81	115
1058	82	121
1059	82	115
1060	83	122
1061	82	116
1062	82	120
1063	82	117
1064	84	118
1065	83	119
1066	83	116
1067	83	118
1068	83	117
1069	82	119
1070	82	118
1071	83	121
1072	86	122
1073	85	120
1074	86	121
1075	85	121
1076	86	120
1077	85	122
1078	86	119
1079	84	122
1080	83	120
1081	84	117
1082	84	119
1083	85	117
1084	84	120
1085	85	118
1086	84	121
1087	85	119
1088	87	123
1089	86	123
1090	87	122
1091	86	124
1092	87	121
1093	87	124
1094	87	120
1095	88	126
1096	89	125
1097	88	120
1098	88	123
1099	88	121
1100	88	124
1101	88	122
1102	88	125
1103	87	119
1104	90	128
1105	91	124
1106	90	127
1107	91	123
1108	89	126
1109	91	122
1110	90	126
1111	90	122
1112	89	120
1113	89	124
1114	89	121
1115	89	123
1116	89	122
1117	90	124
1118	90	123
1119	90	125
1120	91	126
1121	91	125
1122	91	127
1123	92	124
1124	91	128
1125	92	125
1126	92	130
1127	92	126
1128	93	124
1129	93	128
1130	93	125
1131	93	127
1132	93	126
1133	92	128
1134	92	127
1135	92	129
1136	95	128
1137	95	129
1138	95	127
1139	95	130
1140	95	126
1141	95	131
1142	95	125
1143	94	130
1144	93	129
1145	94	124
1146	93	130
1147	94	125
1148	94	128
1149	94	126
1150	94	129
1151	94	127
1152	77	119
1153	77	120
1154	77	118
1155	77	121
1156	78	118
1157	77	122
1158	78	119
1159	77	123
1160	79	125
1161	79	122
1162	78	123
1163	79	121
1164	78	122
1165	79	120
1166	78	121
1167	78	120
1168	82	127
1169	82	122
1170	81	127
1171	81	122
1172	81	126
1173	81	123
1174	81	125
1175	81	124
1176	80	120
1177	79	124
1178	80	121
1179	79	123
1180	80	122
1181	80	124
1182	80	123
1183	80	125
1184	82	126
1185	82	123
1186	82	125
1187	82	124
1188	83	129
1189	83	123
1190	83	128
1191	83	124
1192	84	123
1193	84	127
1194	84	124
1195	84	126
1196	84	125
1197	83	126
1198	83	125
1199	83	127
1200	86	128
1201	86	129
1202	86	127
1203	86	130
1204	86	126
1205	86	131
1206	86	125
1207	85	129
1208	84	128
1209	85	126
1210	84	129
1211	85	125
1212	85	127
1213	85	124
1214	85	128
1215	85	123
1216	87	129
1217	87	130
1218	87	128
1219	87	131
1220	87	127
1221	88	130
1222	87	126
1223	88	131
1224	89	132
1225	88	127
1226	89	133
1227	88	128
1228	88	133
1229	88	129
1230	88	132
1231	87	125
1232	91	133
1233	91	131
1234	90	135
1235	91	130
1236	90	134
1237	91	129
1238	90	133
1239	90	129
1240	89	127
1241	89	131
1242	89	128
1243	89	130
1244	89	129
1245	90	131
1246	90	130
1247	90	132
1248	91	134
1249	91	132
1250	91	135
1251	92	131
1252	92	137
1253	92	132
1254	93	137
1255	92	133
1256	93	131
1257	93	135
1258	93	132
1259	93	134
1260	93	133
1261	92	135
1262	92	134
1263	92	136
1264	95	135
1265	95	136
1266	95	134
1267	95	137
1268	95	133
1269	95	138
1270	95	132
1271	95	139
1272	93	136
1273	94	131
1274	94	135
1275	94	132
1276	94	136
1277	94	133
1278	94	137
1279	94	134
2048	76	59
2049	76	58
2050	76	60
2051	76	57
2052	77	61
2053	76	56
2054	77	60
2055	76	55
2056	78	56
2057	78	59
2058	77	56
2059	78	60
2060	77	57
2061	78	61
2062	77	58
2063	77	59
2064	81	60
2065	81	63
2066	80	57
2067	80	62
2068	80	58
2069	80	61
2070	79	57
2071	80	60
2072	79	62
2073	78	57
2074	79	61
2075	78	58
2076	79	60
2077	79	59
2078	80	59
2079	79	58
2080	81	59
2081	81	62
2082	81	58
2083	81	61
2084	82	58
2085	82	63
2086	83	59
2087	82	62
2088	84	64
2089	83	61
2090	83	64
2091	83	62
2092	83	63
2093	82	60
2094	82	61
2095	82	59
2096	86	63
2097	86	62
2098	86	64
2099	85	61
2100	86	65
2101	85	60
2102	85	62
2103	85	59
2104	83	60
2105	84	63
2106	84	59
2107	84	62
2108	84	60
2109	85	64
2110	84	61
2111	85	63
2112	87	63
2113	87	62
2114	87	64
2115	86	61
2116	87	65
2117	86	60
2118	88	66
2119	87	61
2120	88	60
2121	89	66
2122	88	61
2123	88	63
2124	88	62
2125	88	64
2126	87	60
2127	88	65
2128	90	61
2129	91	65
2130	89	60
2131	91	66
2132	90	62
2133	91	67
2134	90	63
2135	90	67
2136	89	65
2137	89	61
2138	89	64
2139	89	62
2140	89	63
2141	90	64
2142	90	66
2143	90	65
2144	91	63
2145	91	64
2146	91	62
2147	92	68
2148	91	61
2149	92	67
2150	92	62
2151	92	66
2152	93	68
2153	93	64
2154	93	67
2155	93	65
2156	93	66
2157	92	64
2158	92	65
2159	92	63
2160	95	66
2161	95	65
2162	95	67
2163	95	64
2164	95	68
2165	95	63
2166	95	69
2167	94	62
2168	93	63
2169	94	68
2170	93	62
2171	94	67
2172	94	64
2173	94	66
2174	94	63
2175	94	65
2176	76	52
2177	76	51
2178	76	53
2179	76	50
2180	76	54
2181	76	49
2182	77	52
2183	77	50
2184	78	51
2185	78	55
2186	79	51
2187	77	55
2188	78	50
2189	77	54
2190	77	51
2191	77	53
2192	80	51
2193	81	56
2194	80	52
2195	81	57
2196	80	53
2197	80	56
2198	79	54
2199	80	55
2200	78	54
2201	79	52
2202	78	53
2203	79	53
2204	78	52
2205	79	56
2206	80	54
2207	79	55
2208	81	54
2209	81	55
2210	81	53
2211	82	57
2212	81	52
2213	83	58
2214	82	52
2215	82	56
2216	83	57
2217	83	53
2218	83	56
2219	83	54
2220	83	55
2221	82	54
2222	82	55
2223	82	53
2224	85	55
2225	85	54
2226	85	56
2227	85	53
2228	85	57
2229	86	53
2230	85	58
2231	85	52
2232	83	52
2233	84	55
2234	84	54
2235	84	56
2236	84	53
2237	84	57
2238	84	52
2239	84	58
2240	86	57
2241	86	56
2242	86	58
2243	86	55
2244	86	59
2245	86	54
2246	87	56
2247	87	55
2248	89	54
2249	88	59
2250	88	54
2251	87	59
2252	87	53
2253	87	58
2254	87	54
2255	87	57
2256	90	55
2257	91	60
2258	90	56
2259	90	60
2260	89	56
2261	89	59
2262	90	57
2263	90	59
2264	88	58
2265	88	55
2266	88	57
2267	89	55
2268	88	56
2269	90	58
2270	89	58
2271	89	57
2272	91	57
2273	91	59
2274	91	56
2275	91	58
2276	91	55
2277	92	61
2278	92	56
2279	92	60
2280	93	61
2281	93	57
2282	93	60
2283	93	58
2284	93	59
2285	92	58
2286	92	59
2287	92	57
2288	95	59
2289	95	58
2290	95	60
2291	95	57
2292	95	61
2293	95	56
2294	95	62
2295	94	55
2296	93	56
2297	94	61
2298	93	55
2299	94	60
2300	94	57
2301	94	59
2302	94	56
2303	94	58
2304	76	47
2305	76	46
2306	76	48
2307	76	45
2308	77	49
2309	76	44
2310	77	48
2311	76	43
2312	78	44
2313	78	47
2314	77	44
2315	78	48
2316	77	45
2317	78	49
2318	77	46
2319	77	47
2320	81	48
2321	81	49
2322	80	45
2323	80	50
2324	80	46
2325	80	49
2326	79	45
2327	80	48
2328	79	50
2329	78	45
2330	79	49
2331	78	46
2332	79	48
2333	79	47
2334	80	47
2335	79	46
2336	81	47
2337	81	50
2338	81	46
2339	81	51
2340	81	45
2341	82	51
2342	82	46
2343	82	50
2344	83	51
2345	83	47
2346	83	50
2347	83	48
2348	83	49
2349	82	48
2350	82	49
2351	82	47
2352	86	51
2353	85	48
2354	86	52
2355	85	47
2356	85	49
2357	85	46
2358	85	50
2359	84	48
2360	82	45
2361	84	51
2362	83	46
2363	84	50
2364	84	46
2365	84	49
2366	84	47
2367	85	51
2368	86	49
2369	86	48
2370	86	50
2371	86	47
2372	87	50
2373	87	49
2374	87	51
2375	87	48
2376	88	48
2377	88	51
2378	88	47
2379	88	52
2380	87	46
2381	88	53
2382	87	47
2383	87	52
2384	89	47
2385	91	52
2386	89	48
2387	91	53
2388	89	49
2389	91	54
2390	89	50
2391	90	54
2392	89	53
2393	88	49
2394	89	52
2395	88	50
2396	89	51
2397	90	52
2398	90	53
2399	90	51
2400	90	50
2401	91	51
2402	90	49
2403	92	55
2404	90	48
2405	92	54
2406	91	48
2407	92	53
2408	93	52
2409	93	50
2410	93	51
2411	92	50
2412	92	51
2413	91	50
2414	92	52
2415	91	49
2416	95	53
2417	95	52
2418	95	54
2419	95	51
2420	95	55
2421	95	50
2422	94	52
2423	94	49
2424	92	49
2425	93	53
2426	93	49
2427	93	54
2428	94	51
2429	94	54
2430	94	50
2431	94	53
2432	76	40
2433	76	39
2434	76	41
2435	76	38
2436	76	42
2437	76	37
2438	77	43
2439	77	38
2440	78	39
2441	78	43
2442	79	39
2443	77	40
2444	78	38
2445	77	41
2446	77	39
2447	77	42
2448	80	38
2449	81	42
2450	80	39
2451	80	44
2452	80	40
2453	80	43
2454	80	41
2455	80	42
2456	78	42
2457	79	40
2458	78	41
2459	79	41
2460	78	40
2461	79	43
2462	79	44
2463	79	42
2464	81	39
2465	81	43
2466	81	40
2467	81	44
2468	81	41
2469	82	44
2470	82	39
2471	82	43
2472	83	45
2473	83	41
2474	83	44
2475	83	42
2476	83	43
2477	82	41
2478	82	42
2479	82	40
2480	85	42
2481	85	41
2482	85	43
2483	85	40
2484	85	44
2485	86	40
2486	85	45
2487	85	39
2488	83	40
2489	84	45
2490	84	39
2491	84	44
2492	84	40
2493	84	43
2494	84	41
2495	84	42
2496	86	43
2497	86	42
2498	86	44
2499	86	41
2500	86	45
2501	87	42
2502	86	46
2503	87	41
2504	88	41
2505	88	46
2506	88	42
2507	87	45
2508	88	43
2509	87	44
2510	87	40
2511	87	43
2512	91	44
2513	91	47
2514	90	42
2515	90	47
2516	90	43
2517	90	46
2518	90	44
2519	89	46
2520	88	45
2521	89	41
2522	88	44
2523	89	42
2524	89	43
2525	89	44
2526	89	45
2527	90	45
2528	91	43
2529	91	46
2530	91	42
2531	91	45
2532	92	42
2533	92	48
2534	92	43
2535	92	47
2536	93	48
2537	93	44
2538	93	47
2539	93	45
2540	93	46
2541	92	45
2542	92	46
2543	92	44
2544	95	46
2545	95	45
2546	95	47
2547	95	44
2548	95	48
2549	95	43
2550	95	49
2551	94	42
2552	93	43
2553	94	48
2554	93	42
2555	94	47
2556	94	44
2557	94	46
2558	94	43
2559	94	45
2560	76	34
2561	77	35
2562	76	35
2563	77	34
2564	76	36
2565	76	33
2566	77	36
2567	77	33
2568	78	34
2569	78	35
2570	78	33
2571	78	36
2572	78	32
2573	78	37
2574	77	32
2575	77	37
2576	81	33
2577	81	36
2578	81	34
2579	80	37
2580	81	35
2581	80	36
2582	80	32
2583	80	35
2584	79	38
2585	79	34
2586	79	37
2587	79	35
2588	79	36
2589	79	33
2590	80	34
2591	80	33
2592	82	33
2593	81	37
2594	83	33
2595	81	38
2596	83	34
2597	82	38
2598	82	34
2599	82	37
2600	83	38
2601	84	36
2602	84	37
2603	83	36
2604	83	37
2605	82	35
2606	82	36
2607	83	35
2608	86	37
2609	86	36
2610	86	38
2611	86	35
2612	86	39
2613	85	35
2614	85	36
2615	85	34
2616	84	35
2617	83	39
2618	84	34
2619	84	38
2620	84	33
2621	85	38
2622	85	33
2623	85	37
2624	87	37
2625	87	36
2626	87	38
2627	87	35
2628	87	39
2629	86	34
2630	88	37
2631	87	34
2632	88	34
2633	89	40
2634	88	35
2635	88	40
2636	88	36
2637	88	39
2638	87	33
2639	88	38
2640	90	35
2641	91	39
2642	89	34
2643	91	40
2644	90	36
2645	91	41
2646	90	37
2647	90	41
2648	89	39
2649	89	35
2650	89	38
2651	89	36
2652	89	37
2653	90	39
2654	90	40
2655	90	38
2656	91	37
2657	91	38
2658	91	36
2659	92	41
2660	91	35
2661	92	40
2662	92	35
2663	92	39
2664	93	41
2665	93	37
2666	93	40
2667	93	38
2668	93	39
2669	92	37
2670	92	38
2671	92	36
2672	95	39
2673	95	38
2674	95	40
2675	95	37
2676	95	41
2677	95	36
2678	95	42
2679	94	35
2680	93	36
2681	94	41
2682	93	35
2683	94	40
2684	94	37
2685	94	39
2686	94	36
2687	94	38
2688	77	29
2689	77	28
2690	77	30
2691	77	27
2692	77	31
2693	77	26
2694	78	31
2695	77	25
2696	79	26
2697	79	32
2698	78	25
2699	78	28
2700	78	26
2701	78	29
2702	78	27
2703	78	30
2704	81	29
2705	82	32
2706	80	26
2707	81	30
2708	80	27
2709	81	31
2710	80	28
2711	81	32
2712	79	31
2713	79	27
2714	79	30
2715	79	28
2716	79	29
2717	80	30
2718	80	31
2719	80	29
2720	81	28
2721	82	31
2722	81	27
2723	82	30
2724	81	26
2725	82	29
2726	82	26
2727	83	32
2728	83	30
2729	84	27
2730	83	29
2731	83	27
2732	83	28
2733	82	28
2734	83	31
2735	82	27
2736	86	30
2737	86	29
2738	85	29
2739	85	28
2740	85	30
2741	86	28
2742	85	31
2743	86	27
2744	84	28
2745	84	30
2746	84	29
2747	84	31
2748	85	26
2749	84	32
2750	85	27
2751	85	32
2752	87	31
2753	87	30
2754	86	31
2755	87	29
2756	86	32
2757	87	28
2758	86	33
2759	87	27
2760	89	27
2761	88	31
2762	88	28
2763	88	32
2764	88	29
2765	88	33
2766	88	30
2767	87	32
2768	91	30
2769	91	33
2770	90	28
2771	91	34
2772	90	29
2773	90	34
2774	90	30
2775	89	33
2776	89	32
2777	89	28
2778	89	31
2779	89	29
2780	89	30
2781	90	32
2782	90	33
2783	90	31
2784	91	29
2785	91	32
2786	91	28
2787	91	31
2788	92	28
2789	92	34
2790	92	29
2791	92	33
2792	93	34
2793	93	30
2794	93	33
2795	93	31
2796	93	32
2797	92	31
2798	92	32
2799	92	30
2800	95	32
2801	95	31
2802	95	33
2803	95	30
2804	95	34
2805	95	29
2806	95	35
2807	94	28
2808	93	29
2809	94	34
2810	93	28
2811	94	33
2812	94	30
2813	94	32
2814	94	29
2815	94	31
2816	77	22
2817	77	21
2818	77	23
2819	77	20
2820	77	24
2821	77	19
2822	78	24
2823	78	19
2824	79	20
2825	79	25
2826	80	19
2827	78	21
2828	79	19
2829	78	22
2830	78	20
2831	78	23
2832	81	20
2833	81	25
2834	81	21
2835	81	24
2836	81	22
2837	81	23
2838	80	21
2839	80	25
2840	79	24
2841	80	20
2842	79	23
2843	79	21
2844	79	22
2845	80	23
2846	80	24
2847	80	22
2848	82	20
2849	82	25
2850	83	20
2851	82	24
2852	83	21
2853	82	23
2854	82	21
2855	83	24
2856	83	26
2857	84	22
2858	83	25
2859	84	23
2860	84	24
2861	83	22
2862	83	23
2863	82	22
2864	86	24
2865	86	23
2866	86	25
2867	86	22
2868	86	26
2869	86	21
2870	85	23
2871	85	22
2872	84	21
2873	84	25
2874	84	20
2875	84	26
2876	85	20
2877	85	25
2878	85	21
2879	85	24
2880	87	22
2881	87	21
2882	87	23
2883	86	20
2884	87	24
2885	87	20
2886	87	25
2887	88	21
2888	89	21
2889	88	27
2890	88	24
2891	88	26
2892	88	23
2893	88	25
2894	88	22
2895	87	26
2896	90	21
2897	91	25
2898	89	20
2899	91	26
2900	90	22
2901	91	27
2902	90	23
2903	90	27
2904	89	26
2905	89	22
2906	89	25
2907	89	23
2908	89	24
2909	90	25
2910	90	26
2911	90	24
2912	91	23
2913	91	24
2914	91	22
2915	92	27
2916	91	21
2917	92	26
2918	92	21
2919	92	25
2920	93	27
2921	93	23
2922	93	26
2923	93	24
2924	93	25
2925	92	23
2926	92	24
2927	92	22
2928	95	25
2929	95	24
2930	95	26
2931	95	23
2932	95	27
2933	95	22
2934	95	28
2935	94	23
2936	93	22
2937	94	27
2938	93	21
2939	94	26
2940	94	21
2941	94	25
2942	94	22
2943	94	24
2944	77	14
2945	77	13
2946	77	15
2947	78	15
2948	77	16
2949	78	14
2950	77	17
2951	78	13
2952	79	14
2953	78	18
2954	80	13
2955	78	17
2956	79	13
2957	78	16
2958	78	12
2959	77	18
2960	81	13
2961	82	19
2962	81	14
2963	81	19
2964	81	15
2965	81	18
2966	80	15
2967	81	17
2968	79	18
2969	80	14
2970	79	17
2971	79	15
2972	79	16
2973	80	17
2974	80	18
2975	80	16
2976	81	16
2977	82	18
2978	82	13
2979	82	17
2980	82	14
2981	83	19
2982	82	15
2983	83	18
2984	84	16
2985	84	14
2986	84	15
2987	83	14
2988	83	15
2989	82	16
2990	83	17
2991	83	16
2992	86	16
2993	86	15
2994	86	17
2995	86	14
2996	85	17
2997	86	13
2998	85	18
2999	85	13
3000	84	13
3001	84	17
3002	85	16
3003	84	18
3004	85	15
3005	84	19
3006	85	14
3007	85	19
3008	87	17
3009	87	16
3010	86	18
3011	87	15
3012	87	18
3013	87	14
3014	86	19
3015	87	13
3016	88	14
3017	88	20
3018	88	15
3019	88	19
3020	88	16
3021	88	18
3022	88	17
3023	87	19
3024	91	16
3025	91	18
3026	91	17
3027	90	20
3028	90	14
3029	89	19
3030	90	15
3031	90	19
3032	89	18
3033	89	14
3034	89	17
3035	89	15
3036	89	16
3037	90	17
3038	90	18
3039	90	16
3040	91	15
3041	91	19
3042	91	14
3043	91	20
3044	92	14
3045	92	20
3046	92	15
3047	92	19
3048	93	20
3049	93	16
3050	93	19
3051	93	17
3052	93	18
3053	92	17
3054	92	18
3055	92	16
3056	95	18
3057	95	17
3058	95	19
3059	95	16
3060	95	20
3061	95	15
3062	95	21
3063	94	14
3064	93	15
3065	94	20
3066	93	14
3067	94	19
3068	94	16
3069	94	18
3070	94	15
3071	94	17
3072	77	10
3073	77	9
3074	77	11
3075	77	8
3076	77	12
3077	77	7
3078	78	11
3079	77	6
3080	80	6
3081	79	12
3082	79	6
3083	78	8
3084	78	7
3085	78	9
3086	78	6
3087	78	10
3088	81	7
3089	81	11
3090	81	6
3091	81	10
3092	80	7
3093	81	9
3094	80	8
3095	80	12
3096	79	11
3097	79	7
3098	79	10
3099	79	8
3100	79	9
3101	80	10
3102	80	11
3103	80	9
3104	81	8
3105	81	12
3106	82	6
3107	82	12
3108	83	7
3109	82	11
3110	82	7
3111	82	10
3112	84	11
3113	83	10
3114	83	13
3115	83	11
3116	83	12
3117	82	8
3118	82	9
3119	83	8
3120	86	9
3121	85	9
3122	86	10
3123	85	8
3124	86	11
3125	85	7
3126	86	12
3127	84	7
3128	83	9
3129	84	12
3130	84	10
3131	85	12
3132	84	9
3133	85	11
3134	84	8
3135	85	10
3136	87	8
3137	86	8
3138	87	9
3139	86	7
3140	87	10
3141	87	7
3142	87	11
3143	88	7
3144	89	8
3145	88	13
3146	88	10
3147	88	12
3148	88	9
3149	88	11
3150	88	8
3151	87	12
3152	90	7
3153	91	11
3154	90	8
3155	91	12
3156	89	7
3157	91	13
3158	90	9
3159	90	13
3160	89	13
3161	89	9
3162	89	12
3163	89	10
3164	89	11
3165	90	11
3166	90	12
3167	90	10
3168	91	9
3169	91	10
3170	91	8
3171	92	13
3172	91	7
3173	92	12
3174	92	7
3175	92	11
3176	93	13
3177	93	9
3178	93	12
3179	93	10
3180	93	11
3181	92	9
3182	92	10
3183	92	8
3184	95	11
3185	95	10
3186	95	12
3187	95	9
3188	95	13
3189	95	8
3190	95	14
3191	94	7
3192	93	8
3193	94	13
3194	93	7
3195	94	12
3196	94	9
3197	94	11
3198	94	8
3199	94	10
3200	77	4
3201	77	3
3202	77	5
3203	77	2
3204	78	5
3205	77	1
3206	78	4
3207	77	0
3208	79	0
3209	79	3
3210	78	0
3211	79	4
3212	78	1
3213	79	5
3214	78	2
3215	78	3
3216	82	0
3217	82	5
3218	81	0
3219	81	5
3220	81	1
3221	81	4
3222	81	2
3223	81	3
3224	80	5
3225	79	1
3226	80	4
3227	79	2
3228	80	3
3229	80	1
3230	80	2
3231	80	0
3232	82	1
3233	82	4
3234	82	2
3235	82	3
3236	83	0
3237	83	6
3238	83	1
3239	83	5
3240	84	6
3241	84	2
3242	84	5
3243	84	3
3244	84	4
3245	83	3
3246	83	4
3247	83	2
3248	86	3
3249	86	2
3250	86	4
3251	86	1
3252	86	5
3253	86	0
3254	86	6
3255	85	0
3256	84	1
3257	85	3
3258	84	0
3259	85	4
3260	85	2
3261	85	5
3262	85	1
3263	85	6
3264	87	2
3265	87	1
3266	87	3
3267	87	0
3268	87	4
3269	88	3
3270	87	5
3271	88	2
3272	89	1
3273	88	6
3274	89	0
3275	88	5
3276	88	0
3277	88	4
3278	88	1
3279	87	6
3280	91	2
3281	91	4
3282	90	0
3283	91	5
3284	90	1
3285	91	6
3286	90	2
3287	90	6
3288	89	6
3289	89	2
3290	89	5
3291	89	3
3292	89	4
3293	90	4
3294	90	5
3295	90	3
3296	91	1
3297	91	3
3298	91	0
3299	92	6
3300	92	0
3301	92	5
3302	93	0
3303	92	4
3304	93	6
3305	93	2
3306	93	5
3307	93	3
3308	93	4
3309	92	2
3310	92	3
3311	92	1
3312	95	4
3313	95	3
3314	95	5
3315	95	2
3316	95	6
3317	95	1
3318	95	7
3319	95	0
3320	93	1
3321	94	6
3322	94	2
3323	94	5
3324	94	1
3325	94	4
3326	94	0
3327	94	3
