2560
3327
0	117	55
1	117	57
2	117	56
3	118	57
4	117	54
5	118	56
6	117	53
7	118	55
8	120	58
9	119	55
10	119	56
11	119	54
12	119	57
13	118	53
14	119	58
15	118	54
16	122	59
17	123	55
18	122	60
19	122	57
20	121	59
21	122	56
22	121	58
23	122	55
24	120	54
25	120	57
26	121	54
27	120	56
28	120	55
29	121	56
30	121	55
31	121	57
32	122	58
33	123	56
34	123	60
35	124	55
36	123	59
37	123	57
38	123	58
39	124	56
40	125	55
41	125	59
42	125	56
43	125	58
44	125	57
45	124	58
46	124	57
47	124	59
48	128	58
49	127	59
50	128	57
51	127	60
52	127	58
53	127	61
54	127	57
55	126	59
56	124	60
57	126	58
58	125	60
59	126	57
60	126	61
61	126	56
62	126	60
63	127	56
64	128	60
65	128	61
66	128	59
67	128	62
68	129	59
69	129	60
70	129	58
71	129	61
72	130	60
73	130	59
74	130	61
75	130	58
76	130	62
77	130	57
78	129	62
79	129	57
80	133	62
81	133	61
82	133	63
83	132	58
84	133	64
85	132	59
86	132	63
87	132	60
88	131	58
89	131	62
90	131	59
91	131	61
92	131	60
93	132	62
94	132	61
95	131	63
96	134	64
97	133	60
98	135	65
99	133	59
100	135	64
101	134	59
102	134	63
103	134	60
104	136	61
105	136	63
106	135	61
107	136	62
108	135	62
109	135	63
110	134	61
111	134	62
112	138	63
113	138	64
114	138	62
115	138	65
116	138	61
117	138	66
118	137	61
119	137	64
120	136	64
121	135	60
122	136	65
123	136	60
124	137	66
125	137	63
126	137	65
127	137	62
128	117	60
129	117	63
130	117	61
131	118	63
132	117	62
133	118	62
134	117	59
135	118	61
136	119	62
137	119	59
138	119	63
139	118	58
140	119	64
141	118	59
142	118	60
143	117	58
144	122	64
145	122	62
146	122	65
147	121	60
148	121	64
149	121	61
150	120	64
151	121	62
152	119	60
153	119	61
154	120	59
155	120	61
156	120	60
157	120	63
158	120	62
159	121	63
160	122	63
161	122	61
162	123	65
163	123	61
164	124	65
165	123	62
166	123	64
167	124	62
168	124	61
169	125	66
170	125	63
171	125	65
172	125	64
173	124	64
174	124	63
175	123	63
176	127	64
177	128	67
178	127	63
179	127	65
180	127	62
181	127	66
182	126	62
183	128	68
184	126	67
185	125	62
186	126	66
187	125	61
188	126	65
189	126	64
190	127	67
191	126	63
192	128	65
193	128	66
194	129	65
195	129	66
196	128	64
197	129	67
198	129	64
199	129	68
200	131	68
201	130	64
202	131	69
203	130	63
204	130	67
205	129	63
206	130	68
207	128	63
208	133	69
209	133	66
210	133	70
211	133	65
212	132	69
213	132	64
214	132	68
215	131	64
216	130	65
217	130	66
218	131	65
219	131	67
220	131	66
221	132	66
222	132	65
223	132	67
224	133	68
225	134	65
226	133	67
227	134	66
228	134	70
229	135	66
230	134	69
231	135	67
232	136	68
233	136	70
234	136	69
235	135	70
236	135	69
237	134	67
238	135	68
239	134	68
240	138	69
241	138	70
242	138	68
243	138	71
244	138	67
245	138	72
246	137	69
247	137	70
248	135	71
249	136	67
250	136	71
251	136	66
252	137	72
253	137	67
254	137	71
255	137	68
256	117	67
257	117	69
258	117	68
259	118	69
260	117	66
261	118	68
262	118	66
263	118	67
264	120	70
265	118	64
266	119	68
267	118	65
268	119	69
269	117	64
270	119	70
271	117	65
272	122	70
273	121	65
274	122	71
275	121	66
276	121	67
277	120	65
278	121	68
279	120	66
280	119	67
281	120	69
282	119	66
283	120	68
284	119	65
285	121	70
286	120	67
287	121	69
288	122	69
289	122	67
290	122	68
291	122	66
292	123	71
293	123	66
294	123	70
295	123	67
296	124	68
297	125	70
298	125	69
299	124	70
300	124	69
301	123	69
302	124	66
303	123	68
304	128	69
305	127	70
306	127	69
307	127	71
308	127	68
309	127	72
310	126	68
311	126	70
312	124	71
313	125	68
314	125	71
315	124	67
316	126	72
317	125	67
318	126	71
319	126	69
320	128	71
321	128	72
322	128	70
323	128	73
324	129	71
325	129	72
326	129	70
327	129	73
328	130	72
329	130	71
330	130	73
331	130	70
332	130	74
333	130	69
334	129	74
335	129	69
336	133	74
337	133	73
338	133	75
339	132	70
340	133	76
341	132	71
342	132	75
343	132	72
344	131	70
345	131	74
346	131	71
347	131	73
348	131	72
349	131	75
350	132	73
351	132	74
352	134	76
353	133	72
354	134	75
355	133	71
356	135	77
357	134	71
358	135	76
359	134	72
360	136	73
361	136	75
362	135	73
363	136	74
364	135	74
365	134	74
366	134	73
367	135	75
368	138	75
369	138	76
370	138	74
371	138	77
372	138	73
373	138	78
374	137	73
375	137	76
376	136	76
377	135	72
378	136	77
379	136	72
380	137	78
381	137	75
382	137	77
383	137	74
384	117	72
385	117	74
386	117	73
387	118	74
388	117	71
389	118	73
390	117	70
391	118	72
392	120	75
393	119	72
394	119	73
395	119	71
396	119	74
397	118	70
398	119	75
399	118	71
400	122	75
401	122	72
402	122	76
403	122	73
404	122	77
405	122	74
406	121	76
407	121	72
408	120	71
409	120	74
410	121	71
411	120	73
412	120	72
413	121	74
414	121	73
415	121	75
416	123	77
417	123	73
418	123	76
419	123	74
420	123	75
421	123	72
422	124	77
423	124	73
424	124	72
425	125	77
426	125	74
427	125	76
428	125	75
429	124	75
430	124	74
431	124	76
432	127	75
433	127	76
434	127	74
435	128	78
436	127	73
437	127	77
438	126	73
439	128	79
440	126	78
441	125	73
442	126	77
443	125	72
444	126	76
445	126	75
446	127	78
447	126	74
448	129	77
449	128	77
450	128	76
451	129	78
452	128	75
453	129	79
454	129	76
455	129	80
456	131	81
457	130	76
458	130	78
459	130	77
460	130	79
461	129	75
462	130	80
463	128	74
464	133	80
465	133	78
466	133	81
467	132	76
468	133	82
469	131	76
470	132	81
471	132	77
472	130	75
473	131	80
474	131	77
475	131	79
476	131	78
477	132	79
478	132	78
479	132	80
480	133	79
481	133	77
482	134	82
483	134	77
484	134	81
485	134	78
486	134	80
487	135	78
488	136	80
489	135	83
490	135	81
491	135	82
492	136	81
493	135	80
494	135	79
495	134	79
496	138	81
497	138	82
498	138	80
499	138	83
500	138	79
501	138	84
502	137	79
503	137	82
504	136	82
505	136	79
506	136	83
507	136	78
508	137	84
509	137	81
510	137	83
511	137	80
512	117	77
513	117	80
514	117	78
515	118	80
516	117	79
517	118	79
518	117	76
519	119	81
520	119	79
521	119	76
522	119	80
523	118	75
524	118	77
525	118	76
526	118	78
527	117	75
528	122	81
529	122	79
530	122	82
531	121	77
532	121	81
533	121	78
534	120	81
535	121	79
536	119	77
537	119	78
538	120	76
539	120	78
540	120	77
541	120	80
542	120	79
543	121	80
544	122	80
545	122	78
546	123	82
547	123	78
548	123	81
549	123	79
550	123	80
551	124	78
552	125	81
553	126	84
554	124	82
555	125	82
556	125	80
557	124	80
558	124	79
559	124	81
560	128	81
561	128	82
562	128	80
563	127	81
564	127	80
565	127	82
566	127	79
567	127	83
568	126	83
569	125	79
570	126	82
571	126	80
572	126	81
573	125	78
574	127	84
575	126	79
576	128	83
577	128	85
578	128	84
579	129	85
580	129	83
581	129	84
582	129	82
583	130	86
584	132	87
585	130	83
586	131	87
587	130	82
588	130	84
589	130	81
590	130	85
591	129	81
592	134	88
593	133	84
594	133	85
595	132	82
596	133	86
597	132	83
598	133	87
599	132	85
600	131	82
601	131	86
602	131	83
603	131	85
604	131	84
605	132	86
606	132	84
607	133	88
608	134	87
609	133	83
610	134	86
611	134	83
612	134	85
613	134	84
614	135	89
615	135	85
616	136	85
617	136	89
618	136	86
619	136	88
620	136	87
621	135	87
622	135	86
623	135	88
624	138	87
625	138	88
626	138	86
627	138	89
628	138	85
629	139	89
630	137	85
631	139	90
632	137	90
633	135	84
634	137	89
635	136	84
636	137	88
637	137	87
638	138	90
639	137	86
640	117	83
641	118	85
642	117	84
643	118	84
644	117	85
645	118	83
646	117	82
647	119	86
648	121	86
649	119	82
650	120	86
651	118	81
652	119	84
653	117	81
654	119	85
655	118	82
656	123	87
657	123	83
658	122	85
659	122	83
660	122	86
661	122	84
662	122	87
663	121	82
664	119	83
665	120	85
666	120	82
667	120	84
668	120	83
669	121	84
670	121	83
671	121	85
672	123	86
673	123	84
674	123	85
675	124	83
676	124	87
677	124	84
678	124	86
679	125	83
680	125	87
681	125	88
682	126	87
683	126	88
684	125	86
685	125	85
686	125	84
687	124	85
688	129	87
689	129	88
690	128	87
691	128	88
692	129	86
693	128	89
694	128	86
695	128	90
696	126	89
697	126	86
698	127	89
699	126	85
700	127	88
701	127	86
702	127	87
703	127	85
704	129	90
705	129	91
706	129	89
707	130	91
708	130	88
709	130	90
710	130	87
711	130	89
712	133	94
713	132	88
714	132	92
715	131	90
716	131	91
717	131	89
718	131	92
719	131	88
720	135	95
721	135	90
722	134	94
723	134	89
724	134	93
725	134	90
726	134	92
727	134	91
728	132	89
729	133	93
730	132	90
731	132	91
732	133	92
733	133	91
734	133	89
735	133	90
736	135	94
737	135	91
738	135	93
739	135	92
740	136	96
741	136	90
742	136	95
743	136	91
744	137	93
745	137	97
746	137	94
747	137	96
748	137	95
749	136	93
750	136	92
751	136	94
752	139	93
753	139	94
754	139	92
755	139	95
756	139	91
757	139	96
758	138	91
759	139	97
760	138	97
761	137	92
762	138	96
763	137	91
764	138	95
765	138	93
766	138	94
767	138	92
768	117	88
769	117	90
770	117	89
771	118	90
772	117	87
773	118	89
774	118	87
775	118	88
776	120	91
777	119	88
778	119	89
779	119	87
780	119	90
781	118	86
782	119	91
783	117	86
784	124	93
785	122	89
786	123	92
787	121	88
788	123	93
789	121	91
790	122	90
791	121	90
792	120	87
793	120	90
794	121	87
795	120	89
796	120	88
797	122	92
798	121	89
799	122	91
800	124	92
801	122	88
802	123	91
803	123	88
804	123	90
805	123	89
806	125	93
807	124	88
808	126	92
809	126	94
810	125	92
811	126	93
812	125	91
813	124	90
814	124	89
815	124	91
816	128	92
817	128	93
818	128	91
819	128	94
820	127	90
821	128	95
822	127	91
823	128	96
824	127	95
825	125	90
826	127	94
827	126	91
828	127	93
829	125	89
830	127	92
831	126	90
832	129	94
833	129	96
834	129	95
835	130	97
836	129	93
837	130	96
838	129	92
839	130	95
840	131	96
841	132	93
842	131	97
843	131	93
844	131	98
845	130	92
846	130	94
847	130	93
848	133	100
849	134	97
850	133	99
851	134	96
852	132	98
853	134	95
854	132	97
855	133	95
856	131	94
857	132	96
858	132	94
859	131	95
860	132	95
861	133	97
862	133	96
863	133	98
864	134	100
865	135	96
866	134	99
867	135	97
868	134	98
869	135	98
870	135	101
871	136	97
872	137	100
873	136	101
874	136	99
875	137	101
876	136	100
877	135	99
878	136	98
879	135	100
880	139	100
881	139	101
882	139	99
883	139	102
884	139	98
885	139	103
886	138	100
887	138	101
888	137	102
889	137	99
890	137	103
891	137	98
892	138	103
893	138	98
894	138	102
895	138	99
896	117	93
897	118	95
898	117	94
899	118	94
900	117	95
901	118	93
902	117	92
903	119	96
904	119	94
905	119	92
906	120	96
907	118	91
908	119	95
909	117	91
910	120	97
911	118	92
912	122	95
913	122	94
914	122	96
915	121	92
916	122	97
917	121	93
918	122	98
919	121	94
920	119	93
921	120	95
922	120	92
923	120	94
924	120	93
925	121	96
926	121	95
927	121	97
928	123	98
929	122	93
930	123	97
931	123	94
932	123	96
933	123	95
934	124	98
935	124	94
936	125	95
937	125	99
938	125	96
939	125	98
940	125	97
941	124	96
942	124	95
943	124	97
944	128	98
945	128	99
946	128	97
947	128	100
948	127	97
949	127	98
950	127	96
951	127	99
952	126	100
953	125	94
954	126	99
955	126	97
956	126	98
957	126	96
958	127	100
959	126	95
960	129	100
961	128	101
962	129	99
963	129	101
964	129	98
965	129	102
966	129	97
967	130	102
968	132	104
969	131	99
970	131	103
971	130	98
972	131	104
973	130	99
974	130	101
975	130	100
976	135	107
977	132	99
978	134	103
979	132	100
980	134	104
981	133	102
982	134	105
983	132	101
984	131	100
985	132	103
986	131	101
987	131	102
988	132	102
989	133	104
990	133	103
991	133	105
992	135	106
993	133	101
994	136	107
995	134	102
996	136	106
997	134	101
998	135	105
999	135	102
1000	136	103
1001	137	107
1002	137	105
1003	137	106
1004	136	104
1005	135	104
1006	135	103
1007	136	105
1008	139	106
1009	139	107
1010	139	105
1011	139	108
1012	139	104
1013	139	109
1014	138	104
1015	138	107
1016	137	108
1017	136	102
1018	137	109
1019	137	104
1020	138	109
1021	138	106
1022	138	108
1023	138	105
1024	117	98
1025	118	100
1026	117	99
1027	118	99
1028	117	100
1029	118	98
1030	117	97
1031	119	102
1032	119	100
1033	119	97
1034	120	101
1035	118	96
1036	120	102
1037	118	97
1038	119	101
1039	117	96
1040	123	103
1041	122	100
1042	123	104
1043	121	98
1044	122	102
1045	121	99
1046	122	101
1047	121	100
1048	119	98
1049	119	99
1050	120	98
1051	120	100
1052	120	99
1053	121	102
1054	121	101
1055	122	103
1056	123	101
1057	122	99
1058	123	102
1059	123	99
1060	124	104
1061	123	100
1062	124	103
1063	124	99
1064	125	104
1065	126	104
1066	125	103
1067	126	103
1068	125	102
1069	124	102
1070	124	100
1071	124	101
1072	128	103
1073	128	104
1074	128	102
1075	128	105
1076	127	101
1077	128	106
1078	127	102
1079	127	103
1080	126	105
1081	125	101
1082	127	106
1083	126	102
1084	127	105
1085	125	100
1086	127	104
1087	126	101
1088	129	105
1089	129	108
1090	129	106
1091	130	108
1092	129	107
1093	130	107
1094	129	104
1095	130	106
1096	131	107
1097	131	105
1098	131	108
1099	130	103
1100	131	109
1101	130	104
1102	130	105
1103	129	103
1104	134	111
1105	135	108
1106	133	111
1107	134	107
1108	133	110
1109	134	106
1110	132	109
1111	133	106
1112	131	106
1113	132	108
1114	132	105
1115	132	107
1116	132	106
1117	133	108
1118	133	107
1119	133	109
1120	134	110
1121	135	109
1122	134	109
1123	135	110
1124	134	108
1125	136	108
1126	135	113
1127	136	109
1128	136	111
1129	136	113
1130	137	112
1131	137	113
1132	136	112
1133	135	111
1134	136	110
1135	135	112
1136	139	112
1137	139	113
1138	139	111
1139	139	114
1140	139	110
1141	139	115
1142	138	110
1143	138	113
1144	137	114
1145	137	111
1146	137	115
1147	137	110
1148	138	115
1149	138	112
1150	138	114
1151	138	111
1152	117	104
1153	118	105
1154	117	105
1155	118	104
1156	117	103
1157	118	103
1158	117	102
1159	119	107
1160	121	107
1161	119	103
1162	120	107
1163	118	101
1164	119	105
1165	118	102
1166	119	106
1167	117	101
1168	123	108
1169	122	105
1170	123	109
1171	121	103
1172	122	107
1173	122	106
1174	122	108
1175	121	104
1176	119	104
1177	120	106
1178	120	103
1179	120	105
1180	120	104
1181	121	106
1182	121	105
1183	122	109
1184	123	107
1185	122	104
1186	124	109
1187	123	106
1188	125	109
1189	123	105
1190	124	108
1191	124	105
1192	125	106
1193	126	110
1194	126	108
1195	126	109
1196	125	107
1197	124	107
1198	124	106
1199	125	108
1200	128	109
1201	128	110
1202	128	108
1203	128	111
1204	128	107
1205	128	112
1206	127	107
1207	128	113
1208	126	111
1209	125	105
1210	127	111
1211	126	107
1212	127	110
1213	126	106
1214	127	109
1215	127	108
1216	129	111
1217	130	113
1218	129	112
1219	130	112
1220	129	113
1221	130	111
1222	129	110
1223	131	115
1224	132	114
1225	131	110
1226	131	112
1227	130	109
1228	131	113
1229	129	109
1230	131	114
1231	130	110
1232	134	116
1233	134	113
1234	134	117
1235	134	112
1236	133	117
1237	133	112
1238	133	116
1239	133	113
1240	131	111
1241	132	113
1242	132	110
1243	132	112
1244	132	111
1245	133	115
1246	133	114
1247	132	115
1248	134	115
1249	134	114
1250	135	119
1251	135	114
1252	136	119
1253	135	115
1254	135	118
1255	135	116
1256	136	115
1257	137	119
1258	137	117
1259	137	118
1260	136	116
1261	135	117
1262	136	117
1263	136	118
1264	139	118
1265	139	119
1266	139	117
1267	139	120
1268	139	116
1269	139	121
1270	138	116
1271	138	119
1272	137	120
1273	136	114
1274	137	121
1275	137	116
1276	138	121
1277	138	118
1278	138	120
1279	138	117
2048	117	50
2049	117	48
2050	117	49
2051	118	48
2052	117	51
2053	118	49
2054	117	52
2055	118	50
2056	120	49
2057	119	52
2058	119	51
2059	119	53
2060	119	50
2061	118	52
2062	119	49
2063	118	51
2064	122	50
2065	123	54
2066	122	49
2067	122	52
2068	121	48
2069	122	53
2070	121	49
2071	122	54
2072	120	53
2073	120	50
2074	121	53
2075	120	51
2076	120	52
2077	121	51
2078	121	52
2079	121	50
2080	122	51
2081	123	53
2082	123	49
2083	124	54
2084	123	50
2085	123	52
2086	123	51
2087	124	53
2088	125	54
2089	125	50
2090	125	53
2091	125	51
2092	125	52
2093	124	51
2094	124	52
2095	124	50
2096	128	55
2097	127	52
2098	128	56
2099	127	51
2100	127	53
2101	127	50
2102	127	54
2103	126	52
2104	124	49
2105	126	53
2106	125	49
2107	126	54
2108	126	50
2109	126	55
2110	126	51
2111	127	55
2112	128	53
2113	128	52
2114	128	54
2115	128	51
2116	129	54
2117	129	53
2118	129	55
2119	129	52
2120	130	53
2121	130	54
2122	130	52
2123	130	55
2124	130	51
2125	130	56
2126	129	51
2127	129	56
2128	133	55
2129	133	56
2130	133	54
2131	132	57
2132	133	53
2133	132	56
2134	132	52
2135	132	55
2136	131	57
2137	131	53
2138	131	56
2139	131	54
2140	131	55
2141	132	53
2142	132	54
2143	131	52
2144	134	53
2145	133	57
2146	135	54
2147	133	58
2148	135	55
2149	134	58
2150	134	54
2151	134	57
2152	136	58
2153	136	56
2154	135	58
2155	136	57
2156	135	57
2157	135	56
2158	134	56
2159	134	55
2160	138	58
2161	138	57
2162	138	59
2163	138	56
2164	138	60
2165	138	55
2166	137	60
2167	137	57
2168	136	55
2169	135	59
2170	136	54
2171	136	59
2172	137	55
2173	137	58
2174	137	56
2175	137	59
2176	117	45
2177	117	42
2178	117	44
2179	118	42
2180	117	43
2181	118	43
2182	117	46
2183	118	44
2184	119	45
2185	119	48
2186	119	44
2187	118	47
2188	119	43
2189	118	46
2190	118	45
2191	117	47
2192	122	45
2193	122	47
2194	122	44
2195	121	47
2196	121	43
2197	121	46
2198	120	43
2199	121	45
2200	119	47
2201	119	46
2202	120	48
2203	120	46
2204	120	47
2205	120	44
2206	120	45
2207	121	44
2208	122	46
2209	122	48
2210	123	44
2211	123	48
2212	124	44
2213	123	47
2214	123	45
2215	124	47
2216	124	48
2217	125	43
2218	125	46
2219	125	44
2220	125	45
2221	124	45
2222	124	46
2223	123	46
2224	127	47
2225	128	46
2226	127	48
2227	127	46
2228	127	49
2229	127	45
2230	126	49
2231	128	45
2232	126	44
2233	125	47
2234	126	45
2235	125	48
2236	126	46
2237	126	47
2238	127	44
2239	126	48
2240	128	48
2241	128	47
2242	129	48
2243	129	47
2244	128	49
2245	129	46
2246	129	49
2247	129	45
2248	131	47
2249	130	49
2250	131	46
2251	130	50
2252	130	46
2253	129	50
2254	130	45
2255	128	50
2256	133	48
2257	133	51
2258	133	47
2259	133	52
2260	132	46
2261	132	51
2262	132	47
2263	131	51
2264	130	48
2265	130	47
2266	131	50
2267	131	48
2268	131	49
2269	132	49
2270	132	50
2271	132	48
2272	133	49
2273	134	52
2274	133	50
2275	134	51
2276	134	47
2277	135	53
2278	134	48
2279	135	52
2280	136	51
2281	136	49
2282	136	50
2283	135	49
2284	135	50
2285	134	50
2286	135	51
2287	134	49
2288	138	52
2289	138	51
2290	138	53
2291	138	50
2292	138	54
2293	138	49
2294	137	52
2295	137	51
2296	135	48
2297	136	52
2298	136	48
2299	136	53
2300	137	49
2301	137	54
2302	137	50
2303	137	53
2304	117	38
2305	117	36
2306	117	37
2307	118	36
2308	117	39
2309	118	37
2310	118	39
2311	118	38
2312	120	37
2313	118	41
2314	119	39
2315	118	40
2316	119	38
2317	117	41
2318	119	37
2319	117	40
2320	122	39
2321	121	42
2322	122	38
2323	121	41
2324	121	40
2325	120	42
2326	121	39
2327	120	41
2328	119	40
2329	120	38
2330	119	41
2331	120	39
2332	119	42
2333	121	37
2334	120	40
2335	121	38
2336	122	40
2337	122	42
2338	122	41
2339	122	43
2340	123	38
2341	123	43
2342	123	39
2343	123	42
2344	124	41
2345	125	39
2346	125	40
2347	124	39
2348	124	40
2349	123	40
2350	124	43
2351	123	41
2352	128	44
2353	127	41
2354	127	42
2355	127	40
2356	127	43
2357	127	39
2358	126	43
2359	126	41
2360	124	38
2361	125	41
2362	125	38
2363	124	42
2364	126	39
2365	125	42
2366	126	40
2367	126	42
2368	128	42
2369	128	41
2370	128	43
2371	128	40
2372	129	42
2373	129	41
2374	129	43
2375	129	40
2376	130	41
2377	130	42
2378	130	40
2379	130	43
2380	130	39
2381	130	44
2382	129	39
2383	129	44
2384	133	43
2385	133	44
2386	133	42
2387	132	45
2388	133	41
2389	132	44
2390	132	40
2391	132	43
2392	131	45
2393	131	41
2394	131	44
2395	131	42
2396	131	43
2397	131	40
2398	132	42
2399	132	41
2400	134	41
2401	133	45
2402	134	42
2403	133	46
2404	135	42
2405	134	46
2406	135	43
2407	134	45
2408	136	46
2409	136	44
2410	135	46
2411	136	45
2412	135	45
2413	134	43
2414	134	44
2415	135	44
2416	138	46
2417	138	45
2418	138	47
2419	138	44
2420	138	48
2421	138	43
2422	137	48
2423	137	45
2424	136	43
2425	135	47
2426	136	42
2427	136	47
2428	137	43
2429	137	46
2430	137	44
2431	137	47
2432	117	33
2433	117	31
2434	117	32
2435	118	31
2436	117	34
2437	118	32
2438	117	35
2439	118	33
2440	120	32
2441	119	35
2442	119	34
2443	119	36
2444	119	33
2445	118	35
2446	119	32
2447	118	34
2448	122	34
2449	122	37
2450	122	33
2451	122	36
2452	122	32
2453	122	35
2454	121	31
2455	121	35
2456	120	36
2457	120	33
2458	121	36
2459	120	34
2460	120	35
2461	121	33
2462	121	34
2463	121	32
2464	123	32
2465	123	36
2466	123	33
2467	123	35
2468	123	34
2469	123	37
2470	124	32
2471	124	36
2472	124	37
2473	125	32
2474	125	35
2475	125	33
2476	125	34
2477	124	34
2478	124	35
2479	124	33
2480	127	36
2481	127	35
2482	127	37
2483	128	35
2484	127	38
2485	127	34
2486	126	38
2487	128	34
2488	126	33
2489	125	36
2490	126	34
2491	125	37
2492	126	35
2493	126	36
2494	127	33
2495	126	37
2496	129	36
2497	128	36
2498	128	37
2499	129	35
2500	128	38
2501	129	34
2502	129	37
2503	129	33
2504	131	34
2505	130	37
2506	130	35
2507	130	36
2508	130	34
2509	129	38
2510	130	33
2511	128	39
2512	133	37
2513	133	39
2514	133	36
2515	132	39
2516	133	35
2517	131	39
2518	132	34
2519	132	38
2520	130	38
2521	131	35
2522	131	38
2523	131	36
2524	131	37
2525	132	36
2526	132	37
2527	132	35
2528	133	38
2529	133	40
2530	134	35
2531	134	40
2532	134	36
2533	134	39
2534	134	37
2535	135	41
2536	136	39
2537	135	36
2538	135	38
2539	135	37
2540	136	38
2541	135	39
2542	135	40
2543	134	38
2544	138	40
2545	138	39
2546	138	41
2547	138	38
2548	138	42
2549	138	37
2550	137	42
2551	137	39
2552	136	37
2553	136	40
2554	136	36
2555	136	41
2556	137	37
2557	137	40
2558	137	38
2559	137	41
2560	117	28
2561	117	25
2562	117	27
2563	118	25
2564	117	26
2565	118	26
2566	117	29
2567	119	26
2568	119	28
2569	119	31
2570	119	27
2571	118	30
2572	118	28
2573	118	29
2574	118	27
2575	117	30
2576	122	28
2577	122	30
2578	122	27
2579	121	30
2580	121	26
2581	121	29
2582	120	26
2583	121	28
2584	119	30
2585	119	29
2586	120	31
2587	120	29
2588	120	30
2589	120	27
2590	120	28
2591	121	27
2592	122	29
2593	122	31
2594	123	27
2595	123	31
2596	123	28
2597	123	30
2598	123	29
2599	124	31
2600	125	28
2601	126	27
2602	124	27
2603	125	27
2604	125	29
2605	124	29
2606	124	30
2607	124	28
2608	128	32
2609	128	31
2610	128	33
2611	127	30
2612	127	31
2613	127	29
2614	127	32
2615	127	28
2616	126	28
2617	125	30
2618	126	29
2619	126	31
2620	126	30
2621	125	31
2622	127	27
2623	126	32
2624	128	30
2625	128	28
2626	128	29
2627	129	28
2628	129	30
2629	129	29
2630	129	31
2631	130	27
2632	132	28
2633	130	30
2634	131	28
2635	130	31
2636	130	29
2637	130	32
2638	130	28
2639	129	32
2640	134	29
2641	133	33
2642	133	32
2643	132	33
2644	133	31
2645	132	32
2646	133	30
2647	132	30
2648	131	33
2649	131	29
2650	131	32
2651	131	30
2652	131	31
2653	132	29
2654	132	31
2655	133	29
2656	134	30
2657	133	34
2658	134	31
2659	134	34
2660	134	32
2661	134	33
2662	135	30
2663	135	34
2664	136	34
2665	136	30
2666	136	33
2667	136	31
2668	136	32
2669	135	32
2670	135	33
2671	135	31
2672	138	34
2673	138	33
2674	138	35
2675	138	32
2676	138	36
2677	139	32
2678	137	36
2679	139	31
2680	137	31
2681	135	35
2682	137	32
2683	136	35
2684	137	33
2685	137	34
2686	138	31
2687	137	35
2688	117	22
2689	118	20
2690	117	21
2691	118	21
2692	117	20
2693	118	22
2694	117	23
2695	119	21
2696	121	21
2697	119	25
2698	120	21
2699	118	24
2700	119	23
2701	117	24
2702	119	22
2703	118	23
2704	123	22
2705	123	26
2706	122	24
2707	122	26
2708	122	23
2709	122	25
2710	122	22
2711	121	25
2712	119	24
2713	120	22
2714	120	25
2715	120	23
2716	120	24
2717	121	23
2718	121	24
2719	121	22
2720	123	23
2721	123	25
2722	123	24
2723	124	26
2724	124	22
2725	124	25
2726	124	23
2727	125	26
2728	125	22
2729	125	21
2730	126	24
2731	126	23
2732	125	23
2733	125	24
2734	125	25
2735	124	24
2736	129	26
2737	129	25
2738	128	26
2739	128	25
2740	129	27
2741	128	24
2742	128	27
2743	128	23
2744	126	22
2745	126	25
2746	127	22
2747	126	26
2748	127	23
2749	127	25
2750	127	24
2751	127	26
2752	129	23
2753	129	22
2754	129	24
2755	130	22
2756	130	25
2757	130	23
2758	130	26
2759	130	24
2760	133	23
2761	132	27
2762	132	23
2763	131	25
2764	131	24
2765	131	26
2766	131	23
2767	131	27
2768	135	24
2769	135	29
2770	134	23
2771	134	28
2772	134	24
2773	134	27
2774	134	25
2775	134	26
2776	132	26
2777	133	24
2778	132	25
2779	132	24
2780	133	25
2781	133	26
2782	133	28
2783	133	27
2784	135	25
2785	135	28
2786	135	26
2787	135	27
2788	136	23
2789	136	29
2790	136	24
2791	136	28
2792	137	28
2793	137	24
2794	137	27
2795	137	25
2796	137	26
2797	136	26
2798	136	27
2799	136	25
2800	139	28
2801	139	27
2802	139	29
2803	139	26
2804	139	30
2805	139	25
2806	138	30
2807	139	24
2808	138	24
2809	137	29
2810	138	25
2811	137	30
2812	138	26
2813	138	28
2814	138	27
2815	138	29
2816	117	17
2817	117	15
2818	117	16
2819	118	15
2820	117	18
2821	118	16
2822	118	18
2823	118	17
2824	120	16
2825	119	19
2826	119	18
2827	119	20
2828	119	17
2829	118	19
2830	119	16
2831	117	19
2832	124	16
2833	122	20
2834	123	17
2835	121	19
2836	123	16
2837	121	16
2838	122	19
2839	121	17
2840	120	20
2841	120	17
2842	121	20
2843	120	18
2844	120	19
2845	122	17
2846	121	18
2847	122	18
2848	124	17
2849	122	21
2850	123	18
2851	123	21
2852	123	19
2853	123	20
2854	125	16
2855	124	21
2856	126	19
2857	126	17
2858	125	17
2859	126	18
2860	125	18
2861	124	19
2862	124	20
2863	124	18
2864	128	21
2865	128	20
2866	128	22
2867	128	19
2868	127	21
2869	128	18
2870	127	20
2871	128	17
2872	127	16
2873	125	19
2874	127	17
2875	126	20
2876	127	18
2877	125	20
2878	127	19
2879	126	21
2880	129	19
2881	129	17
2882	129	18
2883	130	16
2884	129	20
2885	130	17
2886	129	21
2887	130	18
2888	131	19
2889	132	22
2890	131	18
2891	131	22
2892	131	17
2893	130	21
2894	130	19
2895	130	20
2896	133	17
2897	134	20
2898	133	18
2899	134	21
2900	132	17
2901	134	22
2902	132	18
2903	133	22
2904	131	21
2905	132	19
2906	132	21
2907	131	20
2908	132	20
2909	133	20
2910	133	21
2911	133	19
2912	134	17
2913	135	23
2914	134	18
2915	135	22
2916	134	19
2917	135	21
2918	135	18
2919	136	22
2920	137	21
2921	136	18
2922	136	20
2923	137	20
2924	136	19
2925	135	20
2926	136	21
2927	135	19
2928	139	21
2929	139	20
2930	139	22
2931	139	19
2932	139	23
2933	139	18
2934	138	21
2935	138	20
2936	137	19
2937	137	22
2938	137	18
2939	137	23
2940	138	18
2941	138	23
2942	138	19
2943	138	22
2944	117	12
2945	118	10
2946	117	11
2947	118	11
2948	117	10
2949	118	12
2950	117	13
2951	119	11
2952	119	13
2953	119	15
2954	120	11
2955	118	14
2956	119	12
2957	117	14
2958	120	10
2959	118	13
2960	122	14
2961	122	15
2962	122	13
2963	121	15
2964	122	12
2965	121	14
2966	122	11
2967	121	13
2968	119	14
2969	120	12
2970	120	15
2971	120	13
2972	120	14
2973	121	11
2974	121	12
2975	121	10
2976	123	11
2977	122	16
2978	123	12
2979	123	15
2980	123	13
2981	123	14
2982	124	11
2983	124	15
2984	125	14
2985	125	10
2986	125	13
2987	125	11
2988	125	12
2989	124	13
2990	124	14
2991	124	12
2992	128	15
2993	128	14
2994	128	16
2995	128	13
2996	127	14
2997	127	13
2998	127	15
2999	127	12
3000	126	11
3001	125	15
3002	126	12
3003	126	14
3004	126	13
3005	126	15
3006	127	11
3007	126	16
3008	129	13
3009	128	12
3010	129	14
3011	129	12
3012	129	15
3013	129	11
3014	129	16
3015	130	11
3016	132	11
3017	131	16
3018	131	12
3019	130	15
3020	131	11
3021	130	14
3022	130	12
3023	130	13
3024	135	12
3025	132	16
3026	134	14
3027	132	15
3028	134	13
3029	133	15
3030	134	12
3031	132	14
3032	131	15
3033	132	12
3034	131	14
3035	131	13
3036	132	13
3037	133	13
3038	133	14
3039	133	12
3040	135	13
3041	133	16
3042	136	12
3043	134	15
3044	136	13
3045	134	16
3046	135	14
3047	135	17
3048	136	16
3049	137	14
3050	137	16
3051	137	15
3052	136	15
3053	135	15
3054	135	16
3055	136	14
3056	139	15
3057	139	14
3058	139	16
3059	139	13
3060	139	17
3061	139	12
3062	138	17
3063	138	14
3064	137	13
3065	136	17
3066	137	12
3067	137	17
3068	138	12
3069	138	15
3070	138	13
3071	138	16
3072	117	7
3073	118	5
3074	117	6
3075	118	6
3076	117	5
3077	118	7
3078	117	8
3079	119	5
3080	119	7
3081	119	10
3082	120	6
3083	118	9
3084	120	5
3085	118	8
3086	119	6
3087	117	9
3088	123	6
3089	122	9
3090	123	5
3091	121	9
3092	122	7
3093	121	8
3094	122	8
3095	121	7
3096	119	9
3097	119	8
3098	120	9
3099	120	7
3100	120	8
3101	121	5
3102	121	6
3103	122	6
3104	123	8
3105	122	10
3106	123	7
3107	123	10
3108	124	5
3109	123	9
3110	124	6
3111	124	10
3112	125	5
3113	126	7
3114	125	6
3115	126	8
3116	125	7
3117	124	7
3118	124	9
3119	124	8
3120	128	10
3121	128	9
3122	128	11
3123	128	8
3124	127	10
3125	128	7
3126	127	9
3127	127	8
3128	126	6
3129	125	8
3130	127	5
3131	126	9
3132	127	6
3133	125	9
3134	127	7
3135	126	10
3136	129	8
3137	129	5
3138	129	7
3139	130	5
3140	129	6
3141	130	6
3142	129	9
3143	130	7
3144	131	8
3145	131	10
3146	131	7
3147	130	10
3148	131	6
3149	130	9
3150	130	8
3151	129	10
3152	134	6
3153	135	11
3154	133	6
3155	134	10
3156	133	7
3157	134	11
3158	132	6
3159	133	11
3160	131	9
3161	132	7
3162	132	10
3163	132	8
3164	132	9
3165	133	9
3166	133	10
3167	133	8
3168	134	7
3169	135	10
3170	134	8
3171	135	9
3172	134	9
3173	136	11
3174	135	6
3175	136	10
3176	136	8
3177	136	6
3178	137	9
3179	137	8
3180	136	7
3181	135	8
3182	136	9
3183	135	7
3184	139	9
3185	139	8
3186	139	10
3187	139	7
3188	139	11
3189	139	6
3190	138	11
3191	138	8
3192	137	7
3193	137	10
3194	137	6
3195	137	11
3196	138	6
3197	138	9
3198	138	7
3199	138	10
3200	117	1
3201	118	0
3202	117	0
3203	118	1
3204	117	2
3205	118	2
3206	117	3
3207	119	0
3208	121	0
3209	119	4
3210	120	0
3211	118	4
3212	119	2
3213	118	3
3214	119	1
3215	117	4
3216	123	1
3217	122	4
3218	123	0
3219	121	4
3220	122	2
3221	122	3
3222	122	1
3223	121	3
3224	119	3
3225	120	1
3226	120	4
3227	120	2
3228	120	3
3229	121	1
3230	121	2
3231	122	0
3232	123	2
3233	122	5
3234	124	0
3235	123	3
3236	125	0
3237	123	4
3238	124	1
3239	124	4
3240	125	3
3241	126	1
3242	126	3
3243	126	2
3244	125	2
3245	124	2
3246	124	3
3247	125	1
3248	128	4
3249	128	3
3250	128	5
3251	128	2
3252	128	6
3253	128	1
3254	127	4
3255	128	0
3256	126	0
3257	125	4
3258	127	0
3259	126	4
3260	127	1
3261	126	5
3262	127	2
3263	127	3
3264	129	2
3265	130	0
3266	129	1
3267	130	1
3268	129	0
3269	130	2
3270	129	3
3271	131	0
3272	132	1
3273	131	5
3274	131	3
3275	130	4
3276	131	2
3277	129	4
3278	131	1
3279	130	3
3280	134	1
3281	134	4
3282	134	0
3283	134	5
3284	133	0
3285	133	5
3286	133	1
3287	133	4
3288	131	4
3289	132	2
3290	132	5
3291	132	3
3292	132	4
3293	133	2
3294	133	3
3295	132	0
3296	134	2
3297	134	3
3298	135	0
3299	135	5
3300	136	0
3301	135	4
3302	135	1
3303	135	3
3304	136	4
3305	137	2
3306	137	4
3307	137	3
3308	136	3
3309	135	2
3310	136	2
3311	136	1
3312	139	3
3313	139	2
3314	139	4
3315	139	1
3316	139	5
3317	139	0
3318	138	5
3319	138	2
3320	137	1
3321	136	5
3322	137	0
3323	137	5
3324	138	0
3325	138	3
3326	138	1
3327	138	4
