3200
3711
0	31	40
1	31	39
2	31	41
3	31	38
4	32	40
5	32	39
6	32	41
7	32	38
8	34	39
9	34	42
10	34	40
11	34	41
12	33	38
13	33	41
14	33	39
15	33	40
16	38	40
17	38	43
18	38	41
19	38	42
20	37	40
21	37	43
22	37	41
23	37	42
24	35	41
25	35	40
26	35	42
27	35	39
28	36	42
29	36	40
30	36	41
31	36	39
32	39	41
33	39	42
34	39	40
35	39	43
36	40	42
37	40	43
38	40	41
39	40	44
40	42	44
41	42	41
42	42	43
43	42	42
44	41	44
45	41	41
46	41	43
47	41	42
48	46	46
49	46	43
50	46	45
51	46	44
52	45	45
53	45	42
54	45	44
55	45	43
56	43	43
57	43	44
58	43	42
59	43	45
60	44	43
61	44	44
62	44	42
63	44	45
64	47	45
65	47	44
66	47	46
67	47	43
68	48	45
69	48	44
70	48	46
71	48	43
72	50	44
73	50	47
74	50	45
75	50	46
76	49	44
77	49	47
78	49	45
79	49	46
80	54	45
81	54	48
82	54	46
83	54	47
84	53	45
85	53	48
86	53	46
87	53	47
88	51	46
89	51	45
90	51	47
91	51	44
92	52	48
93	52	46
94	52	47
95	52	45
96	55	47
97	55	48
98	55	46
99	55	49
100	56	47
101	56	48
102	56	46
103	56	49
104	58	50
105	58	47
106	58	49
107	58	48
108	57	49
109	57	46
110	57	48
111	57	47
112	62	51
113	62	48
114	62	50
115	62	49
116	61	51
117	61	48
118	61	50
119	61	49
120	59	48
121	59	49
122	59	47
123	59	50
124	60	48
125	60	49
126	60	47
127	60	50
128	30	35
129	30	34
130	30	36
131	30	33
132	31	36
133	31	35
134	31	37
135	31	34
136	33	34
137	33	37
138	33	35
139	33	36
140	32	34
141	32	37
142	32	35
143	32	36
144	38	38
145	40	39
146	37	37
147	39	39
148	37	38
149	38	39
150	36	36
151	37	39
152	34	37
153	34	36
154	34	38
155	35	36
156	35	37
157	35	38
158	36	38
159	36	37
160	38	37
161	40	40
162	39	38
163	41	39
164	39	37
165	41	40
166	40	38
167	42	39
168	44	41
169	43	39
170	44	40
171	43	40
172	43	41
173	42	38
174	42	40
175	41	38
176	48	42
177	48	39
178	48	41
179	48	40
180	47	42
181	47	39
182	47	41
183	47	40
184	44	39
185	45	40
186	45	39
187	45	41
188	46	40
189	46	41
190	46	39
191	46	42
192	49	42
193	49	41
194	49	43
195	49	40
196	50	42
197	50	41
198	50	43
199	50	40
200	52	41
201	52	44
202	52	42
203	52	43
204	51	40
205	51	43
206	51	41
207	51	42
208	56	42
209	56	44
210	56	43
211	55	45
212	55	41
213	55	44
214	55	42
215	54	43
216	53	43
217	53	42
218	53	44
219	53	41
220	54	44
221	54	41
222	54	42
223	55	43
224	56	41
225	56	45
226	57	43
227	57	44
228	57	42
229	57	45
230	57	41
231	58	44
232	58	46
233	60	44
234	59	44
235	59	42
236	59	43
237	58	42
238	58	45
239	58	43
240	62	47
241	62	43
242	62	46
243	62	44
244	61	47
245	62	45
246	61	46
247	61	43
248	60	43
249	59	45
250	60	42
251	59	46
252	61	45
253	60	45
254	61	44
255	60	46
256	31	32
257	30	32
258	31	33
259	30	31
260	32	32
261	30	30
262	32	33
263	31	31
264	34	32
265	34	35
266	34	33
267	34	34
268	33	31
269	33	33
270	32	31
271	33	32
272	38	33
273	38	36
274	38	34
275	38	35
276	37	33
277	37	36
278	37	34
279	37	35
280	35	34
281	35	33
282	35	35
283	35	32
284	36	35
285	36	33
286	36	34
287	36	32
288	39	34
289	39	35
290	39	33
291	39	36
292	40	35
293	40	36
294	40	34
295	40	37
296	42	37
297	42	34
298	42	36
299	42	35
300	41	37
301	41	34
302	41	36
303	41	35
304	46	38
305	46	35
306	46	37
307	46	36
308	45	38
309	45	35
310	45	37
311	45	36
312	43	36
313	43	37
314	43	35
315	43	38
316	44	36
317	44	37
318	44	35
319	44	38
320	47	37
321	47	36
322	47	38
323	47	35
324	48	37
325	48	36
326	48	38
327	48	35
328	50	36
329	50	39
330	50	37
331	50	38
332	49	36
333	49	39
334	49	37
335	49	38
336	54	37
337	54	40
338	54	38
339	54	39
340	53	37
341	53	40
342	53	38
343	53	39
344	51	38
345	51	37
346	51	39
347	51	36
348	52	40
349	52	38
350	52	39
351	52	37
352	55	38
353	55	39
354	55	37
355	55	40
356	56	38
357	56	39
358	56	37
359	56	40
360	58	41
361	58	38
362	58	40
363	58	39
364	57	40
365	57	37
366	57	39
367	57	38
368	62	42
369	62	39
370	62	41
371	62	40
372	61	42
373	61	39
374	61	41
375	61	40
376	59	39
377	59	40
378	59	38
379	59	41
380	60	39
381	60	40
382	60	38
383	60	41
384	31	30
385	30	29
386	32	29
387	30	28
388	32	30
389	30	27
390	33	29
391	31	29
392	34	29
393	35	30
394	33	28
395	34	31
396	32	28
397	34	30
398	31	28
399	33	30
400	39	29
401	39	31
402	39	30
403	38	32
404	38	29
405	38	31
406	38	30
407	37	32
408	35	31
409	35	29
410	36	30
411	36	29
412	36	31
413	37	30
414	37	31
415	37	29
416	40	31
417	39	32
418	40	30
419	40	32
420	41	31
421	40	33
422	41	30
423	41	32
424	43	33
425	43	31
426	42	33
427	43	32
428	42	32
429	42	30
430	41	33
431	42	31
432	47	33
433	47	31
434	46	34
435	47	32
436	46	33
437	46	31
438	45	34
439	46	32
440	44	32
441	43	34
442	44	31
443	44	33
444	45	32
445	44	34
446	45	31
447	45	33
448	47	34
449	48	32
450	48	33
451	48	31
452	48	34
453	49	33
454	49	34
455	49	32
456	51	32
457	51	34
458	51	33
459	50	35
460	50	32
461	50	34
462	50	33
463	49	35
464	54	32
465	54	36
466	54	33
467	54	35
468	54	34
469	53	36
470	53	32
471	53	35
472	51	35
473	52	33
474	52	34
475	52	32
476	52	35
477	53	34
478	52	36
479	53	33
480	55	34
481	55	35
482	55	33
483	55	36
484	56	34
485	56	35
486	56	33
487	56	36
488	58	37
489	58	34
490	58	36
491	58	35
492	57	36
493	57	33
494	57	35
495	57	34
496	62	38
497	62	35
498	62	37
499	62	36
500	61	38
501	61	35
502	61	37
503	61	36
504	59	35
505	59	36
506	59	34
507	59	37
508	60	35
509	60	36
510	60	34
511	60	37
512	30	26
513	30	25
514	31	26
515	30	24
516	31	27
517	31	25
518	32	26
519	32	25
520	34	25
521	34	27
522	34	26
523	33	27
524	33	24
525	33	26
526	33	25
527	32	27
528	38	27
529	39	28
530	37	26
531	39	27
532	37	27
533	38	28
534	36	25
535	37	28
536	34	28
537	35	26
538	35	27
539	35	25
540	35	28
541	36	27
542	36	28
543	36	26
544	38	26
545	40	28
546	39	26
547	40	29
548	40	27
549	41	28
550	40	26
551	41	29
552	43	30
553	42	26
554	43	29
555	42	27
556	42	28
557	41	26
558	42	29
559	41	27
560	47	30
561	46	27
562	47	29
563	46	28
564	46	30
565	45	27
566	46	29
567	45	28
568	43	28
569	44	29
570	43	27
571	44	30
572	44	28
573	45	29
574	44	27
575	45	30
576	47	27
577	48	28
578	47	28
579	48	27
580	48	29
581	49	29
582	48	30
583	49	28
584	51	28
585	50	31
586	51	29
587	50	30
588	50	28
589	49	31
590	50	29
591	49	30
592	55	30
593	55	31
594	54	28
595	54	31
596	54	29
597	54	30
598	53	28
599	53	31
600	51	30
601	52	30
602	51	31
603	52	29
604	52	31
605	52	28
606	53	30
607	53	29
608	55	29
609	55	32
610	56	30
611	56	31
612	56	29
613	56	32
614	57	30
615	57	31
616	58	33
617	59	30
618	58	32
619	59	31
620	58	31
621	58	30
622	57	32
623	57	29
624	62	34
625	62	30
626	62	33
627	62	31
628	61	34
629	62	32
630	61	33
631	61	30
632	60	31
633	59	32
634	60	30
635	59	33
636	61	32
637	60	32
638	61	31
639	60	33
640	30	23
641	30	22
642	31	23
643	30	21
644	31	24
645	30	20
646	32	23
647	31	22
648	33	21
649	34	23
650	32	21
651	33	23
652	32	22
653	33	22
654	31	21
655	32	24
656	38	22
657	38	25
658	38	23
659	38	24
660	37	22
661	37	25
662	37	23
663	37	24
664	34	24
665	34	22
666	35	23
667	35	22
668	35	24
669	36	23
670	36	24
671	36	22
672	39	23
673	39	24
674	39	22
675	39	25
676	40	23
677	40	24
678	40	22
679	40	25
680	42	25
681	42	22
682	42	24
683	42	23
684	41	25
685	41	22
686	41	24
687	41	23
688	47	26
689	46	24
690	46	26
691	46	25
692	45	26
693	45	23
694	45	25
695	45	24
696	43	24
697	43	25
698	43	23
699	43	26
700	44	24
701	44	25
702	44	23
703	44	26
704	47	25
705	47	24
706	48	25
707	48	24
708	48	26
709	49	25
710	49	26
711	49	24
712	51	24
713	51	26
714	51	25
715	50	27
716	50	24
717	50	26
718	50	25
719	49	27
720	54	24
721	56	27
722	54	25
723	55	28
724	53	24
725	55	27
726	53	25
727	54	27
728	51	27
729	52	25
730	52	26
731	52	24
732	52	27
733	53	27
734	54	26
735	53	26
736	55	26
737	56	28
738	55	25
739	57	27
740	56	26
741	57	28
742	56	25
743	58	28
744	59	27
745	59	26
746	58	27
747	58	25
748	58	26
749	57	25
750	58	29
751	57	26
752	62	29
753	62	26
754	62	28
755	62	27
756	61	29
757	61	26
758	61	28
759	61	27
760	59	25
761	59	28
762	60	27
763	59	29
764	60	26
765	60	28
766	60	25
767	60	29
768	31	19
769	30	19
770	31	20
771	30	18
772	32	19
773	30	17
774	32	20
775	31	18
776	34	18
777	34	21
778	34	19
779	34	20
780	33	18
781	33	20
782	32	18
783	33	19
784	38	20
785	39	21
786	37	18
787	39	20
788	37	19
789	38	21
790	37	20
791	37	21
792	35	20
793	35	19
794	35	21
795	35	18
796	36	21
797	36	19
798	36	20
799	36	18
800	38	19
801	40	20
802	38	18
803	40	21
804	39	19
805	41	20
806	39	18
807	41	21
808	42	20
809	44	20
810	42	19
811	43	19
812	43	20
813	41	19
814	42	21
815	40	19
816	46	23
817	47	19
818	46	22
819	47	20
820	45	22
821	46	19
822	45	21
823	46	20
824	44	19
825	43	21
826	45	20
827	43	22
828	45	19
829	44	21
830	46	21
831	44	22
832	47	22
833	47	21
834	47	23
835	48	21
836	48	22
837	48	20
838	48	23
839	48	19
840	50	20
841	50	23
842	50	21
843	50	22
844	49	20
845	49	23
846	49	21
847	49	22
848	54	21
849	55	23
850	53	20
851	54	23
852	53	21
853	54	22
854	52	20
855	53	23
856	51	22
857	51	21
858	51	23
859	51	20
860	52	23
861	52	22
862	53	22
863	52	21
864	54	20
865	55	24
866	55	22
867	56	23
868	55	21
869	56	24
870	56	22
871	57	23
872	58	24
873	58	21
874	58	23
875	58	22
876	57	21
877	57	22
878	57	24
879	56	21
880	62	25
881	62	22
882	62	24
883	62	23
884	61	25
885	61	22
886	61	24
887	61	23
888	59	22
889	59	23
890	59	21
891	59	24
892	60	22
893	60	23
894	60	21
895	60	24
896	30	14
897	30	13
898	30	15
899	31	15
900	30	16
901	31	14
902	31	16
903	32	15
904	34	15
905	33	16
906	33	14
907	32	17
908	33	15
909	32	16
910	32	14
911	31	17
912	37	15
913	38	16
914	37	16
915	37	17
916	36	14
917	36	17
918	36	15
919	35	17
920	33	17
921	34	14
922	34	16
923	35	14
924	34	17
925	35	15
926	35	16
927	36	16
928	38	15
929	38	17
930	39	15
931	39	16
932	40	16
933	39	17
934	40	15
935	40	17
936	42	17
937	42	15
938	41	18
939	42	16
940	41	17
941	41	15
942	40	18
943	41	16
944	46	18
945	46	16
946	45	18
947	46	17
948	45	17
949	45	15
950	44	18
951	45	16
952	43	16
953	42	18
954	43	15
955	43	17
956	44	16
957	43	18
958	44	15
959	44	17
960	47	17
961	47	16
962	47	18
963	48	16
964	48	17
965	49	17
966	48	18
967	49	16
968	51	16
969	50	19
970	51	17
971	50	18
972	50	16
973	49	19
974	50	17
975	49	18
976	54	16
977	55	20
978	54	17
979	55	19
980	53	16
981	54	19
982	53	17
983	54	18
984	51	18
985	52	17
986	51	19
987	52	16
988	52	18
989	52	19
990	53	19
991	53	18
992	55	18
993	56	19
994	55	17
995	56	20
996	56	18
997	57	19
998	56	17
999	57	20
1000	58	19
1001	59	17
1002	58	18
1003	59	18
1004	58	17
1005	57	17
1006	58	20
1007	57	18
1008	62	21
1009	62	17
1010	62	20
1011	62	18
1012	61	21
1013	62	19
1014	61	20
1015	61	17
1016	60	18
1017	59	19
1018	60	17
1019	59	20
1020	61	19
1021	60	19
1022	61	18
1023	60	20
1024	31	13
1025	31	12
1026	32	12
1027	30	12
1028	32	13
1029	30	11
1030	33	12
1031	30	10
1032	34	11
1033	35	12
1034	33	11
1035	34	13
1036	32	11
1037	34	12
1038	31	11
1039	33	13
1040	38	11
1041	40	13
1042	38	12
1043	39	14
1044	37	11
1045	39	13
1046	37	12
1047	38	14
1048	35	13
1049	35	11
1050	36	12
1051	36	11
1052	36	13
1053	37	14
1054	38	13
1055	37	13
1056	39	12
1057	40	14
1058	39	11
1059	41	13
1060	40	12
1061	41	14
1062	40	11
1063	42	13
1064	43	13
1065	43	11
1066	42	12
1067	43	12
1068	42	11
1069	41	11
1070	42	14
1071	41	12
1072	47	14
1073	47	12
1074	46	15
1075	47	13
1076	46	14
1077	46	12
1078	45	14
1079	46	13
1080	44	12
1081	43	14
1082	44	11
1083	44	13
1084	45	12
1085	44	14
1086	45	11
1087	45	13
1088	47	15
1089	48	13
1090	48	14
1091	48	12
1092	48	15
1093	49	13
1094	49	14
1095	49	12
1096	51	12
1097	51	14
1098	51	13
1099	50	15
1100	50	12
1101	50	14
1102	50	13
1103	49	15
1104	55	13
1105	55	15
1106	55	14
1107	54	15
1108	54	12
1109	54	14
1110	54	13
1111	53	15
1112	51	15
1113	52	13
1114	52	14
1115	52	12
1116	52	15
1117	53	13
1118	53	14
1119	53	12
1120	55	12
1121	55	16
1122	56	14
1123	56	15
1124	56	13
1125	56	16
1126	56	12
1127	57	15
1128	58	16
1129	58	13
1130	58	15
1131	57	12
1132	58	14
1133	57	13
1134	57	16
1135	57	14
1136	62	16
1137	62	13
1138	62	15
1139	62	14
1140	61	16
1141	61	13
1142	61	15
1143	61	14
1144	59	14
1145	59	15
1146	59	13
1147	59	16
1148	60	14
1149	60	15
1150	60	13
1151	60	16
1152	30	7
1153	31	8
1154	30	8
1155	31	7
1156	30	9
1157	32	8
1158	31	9
1159	32	7
1160	34	7
1161	33	9
1162	34	8
1163	32	10
1164	33	7
1165	32	9
1166	33	8
1167	31	10
1168	37	8
1169	38	10
1170	37	9
1171	38	9
1172	36	7
1173	37	10
1174	36	8
1175	36	10
1176	33	10
1177	35	8
1178	34	9
1179	35	7
1180	34	10
1181	35	9
1182	35	10
1183	36	9
1184	37	7
1185	39	9
1186	38	8
1187	39	10
1188	38	7
1189	40	9
1190	39	8
1191	40	10
1192	42	10
1193	42	8
1194	42	9
1195	41	8
1196	41	9
1197	40	8
1198	41	10
1199	39	7
1200	47	10
1201	47	8
1202	46	11
1203	47	9
1204	46	10
1205	46	8
1206	45	10
1207	46	9
1208	43	9
1209	43	10
1210	43	8
1211	44	9
1212	44	8
1213	44	10
1214	45	8
1215	45	9
1216	47	11
1217	48	9
1218	48	10
1219	48	8
1220	48	11
1221	49	9
1222	49	10
1223	49	8
1224	51	8
1225	51	10
1226	51	9
1227	50	11
1228	50	8
1229	50	10
1230	50	9
1231	49	11
1232	54	8
1233	56	10
1234	54	9
1235	55	11
1236	53	8
1237	55	10
1238	53	9
1239	54	11
1240	51	11
1241	52	9
1242	52	10
1243	52	8
1244	52	11
1245	53	11
1246	54	10
1247	53	10
1248	55	9
1249	56	11
1250	55	8
1251	57	10
1252	56	9
1253	57	11
1254	56	8
1255	58	11
1256	59	10
1257	59	9
1258	58	10
1259	58	8
1260	58	9
1261	57	8
1262	58	12
1263	57	9
1264	62	12
1265	62	9
1266	62	11
1267	62	10
1268	61	12
1269	61	9
1270	61	11
1271	61	10
1272	59	8
1273	59	11
1274	60	10
1275	59	12
1276	60	9
1277	60	11
1278	60	8
1279	60	12
1280	30	5
1281	30	4
1282	30	6
1283	30	3
1284	31	5
1285	31	4
1286	31	6
1287	31	3
1288	33	3
1289	33	6
1290	33	4
1291	33	5
1292	32	3
1293	32	6
1294	32	4
1295	32	5
1296	38	4
1297	39	5
1298	37	4
1299	38	6
1300	37	5
1301	38	5
1302	36	4
1303	37	6
1304	34	5
1305	34	4
1306	34	6
1307	35	4
1308	35	5
1309	35	6
1310	36	6
1311	36	5
1312	39	4
1313	39	6
1314	40	5
1315	40	6
1316	40	4
1317	40	7
1318	41	5
1319	41	6
1320	43	7
1321	42	5
1322	43	6
1323	42	6
1324	42	7
1325	42	4
1326	41	7
1327	41	4
1328	47	7
1329	46	4
1330	47	6
1331	46	5
1332	46	7
1333	45	4
1334	46	6
1335	45	5
1336	43	5
1337	44	6
1338	43	4
1339	44	7
1340	44	5
1341	45	6
1342	44	4
1343	45	7
1344	47	4
1345	48	5
1346	47	5
1347	48	4
1348	48	6
1349	49	5
1350	48	7
1351	49	4
1352	51	4
1353	50	7
1354	51	5
1355	50	6
1356	50	4
1357	49	7
1358	50	5
1359	49	6
1360	54	4
1361	55	7
1362	54	5
1363	55	6
1364	53	4
1365	54	7
1366	53	5
1367	54	6
1368	51	6
1369	52	5
1370	51	7
1371	52	4
1372	52	6
1373	53	6
1374	53	7
1375	52	7
1376	55	5
1377	56	6
1378	55	4
1379	56	7
1380	56	5
1381	57	6
1382	56	4
1383	57	7
1384	58	6
1385	59	4
1386	58	5
1387	59	5
1388	58	4
1389	57	4
1390	58	7
1391	57	5
1392	62	8
1393	62	4
1394	62	7
1395	62	5
1396	61	8
1397	62	6
1398	61	7
1399	61	4
1400	60	5
1401	59	6
1402	60	4
1403	59	7
1404	61	6
1405	60	6
1406	61	5
1407	60	7
1408	30	2
1409	30	1
1410	31	1
1411	30	0
1412	31	2
1413	31	0
1414	32	1
1415	32	0
1416	35	1
1417	34	2
1418	34	0
1419	33	2
1420	34	1
1421	33	1
1422	33	0
1423	32	2
1424	38	0
1425	38	3
1426	38	1
1427	38	2
1428	37	0
1429	37	3
1430	37	1
1431	37	2
1432	34	3
1433	35	0
1434	35	2
1435	36	0
1436	35	3
1437	36	2
1438	36	3
1439	36	1
1440	39	1
1441	39	2
1442	39	0
1443	39	3
1444	40	1
1445	40	2
1446	40	0
1447	40	3
1448	42	3
1449	42	0
1450	42	2
1451	42	1
1452	41	3
1453	41	0
1454	41	2
1455	41	1
1456	46	3
1457	46	0
1458	46	2
1459	46	1
1460	45	3
1461	45	0
1462	45	2
1463	45	1
1464	43	1
1465	43	2
1466	43	0
1467	43	3
1468	44	1
1469	44	2
1470	44	0
1471	44	3
1472	47	2
1473	47	1
1474	47	3
1475	47	0
1476	48	2
1477	48	1
1478	48	3
1479	48	0
1480	50	0
1481	50	3
1482	50	1
1483	50	2
1484	49	0
1485	49	3
1486	49	1
1487	49	2
1488	54	1
1489	55	2
1490	53	0
1491	54	3
1492	53	1
1493	54	2
1494	52	0
1495	53	3
1496	51	2
1497	51	1
1498	51	3
1499	51	0
1500	52	3
1501	52	2
1502	53	2
1503	52	1
1504	54	0
1505	55	3
1506	55	1
1507	56	2
1508	55	0
1509	56	3
1510	56	1
1511	57	2
1512	58	3
1513	58	0
1514	58	2
1515	57	0
1516	58	1
1517	57	1
1518	57	3
1519	56	0
1520	62	3
1521	62	0
1522	62	2
1523	62	1
1524	61	3
1525	61	0
1526	61	2
1527	61	1
1528	59	1
1529	59	2
1530	59	0
1531	59	3
1532	60	1
1533	60	2
1534	60	0
1535	60	3
2048	31	44
2049	31	43
2050	31	45
2051	31	42
2052	32	44
2053	32	43
2054	32	45
2055	32	42
2056	34	43
2057	34	45
2058	34	44
2059	34	46
2060	33	42
2061	33	44
2062	33	43
2063	33	45
2064	38	44
2065	38	46
2066	38	45
2067	38	47
2068	37	44
2069	37	47
2070	37	45
2071	37	46
2072	35	46
2073	35	44
2074	35	45
2075	35	43
2076	36	46
2077	36	44
2078	36	45
2079	36	43
2080	39	45
2081	39	47
2082	39	44
2083	39	46
2084	40	46
2085	40	48
2086	40	45
2087	40	47
2088	42	48
2089	42	45
2090	41	48
2091	42	46
2092	42	47
2093	41	45
2094	41	47
2095	41	46
2096	46	49
2097	46	47
2098	46	50
2099	46	48
2100	45	48
2101	45	46
2102	45	49
2103	45	47
2104	43	47
2105	43	48
2106	43	46
2107	43	49
2108	44	47
2109	44	49
2110	44	46
2111	44	48
2112	47	49
2113	47	48
2114	47	50
2115	47	47
2116	48	49
2117	48	48
2118	48	50
2119	48	47
2120	50	48
2121	50	50
2122	50	49
2123	50	51
2124	49	48
2125	49	50
2126	49	49
2127	49	51
2128	54	49
2129	54	51
2130	54	50
2131	54	52
2132	53	49
2133	53	52
2134	53	50
2135	53	51
2136	51	51
2137	51	49
2138	51	50
2139	51	48
2140	52	52
2141	52	50
2142	52	51
2143	52	49
2144	55	51
2145	55	53
2146	55	50
2147	55	52
2148	56	51
2149	56	53
2150	56	50
2151	56	52
2152	58	54
2153	58	51
2154	57	53
2155	58	52
2156	58	53
2157	57	50
2158	57	52
2159	57	51
2160	62	54
2161	62	52
2162	62	55
2163	62	53
2164	61	54
2165	61	52
2166	61	55
2167	61	53
2168	59	52
2169	59	53
2170	59	51
2171	59	54
2172	60	52
2173	60	54
2174	60	51
2175	60	53
2176	31	47
2177	31	48
2178	31	46
2179	31	49
2180	32	47
2181	32	48
2182	32	46
2183	32	49
2184	34	50
2185	34	47
2186	34	49
2187	34	48
2188	33	49
2189	33	46
2190	33	48
2191	33	47
2192	38	51
2193	38	48
2194	38	50
2195	38	49
2196	37	51
2197	37	48
2198	37	50
2199	37	49
2200	35	48
2201	35	49
2202	35	47
2203	35	50
2204	36	47
2205	36	49
2206	36	48
2207	36	50
2208	39	50
2209	39	49
2210	39	51
2211	39	48
2212	40	51
2213	40	50
2214	40	52
2215	40	49
2216	42	49
2217	42	52
2218	42	50
2219	42	51
2220	41	49
2221	41	52
2222	41	50
2223	41	51
2224	46	51
2225	46	54
2226	46	52
2227	46	53
2228	45	50
2229	45	53
2230	45	51
2231	45	52
2232	43	52
2233	43	51
2234	43	53
2235	43	50
2236	44	52
2237	44	51
2238	44	53
2239	44	50
2240	47	52
2241	47	53
2242	47	51
2243	47	54
2244	48	52
2245	48	53
2246	48	51
2247	48	54
2248	50	55
2249	50	52
2250	50	54
2251	50	53
2252	49	55
2253	49	52
2254	49	54
2255	49	53
2256	54	56
2257	54	53
2258	54	55
2259	54	54
2260	53	56
2261	53	53
2262	53	55
2263	53	54
2264	51	53
2265	51	54
2266	51	52
2267	51	55
2268	52	53
2269	52	55
2270	52	54
2271	52	56
2272	55	56
2273	55	55
2274	55	57
2275	55	54
2276	56	56
2277	56	55
2278	56	57
2279	56	54
2280	58	55
2281	58	58
2282	58	56
2283	58	57
2284	57	54
2285	57	57
2286	57	55
2287	57	56
2288	62	56
2289	62	59
2290	62	57
2291	62	58
2292	61	56
2293	61	59
2294	61	57
2295	61	58
2296	59	57
2297	59	56
2298	59	58
2299	59	55
2300	60	57
2301	60	56
2302	60	58
2303	60	55
2304	30	50
2305	30	51
2306	30	49
2307	30	52
2308	31	51
2309	31	52
2310	31	50
2311	31	53
2312	33	53
2313	33	50
2314	33	52
2315	33	51
2316	32	53
2317	32	50
2318	32	52
2319	32	51
2320	38	53
2321	40	54
2322	37	54
2323	39	52
2324	37	53
2325	38	52
2326	36	53
2327	37	52
2328	34	52
2329	34	53
2330	34	51
2331	35	53
2332	35	52
2333	35	51
2334	36	51
2335	36	52
2336	38	54
2337	40	53
2338	39	53
2339	41	54
2340	39	54
2341	41	53
2342	40	55
2343	42	54
2344	44	54
2345	43	56
2346	44	55
2347	43	55
2348	43	54
2349	42	55
2350	42	53
2351	41	55
2352	48	55
2353	48	58
2354	48	56
2355	48	57
2356	47	55
2357	47	58
2358	47	56
2359	47	57
2360	44	56
2361	45	55
2362	45	56
2363	45	54
2364	46	57
2365	46	56
2366	46	58
2367	46	55
2368	49	57
2369	49	58
2370	49	56
2371	49	59
2372	50	57
2373	50	58
2374	50	56
2375	50	59
2376	52	60
2377	52	57
2378	52	59
2379	52	58
2380	51	59
2381	51	56
2382	51	58
2383	51	57
2384	56	61
2385	56	59
2386	56	60
2387	55	58
2388	55	62
2389	55	59
2390	55	61
2391	54	58
2392	53	58
2393	53	59
2394	53	57
2395	53	60
2396	54	57
2397	54	60
2398	54	59
2399	55	60
2400	56	62
2401	56	58
2402	57	60
2403	57	59
2404	57	61
2405	57	58
2406	57	62
2407	58	61
2408	58	59
2409	60	61
2410	59	61
2411	59	63
2412	59	62
2413	58	63
2414	58	60
2415	58	62
2416	62	60
2417	62	64
2418	62	61
2419	62	63
2420	61	60
2421	62	62
2422	61	61
2423	61	64
2424	60	62
2425	59	60
2426	60	63
2427	59	59
2428	61	62
2429	60	60
2430	61	63
2431	60	59
2432	31	55
2433	30	53
2434	31	54
2435	30	54
2436	32	55
2437	30	55
2438	32	54
2439	31	56
2440	34	57
2441	34	54
2442	34	56
2443	34	55
2444	33	56
2445	33	54
2446	32	56
2447	33	55
2448	38	58
2449	38	55
2450	38	57
2451	38	56
2452	37	58
2453	37	55
2454	37	57
2455	37	56
2456	35	55
2457	35	56
2458	35	54
2459	35	57
2460	36	54
2461	36	56
2462	36	55
2463	36	57
2464	39	57
2465	39	56
2466	39	58
2467	39	55
2468	40	58
2469	40	57
2470	40	59
2471	40	56
2472	42	56
2473	42	59
2474	42	57
2475	42	58
2476	41	56
2477	41	59
2478	41	57
2479	41	58
2480	46	59
2481	46	62
2482	46	60
2483	46	61
2484	45	57
2485	45	60
2486	45	58
2487	45	59
2488	43	59
2489	43	58
2490	43	60
2491	43	57
2492	44	59
2493	44	58
2494	44	60
2495	44	57
2496	47	60
2497	47	61
2498	47	59
2499	47	62
2500	48	60
2501	48	61
2502	48	59
2503	48	62
2504	50	63
2505	50	60
2506	50	62
2507	50	61
2508	49	63
2509	49	60
2510	49	62
2511	49	61
2512	54	64
2513	54	61
2514	54	63
2515	54	62
2516	53	64
2517	53	61
2518	53	63
2519	53	62
2520	51	61
2521	51	62
2522	51	60
2523	51	63
2524	52	61
2525	52	63
2526	52	62
2527	52	64
2528	55	65
2529	55	64
2530	55	66
2531	55	63
2532	56	65
2533	56	64
2534	56	66
2535	56	63
2536	58	64
2537	58	67
2538	58	65
2539	58	66
2540	57	63
2541	57	66
2542	57	64
2543	57	65
2544	62	65
2545	62	68
2546	62	66
2547	62	67
2548	61	65
2549	61	68
2550	61	66
2551	61	67
2552	59	66
2553	59	65
2554	59	67
2555	59	64
2556	60	66
2557	60	65
2558	60	67
2559	60	64
2560	31	57
2561	30	56
2562	32	58
2563	30	57
2564	32	57
2565	30	58
2566	33	58
2567	31	58
2568	34	60
2569	35	59
2570	33	59
2571	34	58
2572	32	59
2573	34	59
2574	31	59
2575	33	57
2576	39	62
2577	39	60
2578	39	61
2579	38	59
2580	38	62
2581	38	60
2582	38	61
2583	37	59
2584	35	58
2585	35	60
2586	36	59
2587	36	60
2588	36	58
2589	37	61
2590	37	60
2591	37	62
2592	40	62
2593	39	59
2594	40	63
2595	40	61
2596	41	62
2597	40	60
2598	41	63
2599	41	61
2600	43	62
2601	43	64
2602	42	60
2603	43	63
2604	42	61
2605	42	63
2606	41	60
2607	42	62
2608	47	64
2609	47	66
2610	46	63
2611	47	65
2612	46	64
2613	46	66
2614	45	61
2615	46	65
2616	44	63
2617	43	61
2618	44	64
2619	44	62
2620	45	63
2621	44	61
2622	45	64
2623	45	62
2624	47	63
2625	48	65
2626	48	64
2627	48	66
2628	48	63
2629	49	66
2630	49	65
2631	49	67
2632	51	67
2633	51	65
2634	51	66
2635	50	64
2636	50	67
2637	50	65
2638	50	66
2639	49	64
2640	54	69
2641	54	65
2642	54	68
2643	54	66
2644	54	67
2645	53	65
2646	53	69
2647	53	66
2648	51	64
2649	52	68
2650	52	67
2651	52	69
2652	52	66
2653	53	67
2654	52	65
2655	53	68
2656	55	69
2657	55	68
2658	55	70
2659	55	67
2660	56	69
2661	56	68
2662	56	70
2663	56	67
2664	58	68
2665	58	71
2666	58	69
2667	58	70
2668	57	67
2669	57	70
2670	57	68
2671	57	69
2672	62	69
2673	62	72
2674	62	70
2675	62	71
2676	61	69
2677	61	72
2678	61	70
2679	61	71
2680	59	70
2681	59	69
2682	59	71
2683	59	68
2684	60	70
2685	60	69
2686	60	71
2687	60	68
2688	30	59
2689	30	60
2690	31	61
2691	30	61
2692	31	60
2693	31	62
2694	32	61
2695	32	62
2696	34	64
2697	34	62
2698	34	63
2699	33	60
2700	33	63
2701	33	61
2702	33	62
2703	32	60
2704	38	64
2705	39	63
2706	37	65
2707	39	64
2708	37	64
2709	38	63
2710	36	64
2711	37	63
2712	34	61
2713	35	63
2714	35	62
2715	35	64
2716	35	61
2717	36	62
2718	36	61
2719	36	63
2720	38	65
2721	40	65
2722	39	65
2723	40	64
2724	40	66
2725	41	65
2726	40	67
2727	41	64
2728	43	65
2729	42	67
2730	43	66
2731	42	66
2732	42	65
2733	41	67
2734	42	64
2735	41	66
2736	47	67
2737	46	70
2738	47	68
2739	46	69
2740	46	67
2741	45	68
2742	46	68
2743	45	67
2744	43	67
2745	44	66
2746	43	68
2747	44	65
2748	44	67
2749	45	66
2750	44	68
2751	45	65
2752	47	70
2753	48	69
2754	47	69
2755	48	70
2756	48	68
2757	49	70
2758	48	67
2759	49	71
2760	51	71
2761	50	68
2762	51	70
2763	50	69
2764	50	71
2765	49	68
2766	50	70
2767	49	69
2768	55	73
2769	55	72
2770	54	73
2771	54	70
2772	54	72
2773	54	71
2774	53	73
2775	53	70
2776	51	69
2777	52	71
2778	51	68
2779	52	72
2780	52	70
2781	52	73
2782	53	71
2783	53	72
2784	55	74
2785	55	71
2786	56	73
2787	56	72
2788	56	74
2789	56	71
2790	57	73
2791	57	72
2792	58	72
2793	59	75
2794	58	73
2795	59	74
2796	58	74
2797	58	75
2798	57	71
2799	57	74
2800	62	73
2801	62	77
2802	62	74
2803	62	76
2804	61	73
2805	62	75
2806	61	74
2807	61	77
2808	60	74
2809	59	73
2810	60	75
2811	59	72
2812	61	75
2813	60	73
2814	61	76
2815	60	72
2816	30	62
2817	30	63
2818	31	64
2819	30	64
2820	31	63
2821	30	65
2822	32	64
2823	31	65
2824	33	66
2825	34	66
2826	32	66
2827	33	64
2828	32	65
2829	33	65
2830	31	66
2831	32	63
2832	38	69
2833	38	66
2834	38	68
2835	38	67
2836	37	69
2837	37	66
2838	37	68
2839	37	67
2840	34	65
2841	34	67
2842	35	66
2843	35	67
2844	35	65
2845	36	66
2846	36	65
2847	36	67
2848	39	68
2849	39	67
2850	39	69
2851	39	66
2852	40	70
2853	40	69
2854	40	71
2855	40	68
2856	42	68
2857	42	71
2858	42	69
2859	42	70
2860	41	68
2861	41	71
2862	41	69
2863	41	70
2864	47	71
2865	46	73
2866	46	71
2867	46	72
2868	45	69
2869	45	72
2870	45	70
2871	45	71
2872	43	71
2873	43	70
2874	43	72
2875	43	69
2876	44	71
2877	44	70
2878	44	72
2879	44	69
2880	47	72
2881	47	73
2882	48	72
2883	48	73
2884	48	71
2885	49	74
2886	49	73
2887	49	75
2888	51	75
2889	51	73
2890	51	74
2891	50	72
2892	50	75
2893	50	73
2894	50	74
2895	49	72
2896	54	77
2897	56	76
2898	54	76
2899	55	75
2900	53	77
2901	55	76
2902	53	76
2903	54	74
2904	51	72
2905	52	76
2906	52	75
2907	52	77
2908	52	74
2909	53	74
2910	54	75
2911	53	75
2912	55	77
2913	56	75
2914	55	78
2915	57	76
2916	56	77
2917	57	75
2918	56	78
2919	58	77
2920	59	78
2921	59	79
2922	58	78
2923	58	80
2924	58	79
2925	57	78
2926	58	76
2927	57	77
2928	62	78
2929	62	81
2930	62	79
2931	62	80
2932	61	78
2933	61	81
2934	61	79
2935	61	80
2936	59	80
2937	59	77
2938	60	78
2939	59	76
2940	60	79
2941	60	77
2942	60	80
2943	60	76
2944	31	68
2945	30	66
2946	31	67
2947	30	67
2948	32	68
2949	30	68
2950	32	67
2951	31	69
2952	34	71
2953	34	68
2954	34	70
2955	34	69
2956	33	69
2957	33	67
2958	32	69
2959	33	68
2960	38	71
2961	39	70
2962	37	73
2963	39	71
2964	37	72
2965	38	70
2966	37	71
2967	37	70
2968	35	69
2969	35	70
2970	35	68
2971	35	71
2972	36	68
2973	36	70
2974	36	69
2975	36	71
2976	38	72
2977	40	73
2978	38	73
2979	40	72
2980	39	72
2981	41	73
2982	39	73
2983	41	72
2984	42	73
2985	44	75
2986	42	74
2987	43	76
2988	43	75
2989	41	74
2990	42	72
2991	40	74
2992	46	74
2993	47	78
2994	46	75
2995	47	77
2996	45	73
2997	46	78
2998	45	74
2999	46	77
3000	44	76
3001	43	74
3002	45	75
3003	43	73
3004	45	76
3005	44	74
3006	46	76
3007	44	73
3008	47	75
3009	47	76
3010	47	74
3011	48	76
3012	48	75
3013	48	77
3014	48	74
3015	48	78
3016	50	79
3017	50	76
3018	50	78
3019	50	77
3020	49	79
3021	49	76
3022	49	78
3023	49	77
3024	54	80
3025	55	80
3026	53	81
3027	54	78
3028	53	80
3029	54	79
3030	52	81
3031	53	78
3032	51	77
3033	51	78
3034	51	76
3035	51	79
3036	52	78
3037	52	79
3038	53	79
3039	52	80
3040	54	81
3041	55	79
3042	55	81
3043	56	80
3044	55	82
3045	56	79
3046	56	81
3047	57	80
3048	58	81
3049	58	84
3050	58	82
3051	58	83
3052	57	82
3053	57	81
3054	57	79
3055	56	82
3056	62	82
3057	62	85
3058	62	83
3059	62	84
3060	61	82
3061	61	85
3062	61	83
3063	61	84
3064	59	83
3065	59	82
3066	59	84
3067	59	81
3068	60	83
3069	60	82
3070	60	84
3071	60	81
3072	30	71
3073	30	72
3074	30	70
3075	31	72
3076	30	69
3077	31	73
3078	31	71
3079	32	72
3080	34	74
3081	33	71
3082	33	73
3083	32	70
3084	33	72
3085	32	71
3086	32	73
3087	31	70
3088	37	76
3089	38	75
3090	37	75
3091	37	74
3092	36	75
3093	36	72
3094	36	74
3095	35	72
3096	33	70
3097	34	75
3098	34	73
3099	35	75
3100	34	72
3101	35	74
3102	35	73
3103	36	73
3104	38	76
3105	38	74
3106	39	76
3107	39	75
3108	40	77
3109	39	74
3110	40	78
3111	40	76
3112	42	76
3113	42	78
3114	41	75
3115	42	77
3116	41	76
3117	41	78
3118	40	75
3119	41	77
3120	46	79
3121	46	81
3122	45	77
3123	46	80
3124	45	78
3125	45	80
3126	44	77
3127	45	79
3128	43	79
3129	42	75
3130	43	80
3131	43	78
3132	44	79
3133	43	77
3134	44	80
3135	44	78
3136	47	80
3137	47	81
3138	47	79
3139	48	81
3140	48	80
3141	49	82
3142	48	79
3143	49	83
3144	51	83
3145	50	80
3146	51	82
3147	50	81
3148	50	83
3149	49	80
3150	50	82
3151	49	81
3152	54	85
3153	55	83
3154	54	84
3155	55	84
3156	53	85
3157	54	82
3158	53	84
3159	54	83
3160	51	81
3161	52	84
3162	51	80
3163	52	85
3164	52	83
3165	52	82
3166	53	82
3167	53	83
3168	55	85
3169	56	84
3170	55	86
3171	56	83
3172	56	85
3173	57	84
3174	56	86
3175	57	83
3176	58	86
3177	59	88
3178	58	87
3179	59	87
3180	58	88
3181	57	86
3182	58	85
3183	57	85
3184	62	86
3185	62	90
3186	62	87
3187	62	89
3188	61	86
3189	62	88
3190	61	87
3191	61	90
3192	60	87
3193	59	86
3194	60	88
3195	59	85
3196	61	88
3197	60	86
3198	61	89
3199	60	85
3200	31	74
3201	31	75
3202	32	75
3203	30	73
3204	32	74
3205	30	74
3206	33	75
3207	30	75
3208	34	78
3209	35	77
3210	33	76
3211	34	76
3212	32	76
3213	34	77
3214	31	76
3215	33	74
3216	38	80
3217	40	80
3218	38	79
3219	39	77
3220	37	80
3221	39	78
3222	37	79
3223	38	77
3224	35	76
3225	35	78
3226	36	77
3227	36	78
3228	36	76
3229	37	77
3230	38	78
3231	37	78
3232	39	79
3233	40	79
3234	39	80
3235	41	80
3236	40	81
3237	41	79
3238	40	82
3239	42	80
3240	43	82
3241	43	84
3242	42	81
3243	43	83
3244	42	82
3245	41	82
3246	42	79
3247	41	81
3248	47	83
3249	47	85
3250	46	82
3251	47	84
3252	46	83
3253	46	85
3254	45	81
3255	46	84
3256	44	83
3257	43	81
3258	44	84
3259	44	82
3260	45	83
3261	44	81
3262	45	84
3263	45	82
3264	47	82
3265	48	84
3266	48	83
3267	48	85
3268	48	82
3269	49	86
3270	49	85
3271	49	87
3272	51	87
3273	51	85
3274	51	86
3275	50	84
3276	50	87
3277	50	85
3278	50	86
3279	49	84
3280	55	90
3281	55	88
3282	55	89
3283	54	86
3284	54	89
3285	54	87
3286	54	88
3287	53	86
3288	51	84
3289	52	88
3290	52	87
3291	52	89
3292	52	86
3293	53	88
3294	53	87
3295	53	89
3296	55	91
3297	55	87
3298	56	89
3299	56	88
3300	56	90
3301	56	87
3302	56	91
3303	57	88
3304	58	89
3305	58	92
3306	58	90
3307	57	91
3308	58	91
3309	57	90
3310	57	87
3311	57	89
3312	62	91
3313	62	94
3314	62	92
3315	62	93
3316	61	91
3317	61	94
3318	61	92
3319	61	93
3320	59	91
3321	59	90
3322	59	92
3323	59	89
3324	60	91
3325	60	90
3326	60	92
3327	60	89
3328	30	78
3329	31	79
3330	30	77
3331	31	80
3332	30	76
3333	32	79
3334	31	78
3335	32	80
3336	34	82
3337	33	78
3338	34	81
3339	32	77
3340	33	80
3341	32	78
3342	33	79
3343	31	77
3344	37	83
3345	38	81
3346	37	82
3347	38	82
3348	36	82
3349	37	81
3350	36	81
3351	36	79
3352	33	77
3353	35	81
3354	34	80
3355	35	82
3356	34	79
3357	35	80
3358	35	79
3359	36	80
3360	37	84
3361	39	82
3362	38	83
3363	39	81
3364	38	84
3365	40	84
3366	39	83
3367	40	83
3368	42	83
3369	42	85
3370	42	84
3371	41	85
3372	41	84
3373	40	85
3374	41	83
3375	39	84
3376	47	87
3377	47	89
3378	46	86
3379	47	88
3380	46	87
3381	46	89
3382	45	85
3383	46	88
3384	43	86
3385	43	85
3386	43	87
3387	44	86
3388	44	87
3389	44	85
3390	45	87
3391	45	86
3392	47	86
3393	48	88
3394	48	87
3395	48	89
3396	48	86
3397	49	90
3398	49	89
3399	49	91
3400	51	91
3401	51	89
3402	51	90
3403	50	88
3404	50	91
3405	50	89
3406	50	90
3407	49	88
3408	54	93
3409	56	93
3410	54	92
3411	55	92
3412	53	93
3413	55	93
3414	53	92
3415	54	90
3416	51	88
3417	52	92
3418	52	91
3419	52	93
3420	52	90
3421	53	90
3422	54	91
3423	53	91
3424	55	94
3425	56	92
3426	55	95
3427	57	93
3428	56	94
3429	57	92
3430	56	95
3431	58	94
3432	59	95
3433	59	96
3434	58	95
3435	58	97
3436	58	96
3437	57	95
3438	58	93
3439	57	94
3440	62	95
3441	62	98
3442	62	96
3443	62	97
3444	61	95
3445	61	98
3446	61	96
3447	61	97
3448	59	97
3449	59	94
3450	60	95
3451	59	93
3452	60	96
3453	60	94
3454	60	97
3455	60	93
3456	30	80
3457	30	81
3458	30	79
3459	30	82
3460	31	82
3461	31	83
3462	31	81
3463	31	84
3464	33	84
3465	33	81
3466	33	83
3467	33	82
3468	32	84
3469	32	81
3470	32	83
3471	32	82
3472	38	87
3473	39	86
3474	37	87
3475	38	85
3476	37	86
3477	38	86
3478	36	85
3479	37	85
3480	34	84
3481	34	85
3482	34	83
3483	35	85
3484	35	84
3485	35	83
3486	36	83
3487	36	84
3488	39	87
3489	39	85
3490	40	88
3491	40	87
3492	40	89
3493	40	86
3494	41	88
3495	41	87
3496	43	88
3497	42	88
3498	43	89
3499	42	87
3500	42	86
3501	42	89
3502	41	86
3503	41	89
3504	47	90
3505	46	93
3506	47	91
3507	46	92
3508	46	90
3509	45	91
3510	46	91
3511	45	90
3512	43	90
3513	44	89
3514	43	91
3515	44	88
3516	44	90
3517	45	89
3518	44	91
3519	45	88
3520	47	93
3521	48	92
3522	47	92
3523	48	93
3524	48	91
3525	49	94
3526	48	90
3527	49	95
3528	51	95
3529	50	92
3530	51	94
3531	50	93
3532	50	95
3533	49	92
3534	50	94
3535	49	93
3536	54	97
3537	55	96
3538	54	96
3539	55	97
3540	53	97
3541	54	94
3542	53	96
3543	54	95
3544	51	93
3545	52	96
3546	51	92
3547	52	97
3548	52	95
3549	53	95
3550	53	94
3551	52	94
3552	55	98
3553	56	97
3554	55	99
3555	56	96
3556	56	98
3557	57	97
3558	56	99
3559	57	96
3560	58	99
3561	59	101
3562	58	100
3563	59	100
3564	58	101
3565	57	99
3566	58	98
3567	57	98
3568	62	99
3569	62	103
3570	62	100
3571	62	102
3572	61	99
3573	62	101
3574	61	100
3575	61	103
3576	60	100
3577	59	99
3578	60	101
3579	59	98
3580	61	101
3581	60	99
3582	61	102
3583	60	98
3584	30	83
3585	30	84
3586	31	86
3587	30	85
3588	31	85
3589	31	87
3590	32	86
3591	32	87
3592	35	88
3593	34	87
3594	34	89
3595	33	85
3596	34	88
3597	33	86
3598	33	87
3599	32	85
3600	38	91
3601	38	88
3602	38	90
3603	38	89
3604	37	91
3605	37	88
3606	37	90
3607	37	89
3608	34	86
3609	35	89
3610	35	87
3611	36	89
3612	35	86
3613	36	87
3614	36	86
3615	36	88
3616	39	90
3617	39	89
3618	39	91
3619	39	88
3620	40	92
3621	40	91
3622	40	93
3623	40	90
3624	42	90
3625	42	93
3626	42	91
3627	42	92
3628	41	90
3629	41	93
3630	41	91
3631	41	92
3632	46	94
3633	46	97
3634	46	95
3635	46	96
3636	45	92
3637	45	95
3638	45	93
3639	45	94
3640	43	94
3641	43	93
3642	43	95
3643	43	92
3644	44	94
3645	44	93
3646	44	95
3647	44	92
3648	47	95
3649	47	96
3650	47	94
3651	47	97
3652	48	95
3653	48	96
3654	48	94
3655	48	97
3656	50	99
3657	50	96
3658	50	98
3659	50	97
3660	49	99
3661	49	96
3662	49	98
3663	49	97
3664	54	100
3665	55	101
3666	53	101
3667	54	98
3668	53	100
3669	54	99
3670	52	101
3671	53	98
3672	51	97
3673	51	98
3674	51	96
3675	51	99
3676	52	98
3677	52	99
3678	53	99
3679	52	100
3680	54	101
3681	55	100
3682	55	102
3683	56	101
3684	55	103
3685	56	100
3686	56	102
3687	57	101
3688	58	102
3689	58	105
3690	58	103
3691	57	103
3692	58	104
3693	57	102
3694	57	100
3695	56	103
3696	62	104
3697	62	107
3698	62	105
3699	62	106
3700	61	104
3701	61	107
3702	61	105
3703	61	106
3704	59	104
3705	59	103
3706	59	105
3707	59	102
3708	60	104
3709	60	103
3710	60	105
3711	60	102
