2304
3199
0	0	31
1	0	30
2	0	32
3	1	30
4	0	33
5	1	31
6	1	32
7	2	30
8	4	31
9	3	32
10	3	31
11	2	33
12	3	30
13	2	32
14	2	31
15	1	33
16	7	33
17	8	34
18	6	31
19	7	35
20	6	32
21	7	34
22	5	32
23	6	34
24	3	33
25	4	32
26	4	34
27	5	31
28	4	33
29	5	34
30	6	33
31	5	33
32	7	32
33	8	35
34	8	33
35	9	34
36	8	32
37	9	35
38	9	33
39	10	35
40	11	36
41	11	33
42	11	35
43	11	34
44	10	33
45	10	34
46	10	36
47	9	32
48	15	37
49	15	34
50	15	36
51	15	35
52	14	37
53	14	34
54	14	36
55	14	35
56	12	34
57	12	35
58	12	33
59	12	36
60	13	35
61	13	36
62	13	34
63	13	37
64	16	36
65	16	35
66	16	37
67	17	36
68	16	38
69	17	35
70	17	37
71	18	36
72	20	37
73	19	38
74	19	36
75	18	38
76	19	37
77	18	37
78	18	35
79	17	38
80	23	37
81	23	40
82	23	38
83	23	39
84	22	37
85	22	40
86	22	38
87	22	39
88	19	39
89	20	36
90	20	38
91	21	36
92	20	39
93	21	38
94	21	39
95	21	37
96	24	38
97	24	39
98	24	37
99	24	40
100	25	39
101	25	40
102	25	38
103	25	41
104	26	41
105	28	39
106	27	39
107	28	40
108	27	38
109	26	38
110	26	40
111	26	39
112	30	42
113	30	37
114	30	41
115	30	38
116	29	42
117	30	39
118	29	41
119	30	40
120	28	38
121	27	40
122	29	40
123	27	41
124	29	39
125	28	41
126	29	38
127	28	42
128	0	29
129	0	27
130	1	28
131	0	28
132	1	29
133	1	27
134	2	28
135	2	27
136	5	27
137	4	29
138	4	28
139	3	29
140	4	27
141	3	28
142	3	27
143	2	29
144	8	29
145	9	30
146	7	28
147	8	31
148	7	29
149	8	30
150	6	28
151	7	31
152	4	30
153	5	28
154	5	30
155	6	27
156	5	29
157	6	30
158	7	30
159	6	29
160	8	28
161	9	31
162	9	29
163	10	31
164	9	28
165	10	32
166	10	30
167	11	31
168	12	32
169	12	29
170	12	31
171	12	30
172	11	29
173	11	30
174	11	32
175	10	29
176	16	34
177	16	31
178	16	33
179	16	32
180	15	33
181	15	30
182	15	32
183	15	31
184	13	31
185	13	32
186	13	30
187	13	33
188	14	31
189	14	32
190	14	30
191	14	33
192	16	30
193	17	30
194	17	31
195	18	32
196	17	32
197	18	31
198	17	33
199	18	30
200	20	33
201	19	34
202	19	31
203	18	34
204	19	32
205	18	33
206	19	33
207	17	34
208	23	33
209	22	35
210	23	34
211	21	35
212	22	32
213	21	34
214	22	33
215	21	33
216	19	35
217	20	32
218	20	34
219	20	31
220	20	35
221	21	31
222	21	32
223	22	34
224	23	32
225	22	36
226	24	34
227	23	35
228	24	33
229	23	36
230	24	32
231	24	35
232	25	37
233	26	34
234	25	36
235	26	35
236	25	35
237	25	33
238	24	36
239	25	34
240	29	37
241	29	34
242	29	36
243	29	35
244	28	37
245	28	34
246	28	36
247	28	35
248	26	33
249	26	36
250	27	35
251	26	37
252	27	34
253	27	36
254	27	33
255	27	37
256	0	24
257	0	23
258	0	25
259	1	23
260	0	26
261	1	24
262	1	25
263	2	23
264	4	23
265	3	25
266	3	24
267	2	26
268	3	23
269	2	25
270	2	24
271	1	26
272	7	25
273	8	26
274	6	23
275	7	27
276	6	24
277	7	26
278	5	24
279	6	26
280	3	26
281	4	24
282	4	26
283	5	23
284	4	25
285	5	26
286	6	25
287	5	25
288	7	24
289	8	27
290	8	25
291	9	26
292	8	24
293	9	27
294	9	25
295	10	27
296	10	25
297	12	25
298	11	26
299	12	26
300	11	25
301	10	26
302	10	28
303	9	24
304	14	29
305	15	25
306	14	28
307	15	26
308	13	29
309	14	25
310	13	28
311	14	26
312	13	27
313	11	27
314	13	26
315	11	28
316	13	25
317	12	27
318	14	27
319	12	28
320	16	28
321	16	27
322	15	27
323	16	26
324	15	28
325	17	27
326	15	29
327	17	26
328	19	27
329	18	28
330	19	28
331	17	29
332	18	26
333	17	28
334	18	27
335	16	29
336	22	28
337	23	30
338	22	29
339	22	31
340	21	27
341	22	30
342	21	28
343	21	30
344	18	29
345	20	28
346	19	29
347	20	27
348	19	30
349	20	30
350	21	29
351	20	29
352	23	29
353	23	31
354	23	28
355	24	30
356	24	29
357	24	31
358	24	28
359	25	31
360	26	30
361	27	30
362	26	29
363	26	28
364	25	28
365	25	29
366	25	32
367	25	30
368	29	33
369	29	29
370	29	32
371	29	30
372	28	33
373	29	31
374	28	32
375	28	29
376	27	29
377	26	31
378	27	28
379	26	32
380	28	31
381	27	31
382	28	30
383	27	32
384	0	20
385	0	19
386	0	21
387	1	19
388	0	22
389	1	20
390	1	21
391	2	19
392	4	20
393	3	21
394	3	20
395	2	22
396	3	19
397	2	21
398	2	20
399	1	22
400	8	20
401	8	22
402	8	21
403	7	23
404	7	20
405	7	22
406	7	21
407	6	22
408	3	22
409	4	21
410	4	22
411	5	21
412	5	22
413	5	20
414	6	21
415	6	20
416	9	21
417	8	23
418	9	20
419	9	22
420	10	22
421	9	23
422	10	21
423	10	23
424	12	23
425	12	21
426	11	24
427	12	22
428	11	23
429	11	21
430	10	24
431	11	22
432	16	24
433	16	22
434	15	24
435	16	23
436	15	23
437	15	21
438	14	24
439	15	22
440	13	22
441	12	24
442	13	21
443	13	23
444	14	22
445	13	24
446	14	21
447	14	23
448	17	22
449	18	23
450	17	23
451	18	22
452	16	25
453	19	24
454	17	24
455	19	23
456	20	22
457	19	25
458	20	23
459	18	25
460	20	24
461	18	24
462	19	22
463	17	25
464	23	24
465	23	26
466	23	25
467	22	27
468	22	23
469	22	26
470	22	24
471	21	26
472	19	26
473	21	23
474	20	25
475	21	22
476	20	26
477	21	24
478	21	25
479	22	25
480	23	23
481	23	27
482	24	25
483	24	26
484	24	24
485	24	27
486	24	23
487	25	25
488	25	27
489	27	25
490	26	25
491	26	23
492	26	24
493	25	23
494	25	26
495	25	24
496	29	28
497	29	24
498	29	27
499	29	25
500	28	28
501	29	26
502	28	27
503	28	24
504	27	24
505	26	26
506	27	23
507	26	27
508	28	26
509	27	26
510	28	25
511	27	27
512	0	16
513	0	15
514	0	17
515	1	15
516	0	18
517	1	16
518	1	17
519	2	15
520	4	16
521	3	17
522	3	16
523	2	18
524	3	15
525	2	17
526	2	16
527	1	18
528	7	17
529	8	18
530	6	16
531	7	19
532	6	17
533	7	18
534	5	17
535	6	19
536	3	18
537	4	17
538	4	19
539	5	16
540	4	18
541	5	19
542	6	18
543	5	18
544	7	16
545	8	19
546	8	17
547	9	18
548	8	16
549	9	19
550	9	17
551	10	19
552	11	20
553	11	17
554	11	19
555	11	18
556	10	17
557	10	18
558	10	20
559	9	16
560	15	20
561	15	17
562	15	19
563	15	18
564	14	20
565	14	17
566	14	19
567	14	18
568	12	18
569	12	19
570	12	17
571	12	20
572	13	18
573	13	19
574	13	17
575	13	20
576	16	17
577	17	19
578	16	18
579	17	18
580	16	19
581	17	17
582	16	20
583	18	19
584	19	18
585	18	20
586	19	19
587	17	21
588	18	17
589	17	20
590	18	18
591	16	21
592	23	20
593	22	21
594	22	18
595	21	21
596	22	19
597	21	20
598	22	20
599	20	21
600	18	21
601	20	19
602	19	20
603	20	18
604	19	21
605	21	19
606	20	20
607	21	18
608	23	19
609	22	22
610	23	18
611	23	21
612	24	20
613	23	22
614	24	19
615	24	21
616	25	22
617	26	19
618	25	21
619	26	20
620	25	20
621	25	19
622	24	22
623	24	18
624	29	23
625	29	19
626	29	22
627	29	20
628	28	23
629	29	21
630	28	22
631	28	19
632	27	20
633	26	21
634	27	19
635	26	22
636	28	21
637	27	21
638	28	20
639	27	22
640	0	14
641	0	12
642	1	13
643	0	13
644	1	14
645	1	12
646	2	13
647	2	12
648	5	12
649	4	14
650	4	13
651	3	14
652	4	12
653	3	13
654	3	12
655	2	14
656	9	13
657	8	14
658	8	12
659	7	15
660	8	13
661	7	14
662	7	12
663	6	15
664	4	15
665	5	13
666	5	15
667	6	12
668	5	14
669	6	13
670	6	14
671	7	13
672	9	12
673	8	15
674	10	14
675	9	14
676	10	13
677	9	15
678	10	12
679	10	15
680	11	16
681	12	13
682	11	15
683	12	14
684	11	14
685	11	12
686	10	16
687	11	13
688	15	16
689	15	14
690	15	15
691	14	12
692	14	16
693	14	13
694	14	15
695	14	14
696	12	12
697	12	15
698	13	14
699	12	16
700	13	13
701	13	15
702	13	12
703	13	16
704	15	12
705	16	14
706	15	13
707	16	13
708	16	15
709	17	14
710	16	16
711	17	13
712	19	14
713	18	16
714	19	15
715	18	15
716	18	13
717	17	16
718	18	14
719	17	15
720	23	14
721	22	16
722	23	15
723	21	17
724	22	13
725	21	16
726	22	14
727	20	17
728	19	16
729	20	15
730	19	17
731	20	14
732	20	16
733	21	14
734	21	15
735	22	15
736	23	13
737	22	17
738	24	15
739	23	16
740	24	14
741	23	17
742	24	13
743	24	16
744	25	18
745	26	15
746	25	17
747	26	16
748	25	16
749	25	14
750	24	17
751	25	15
752	29	18
753	29	15
754	29	17
755	29	16
756	28	18
757	28	15
758	28	17
759	28	16
760	26	14
761	26	17
762	27	16
763	26	18
764	27	15
765	27	17
766	27	14
767	27	18
768	0	9
769	0	8
770	0	10
771	1	8
772	0	11
773	1	9
774	1	10
775	2	8
776	4	8
777	3	10
778	3	9
779	2	11
780	3	8
781	2	10
782	2	9
783	1	11
784	7	8
785	7	11
786	7	9
787	7	10
788	6	8
789	6	11
790	6	9
791	6	10
792	3	11
793	4	9
794	4	11
795	5	8
796	4	10
797	5	10
798	5	11
799	5	9
800	8	9
801	8	10
802	8	8
803	8	11
804	9	9
805	9	10
806	9	8
807	9	11
808	11	11
809	11	8
810	11	10
811	10	8
812	11	9
813	10	9
814	10	11
815	10	10
816	15	11
817	15	8
818	15	10
819	15	9
820	14	11
821	14	8
822	14	10
823	14	9
824	12	9
825	12	10
826	12	8
827	12	11
828	13	9
829	13	10
830	13	8
831	13	11
832	16	10
833	16	9
834	16	11
835	17	10
836	16	12
837	17	9
838	17	11
839	18	10
840	19	9
841	19	12
842	19	10
843	18	12
844	19	11
845	18	11
846	18	9
847	17	12
848	22	9
849	23	11
850	22	10
851	22	12
852	21	9
853	22	11
854	21	10
855	21	13
856	19	13
857	20	11
858	20	12
859	20	10
860	20	13
861	20	9
862	21	12
863	21	11
864	23	10
865	23	12
866	23	9
867	24	11
868	24	10
869	24	12
870	24	9
871	25	11
872	25	13
873	27	11
874	26	11
875	26	9
876	26	10
877	25	9
878	25	12
879	25	10
880	29	14
881	29	10
882	29	13
883	29	11
884	28	14
885	29	12
886	28	13
887	28	10
888	27	10
889	26	12
890	27	9
891	26	13
892	28	12
893	27	12
894	28	11
895	27	13
896	0	5
897	0	4
898	0	6
899	1	4
900	0	7
901	1	5
902	1	6
903	2	4
904	4	4
905	3	6
906	3	5
907	2	7
908	3	4
909	2	6
910	2	5
911	1	7
912	7	4
913	7	7
914	7	5
915	7	6
916	6	4
917	6	7
918	6	5
919	6	6
920	3	7
921	4	5
922	4	7
923	5	4
924	4	6
925	5	6
926	5	7
927	5	5
928	8	5
929	8	6
930	8	4
931	8	7
932	9	5
933	9	6
934	9	4
935	9	7
936	11	7
937	11	4
938	11	6
939	10	4
940	11	5
941	10	5
942	10	7
943	10	6
944	15	7
945	15	4
946	15	6
947	15	5
948	14	7
949	14	4
950	14	6
951	14	5
952	12	5
953	12	6
954	12	4
955	12	7
956	13	5
957	13	6
958	13	4
959	13	7
960	16	4
961	17	6
962	16	5
963	17	5
964	16	6
965	17	4
966	16	7
967	18	6
968	19	5
969	18	7
970	19	6
971	17	8
972	18	4
973	17	7
974	18	5
975	16	8
976	21	4
977	22	8
978	21	5
979	22	7
980	21	6
981	21	8
982	20	5
983	21	7
984	18	8
985	19	4
986	19	7
987	20	4
988	19	8
989	20	7
990	20	8
991	20	6
992	22	6
993	23	7
994	22	5
995	23	8
996	23	6
997	24	7
998	23	5
999	24	8
1000	25	7
1001	26	5
1002	25	6
1003	26	6
1004	25	5
1005	24	5
1006	25	8
1007	24	6
1008	29	9
1009	29	5
1010	29	8
1011	29	6
1012	28	9
1013	29	7
1014	28	8
1015	28	5
1016	27	6
1017	26	7
1018	27	5
1019	26	8
1020	28	7
1021	27	7
1022	28	6
1023	27	8
1024	0	1
1025	0	0
1026	0	2
1027	1	0
1028	0	3
1029	1	1
1030	1	2
1031	2	0
1032	4	0
1033	3	2
1034	3	1
1035	2	3
1036	3	0
1037	2	2
1038	2	1
1039	1	3
1040	7	1
1041	7	3
1042	7	0
1043	7	2
1044	6	1
1045	6	3
1046	6	0
1047	6	2
1048	3	3
1049	4	1
1050	4	2
1051	5	0
1052	4	3
1053	5	1
1054	5	3
1055	5	2
1056	8	0
1057	8	2
1058	8	1
1059	8	3
1060	9	0
1061	9	2
1062	9	1
1063	9	3
1064	11	3
1065	11	0
1066	11	2
1067	11	1
1068	10	3
1069	10	1
1070	10	2
1071	10	0
1072	15	3
1073	15	1
1074	15	2
1075	14	0
1076	14	3
1077	14	1
1078	14	2
1079	15	0
1080	12	1
1081	12	2
1082	12	0
1083	12	3
1084	13	1
1085	13	2
1086	13	0
1087	13	3
1088	16	1
1089	16	0
1090	16	2
1091	17	1
1092	16	3
1093	17	0
1094	17	2
1095	18	1
1096	20	1
1097	19	2
1098	19	0
1099	18	3
1100	19	1
1101	18	2
1102	18	0
1103	17	3
1104	23	1
1105	23	3
1106	23	2
1107	22	4
1108	22	0
1109	22	3
1110	22	1
1111	21	3
1112	19	3
1113	20	0
1114	20	2
1115	21	0
1116	20	3
1117	21	1
1118	21	2
1119	22	2
1120	23	0
1121	23	4
1122	24	2
1123	24	3
1124	24	1
1125	24	4
1126	24	0
1127	25	2
1128	25	4
1129	27	2
1130	26	2
1131	26	0
1132	26	1
1133	25	0
1134	25	3
1135	25	1
1136	29	4
1137	29	0
1138	29	3
1139	29	1
1140	28	4
1141	29	2
1142	28	3
1143	28	0
1144	27	1
1145	26	3
1146	27	0
1147	26	4
1148	28	2
1149	27	3
1150	28	1
1151	27	4
2048	0	36
2049	0	37
2050	0	35
2051	1	37
2052	0	34
2053	1	36
2054	1	35
2055	2	37
2056	4	38
2057	3	35
2058	3	36
2059	2	34
2060	3	37
2061	2	35
2062	2	36
2063	1	34
2064	7	38
2065	8	37
2066	6	38
2067	7	36
2068	6	37
2069	7	37
2070	5	37
2071	6	35
2072	3	34
2073	4	37
2074	4	35
2075	5	38
2076	4	36
2077	5	35
2078	6	36
2079	5	36
2080	7	39
2081	8	36
2082	8	38
2083	9	37
2084	8	39
2085	9	36
2086	9	38
2087	10	38
2088	11	37
2089	11	40
2090	11	38
2091	11	39
2092	10	40
2093	10	39
2094	10	37
2095	9	39
2096	15	38
2097	15	41
2098	15	39
2099	15	40
2100	14	38
2101	14	41
2102	14	39
2103	14	40
2104	12	39
2105	12	38
2106	12	40
2107	12	37
2108	13	40
2109	13	39
2110	13	41
2111	13	38
2112	16	41
2113	16	42
2114	16	40
2115	17	41
2116	16	39
2117	17	42
2118	17	40
2119	18	41
2120	20	42
2121	19	41
2122	19	43
2123	18	39
2124	19	42
2125	18	40
2126	18	42
2127	17	39
2128	23	44
2129	23	41
2130	23	43
2131	23	42
2132	22	44
2133	22	41
2134	22	43
2135	22	42
2136	19	40
2137	20	43
2138	20	41
2139	21	43
2140	20	40
2141	21	41
2142	21	40
2143	21	42
2144	24	43
2145	24	42
2146	24	44
2147	24	41
2148	25	44
2149	25	43
2150	25	45
2151	25	42
2152	26	42
2153	28	46
2154	27	44
2155	28	45
2156	27	45
2157	26	45
2158	26	43
2159	26	44
2160	30	43
2161	30	48
2162	30	44
2163	30	47
2164	29	43
2165	30	46
2166	29	44
2167	30	45
2168	28	47
2169	27	43
2170	29	45
2171	27	42
2172	29	46
2173	28	44
2174	29	47
2175	28	43
2176	0	38
2177	0	40
2178	1	39
2179	0	39
2180	1	38
2181	1	40
2182	2	39
2183	2	40
2184	5	42
2185	4	40
2186	4	41
2187	3	38
2188	4	42
2189	3	39
2190	3	40
2191	2	38
2192	8	42
2193	9	41
2194	7	43
2195	8	40
2196	7	42
2197	8	41
2198	6	41
2199	7	40
2200	4	39
2201	5	41
2202	5	39
2203	6	42
2204	5	40
2205	6	39
2206	7	41
2207	6	40
2208	8	43
2209	9	40
2210	9	42
2211	10	42
2212	9	43
2213	10	41
2214	10	43
2215	11	42
2216	12	41
2217	12	44
2218	12	42
2219	12	43
2220	11	44
2221	11	43
2222	11	41
2223	10	44
2224	16	43
2225	16	46
2226	16	44
2227	16	45
2228	15	42
2229	15	45
2230	15	43
2231	15	44
2232	13	44
2233	13	43
2234	13	45
2235	13	42
2236	14	44
2237	14	43
2238	14	45
2239	14	42
2240	16	47
2241	17	47
2242	17	46
2243	18	45
2244	17	45
2245	18	46
2246	17	44
2247	18	47
2248	20	46
2249	19	45
2250	19	48
2251	18	43
2252	19	47
2253	18	44
2254	19	46
2255	17	43
2256	23	48
2257	22	46
2258	23	47
2259	21	44
2260	22	49
2261	21	45
2262	22	48
2263	21	46
2264	19	44
2265	20	47
2266	20	45
2267	20	48
2268	20	44
2269	21	48
2270	21	47
2271	22	47
2272	23	49
2273	22	45
2274	24	47
2275	23	46
2276	24	48
2277	23	45
2278	24	49
2279	24	46
2280	25	46
2281	26	49
2282	25	47
2283	26	48
2284	25	48
2285	25	50
2286	24	45
2287	25	49
2288	29	48
2289	29	51
2290	29	49
2291	29	50
2292	28	48
2293	28	51
2294	28	49
2295	28	50
2296	26	50
2297	26	47
2298	27	48
2299	26	46
2300	27	49
2301	27	47
2302	27	50
2303	27	46
2304	0	43
2305	0	44
2306	0	42
2307	1	44
2308	0	41
2309	1	43
2310	1	42
2311	2	44
2312	4	46
2313	3	42
2314	3	43
2315	2	41
2316	3	44
2317	2	42
2318	2	43
2319	1	41
2320	7	46
2321	8	45
2322	6	46
2323	7	44
2324	6	45
2325	7	45
2326	5	45
2327	6	43
2328	3	41
2329	4	45
2330	4	43
2331	5	46
2332	4	44
2333	5	43
2334	6	44
2335	5	44
2336	7	47
2337	8	44
2338	8	46
2339	9	45
2340	8	47
2341	9	44
2342	9	46
2343	10	46
2344	10	48
2345	12	48
2346	11	47
2347	12	47
2348	11	48
2349	10	47
2350	10	45
2351	9	47
2352	14	46
2353	15	50
2354	14	47
2355	15	49
2356	13	46
2357	14	50
2358	13	47
2359	14	49
2360	13	48
2361	11	46
2362	13	49
2363	11	45
2364	13	50
2365	12	46
2366	14	48
2367	12	45
2368	16	49
2369	16	50
2370	15	48
2371	16	51
2372	15	47
2373	17	50
2374	15	46
2375	17	51
2376	19	52
2377	18	49
2378	19	51
2379	17	48
2380	18	51
2381	17	49
2382	18	50
2383	16	48
2384	22	53
2385	23	51
2386	22	52
2387	22	50
2388	21	52
2389	22	51
2390	21	51
2391	21	49
2392	18	48
2393	20	51
2394	19	50
2395	20	52
2396	19	49
2397	20	49
2398	21	50
2399	20	50
2400	23	52
2401	23	50
2402	23	53
2403	24	51
2404	24	52
2405	24	50
2406	24	53
2407	25	52
2408	26	53
2409	27	53
2410	26	54
2411	26	55
2412	25	55
2413	25	54
2414	25	51
2415	25	53
2416	29	52
2417	29	56
2418	29	53
2419	29	55
2420	28	52
2421	29	54
2422	28	53
2423	28	56
2424	27	54
2425	26	52
2426	27	55
2427	26	51
2428	28	54
2429	27	52
2430	28	55
2431	27	51
2432	0	47
2433	0	48
2434	0	46
2435	1	48
2436	0	45
2437	1	47
2438	1	46
2439	2	48
2440	4	49
2441	3	46
2442	3	47
2443	2	45
2444	3	48
2445	2	46
2446	2	47
2447	1	45
2448	8	51
2449	8	49
2450	8	50
2451	7	48
2452	7	51
2453	7	49
2454	7	50
2455	6	47
2456	3	45
2457	4	48
2458	4	47
2459	5	48
2460	5	47
2461	5	49
2462	6	48
2463	6	49
2464	9	50
2465	8	48
2466	9	51
2467	9	49
2468	10	51
2469	9	48
2470	10	52
2471	10	50
2472	12	50
2473	12	52
2474	11	49
2475	12	51
2476	11	50
2477	11	52
2478	10	49
2479	11	51
2480	16	53
2481	16	55
2482	15	51
2483	16	54
2484	15	52
2485	15	54
2486	14	51
2487	15	53
2488	13	53
2489	12	49
2490	13	54
2491	13	52
2492	14	53
2493	13	51
2494	14	54
2495	14	52
2496	17	55
2497	18	54
2498	17	54
2499	18	55
2500	16	52
2501	19	55
2502	17	53
2503	19	56
2504	20	57
2505	19	54
2506	20	56
2507	18	52
2508	20	55
2509	18	53
2510	19	57
2511	17	52
2512	23	57
2513	23	55
2514	23	56
2515	22	54
2516	22	58
2517	22	55
2518	22	57
2519	21	53
2520	19	53
2521	21	56
2522	20	54
2523	21	57
2524	20	53
2525	21	55
2526	21	54
2527	22	56
2528	23	58
2529	23	54
2530	24	56
2531	24	55
2532	24	57
2533	24	54
2534	24	58
2535	25	58
2536	25	56
2537	27	58
2538	26	58
2539	26	60
2540	26	59
2541	25	60
2542	25	57
2543	25	59
2544	29	57
2545	29	61
2546	29	58
2547	29	60
2548	28	57
2549	29	59
2550	28	58
2551	28	61
2552	27	59
2553	26	57
2554	27	60
2555	26	56
2556	28	59
2557	27	57
2558	28	60
2559	27	56
2560	0	51
2561	0	52
2562	0	50
2563	1	52
2564	0	49
2565	1	51
2566	1	50
2567	2	52
2568	4	53
2569	3	50
2570	3	51
2571	2	49
2572	3	52
2573	2	50
2574	2	51
2575	1	49
2576	7	54
2577	8	53
2578	6	53
2579	7	52
2580	6	52
2581	7	53
2582	5	52
2583	6	50
2584	3	49
2585	4	52
2586	4	50
2587	5	53
2588	4	51
2589	5	50
2590	6	51
2591	5	51
2592	7	55
2593	8	52
2594	8	54
2595	9	53
2596	8	55
2597	9	52
2598	9	54
2599	10	54
2600	11	53
2601	11	56
2602	11	54
2603	11	55
2604	10	56
2605	10	55
2606	10	53
2607	9	55
2608	15	55
2609	15	58
2610	15	56
2611	15	57
2612	14	55
2613	14	58
2614	14	56
2615	14	57
2616	12	55
2617	12	54
2618	12	56
2619	12	53
2620	13	57
2621	13	56
2622	13	58
2623	13	55
2624	16	60
2625	17	58
2626	16	59
2627	17	59
2628	16	58
2629	17	60
2630	16	57
2631	18	58
2632	19	61
2633	18	57
2634	19	60
2635	17	56
2636	18	60
2637	17	57
2638	18	59
2639	16	56
2640	23	61
2641	22	60
2642	22	63
2643	21	58
2644	22	62
2645	21	59
2646	22	61
2647	20	58
2648	18	56
2649	20	60
2650	19	59
2651	20	61
2652	19	58
2653	21	60
2654	20	59
2655	21	61
2656	23	62
2657	22	59
2658	23	63
2659	23	60
2660	24	61
2661	23	59
2662	24	62
2663	24	60
2664	25	61
2665	26	64
2666	25	62
2667	26	63
2668	25	63
2669	25	64
2670	24	59
2671	24	63
2672	29	62
2673	29	66
2674	29	63
2675	29	65
2676	28	62
2677	29	64
2678	28	63
2679	28	66
2680	27	63
2681	26	62
2682	27	64
2683	26	61
2684	28	64
2685	27	62
2686	28	65
2687	27	61
2688	0	53
2689	0	55
2690	1	54
2691	0	54
2692	1	53
2693	1	55
2694	2	54
2695	2	55
2696	5	57
2697	4	55
2698	4	56
2699	3	53
2700	4	57
2701	3	54
2702	3	55
2703	2	53
2704	9	58
2705	8	57
2706	8	59
2707	7	56
2708	8	58
2709	7	57
2710	7	59
2711	6	54
2712	4	54
2713	5	56
2714	5	54
2715	6	57
2716	5	55
2717	6	56
2718	6	55
2719	7	58
2720	9	59
2721	8	56
2722	10	59
2723	9	57
2724	10	60
2725	9	56
2726	10	61
2727	10	58
2728	11	57
2729	12	60
2730	11	58
2731	12	59
2732	11	59
2733	11	61
2734	10	57
2735	11	60
2736	15	59
2737	15	61
2738	15	60
2739	14	63
2740	14	59
2741	14	62
2742	14	60
2743	14	61
2744	12	61
2745	12	58
2746	13	61
2747	12	57
2748	13	62
2749	13	60
2750	13	63
2751	13	59
2752	15	63
2753	16	63
2754	15	62
2755	16	64
2756	16	62
2757	17	63
2758	16	61
2759	17	64
2760	19	65
2761	18	61
2762	19	64
2763	18	62
2764	18	64
2765	17	61
2766	18	63
2767	17	62
2768	23	67
2769	22	65
2770	23	66
2771	21	62
2772	22	68
2773	21	63
2774	22	67
2775	20	62
2776	19	63
2777	20	64
2778	19	62
2779	20	65
2780	20	63
2781	21	65
2782	21	64
2783	22	66
2784	23	68
2785	22	64
2786	24	66
2787	23	65
2788	24	67
2789	23	64
2790	24	68
2791	24	65
2792	25	65
2793	26	68
2794	25	66
2795	26	67
2796	25	67
2797	25	69
2798	24	64
2799	25	68
2800	29	67
2801	29	70
2802	29	68
2803	29	69
2804	28	67
2805	28	70
2806	28	68
2807	28	69
2808	26	69
2809	26	66
2810	27	67
2811	26	65
2812	27	68
2813	27	66
2814	27	69
2815	27	65
2816	0	58
2817	0	59
2818	0	57
2819	1	59
2820	0	56
2821	1	58
2822	1	57
2823	2	59
2824	4	61
2825	3	57
2826	3	58
2827	2	56
2828	3	59
2829	2	57
2830	2	58
2831	1	56
2832	7	63
2833	7	60
2834	7	62
2835	7	61
2836	6	61
2837	6	58
2838	6	60
2839	6	59
2840	3	56
2841	4	60
2842	4	58
2843	5	61
2844	4	59
2845	5	59
2846	5	58
2847	5	60
2848	8	62
2849	8	61
2850	8	63
2851	8	60
2852	9	62
2853	9	61
2854	9	63
2855	9	60
2856	11	62
2857	11	65
2858	11	63
2859	10	65
2860	11	64
2861	10	64
2862	10	62
2863	10	63
2864	15	64
2865	15	67
2866	15	65
2867	15	66
2868	14	64
2869	14	67
2870	14	65
2871	14	66
2872	12	64
2873	12	63
2874	12	65
2875	12	62
2876	13	66
2877	13	65
2878	13	67
2879	13	64
2880	16	67
2881	16	68
2882	16	66
2883	17	67
2884	16	65
2885	17	68
2886	17	66
2887	18	67
2888	19	70
2889	19	67
2890	19	69
2891	18	65
2892	19	68
2893	18	66
2894	18	68
2895	17	65
2896	22	72
2897	23	70
2898	22	71
2899	22	69
2900	21	70
2901	22	70
2902	21	69
2903	21	66
2904	19	66
2905	20	68
2906	20	67
2907	20	69
2908	20	66
2909	20	70
2910	21	67
2911	21	68
2912	23	71
2913	23	69
2914	23	72
2915	24	70
2916	24	71
2917	24	69
2918	24	72
2919	25	72
2920	25	70
2921	27	72
2922	26	72
2923	26	74
2924	26	73
2925	25	74
2926	25	71
2927	25	73
2928	29	71
2929	29	75
2930	29	72
2931	29	74
2932	28	71
2933	29	73
2934	28	72
2935	28	75
2936	27	73
2937	26	71
2938	27	74
2939	26	70
2940	28	73
2941	27	71
2942	28	74
2943	27	70
2944	0	62
2945	0	63
2946	0	61
2947	1	63
2948	0	60
2949	1	62
2950	1	61
2951	2	63
2952	4	65
2953	3	61
2954	3	62
2955	2	60
2956	3	63
2957	2	61
2958	2	62
2959	1	60
2960	7	67
2961	7	64
2962	7	66
2963	7	65
2964	6	65
2965	6	62
2966	6	64
2967	6	63
2968	3	60
2969	4	64
2970	4	62
2971	5	65
2972	4	63
2973	5	63
2974	5	62
2975	5	64
2976	8	66
2977	8	65
2978	8	67
2979	8	64
2980	9	66
2981	9	65
2982	9	67
2983	9	64
2984	11	66
2985	11	69
2986	11	67
2987	10	69
2988	11	68
2989	10	68
2990	10	66
2991	10	67
2992	15	68
2993	15	71
2994	15	69
2995	15	70
2996	14	68
2997	14	71
2998	14	69
2999	14	70
3000	12	68
3001	12	67
3002	12	69
3003	12	66
3004	13	70
3005	13	69
3006	13	71
3007	13	68
3008	16	73
3009	17	71
3010	16	72
3011	17	72
3012	16	71
3013	17	73
3014	16	70
3015	18	71
3016	19	74
3017	18	70
3018	19	73
3019	17	69
3020	18	73
3021	17	70
3022	18	72
3023	16	69
3024	21	75
3025	22	73
3026	21	74
3027	22	74
3028	21	73
3029	21	71
3030	20	74
3031	21	72
3032	18	69
3033	19	75
3034	19	72
3035	20	75
3036	19	71
3037	20	72
3038	20	71
3039	20	73
3040	22	75
3041	23	74
3042	22	76
3043	23	73
3044	23	75
3045	24	74
3046	23	76
3047	24	73
3048	25	76
3049	26	78
3050	25	77
3051	26	77
3052	25	78
3053	24	76
3054	25	75
3055	24	75
3056	29	76
3057	29	80
3058	29	77
3059	29	79
3060	28	76
3061	29	78
3062	28	77
3063	28	80
3064	27	77
3065	26	76
3066	27	78
3067	26	75
3068	28	78
3069	27	76
3070	28	79
3071	27	75
3072	0	66
3073	0	67
3074	0	65
3075	1	67
3076	0	64
3077	1	66
3078	1	65
3079	2	67
3080	4	69
3081	3	65
3082	3	66
3083	2	64
3084	3	67
3085	2	65
3086	2	66
3087	1	64
3088	7	70
3089	7	68
3090	7	71
3091	7	69
3092	6	68
3093	6	66
3094	6	69
3095	6	67
3096	3	64
3097	4	68
3098	4	67
3099	5	69
3100	4	66
3101	5	68
3102	5	66
3103	5	67
3104	8	71
3105	8	69
3106	8	70
3107	8	68
3108	9	71
3109	9	69
3110	9	70
3111	9	68
3112	11	70
3113	11	73
3114	11	71
3115	11	72
3116	10	70
3117	10	72
3118	10	71
3119	10	73
3120	15	72
3121	15	74
3122	15	73
3123	14	75
3124	14	72
3125	14	74
3126	14	73
3127	15	75
3128	12	72
3129	12	71
3130	12	73
3131	12	70
3132	13	74
3133	13	73
3134	13	75
3135	13	72
3136	16	76
3137	16	77
3138	16	75
3139	17	76
3140	16	74
3141	17	77
3142	17	75
3143	18	76
3144	20	78
3145	19	77
3146	19	79
3147	18	74
3148	19	78
3149	18	75
3150	18	77
3151	17	74
3152	23	80
3153	23	78
3154	23	79
3155	22	77
3156	22	81
3157	22	78
3158	22	80
3159	21	76
3160	19	76
3161	20	79
3162	20	77
3163	21	79
3164	20	76
3165	21	78
3166	21	77
3167	22	79
3168	23	81
3169	23	77
3170	24	79
3171	24	78
3172	24	80
3173	24	77
3174	24	81
3175	25	81
3176	25	79
3177	27	81
3178	26	81
3179	26	83
3180	26	82
3181	25	83
3182	25	80
3183	25	82
3184	29	81
3185	29	85
3186	29	82
3187	29	84
3188	28	81
3189	29	83
3190	28	82
3191	28	85
3192	27	82
3193	26	80
3194	27	83
3195	26	79
3196	28	83
3197	27	80
3198	28	84
3199	27	79
