# Id serial
1 15849
2 15678
3 15644
4 15640
5 15683
6 15662
7 15835
8 15659
9 15338
10 15895
11 15856
12 15454
13 15387
14 15505
15 15882
16 15853
17 15499
18 15877
19 15675
20 15639
21 15643
22 15450
23 15451
24 15411
25 15354
26 15511
101 15401
102 15469
103 15408
104 15632
105 15654
106 15537
107 15419
108 15459
109 15687
110 15628
111 15541
112 15361
113 15416
114 15351
115 11881
116 15903
117 15862
118 15860
119 15841
201 15648
202 15898
203 15650
204 15620
205 15627
206 15851
207 15621
208 15646
209 15651
210 15670
211 15633
212 15884
213 15668
214 15667
215 15333
216 15880
301 15879
302 15866
303 15867
304 15848
305 15899
306 15619
307 15842
308 15690
309 15688
310 15679
311 15461
312 15343
313 15335
314 15390
315 15443
316 15397
317 15398
318 15507
319 15331
320 15883
321 15329
322 15523
323 15900
324 15660
325 15844
326 15655
327 10455
328 15337
329 15888
330 15891
331 15647
332 15495
333 15671
334 15886
335 15863
336 15857
401 15382
402 15391
403 15873
404 15663
405 15502
406 15344
407 15872
408 15439
409 15394
410 15463
411 15402
412 15466
413 15409
