# Id serial
1 14868
2 15194
3 15011
4 14808
5 15101
6 15025
7 15152
8 14870
9 14857
10 15050
11 15077
12 15241
13 14817
14 15045
15 14925
16 15267
17 15028
18 14964
19 15219
20 14800
21 15160
22 14970
23 14852
24 14865
25 15031
26 15211
27 15035
28 15275
29 14844
30 14836
31 14879
32 14895
33 14987
34 15264
101 15191
102 14966
103 15145
104 14884
105 15017
106 15111
107 14871
108 15089
109 14892
110 15126
111 15134
112 14902
113 15053
114 15207
115 14938
116 14904
117 14988
118 15265
119 15310
120 14986
201 15127
202 15093
203 15240
204 15078
205 14932
206 15318
207 15029
208 15054
209 14914
210 11830
211 15179
212 15277
213 15106
214 14805
215 15076
216 15186
217 14837
218 15253
219 15057
220 15085
221 15233
222 15226
223 15022
301 15301
302 15235
303 15046
304 14802
305 15279
306 15184
307 15274
308 15008
309 15026
310 15150
311 15064
312 15280
313 15139
314 15122
315 15086
316 14859
317 14846
318 15270
319 15286
320 14972
321 15153
322 14963
323 15168
324 14998
325 15273
326 14979
327 14991
328 15117
329 15313
330 15252
331 15234
332 14824
333 14790
334 15232
