# Id serial
1 17843
2 17770
3 17771
4 17769
5 17803
6 17804
7 17340
8 17355
9 17765
10 17759
11 17763
12 17757
13 17755
14 17756
15 17761
16 17760
17 17764
18 17762
19 17813
20 16857
21 17767
22 17791
23 17874
24 17877
25 17840
26 17871
101 17850
102 17846
103 17806
104 17779
105 17738
106 17814
107 17826
108 17801
109 17780
110 17778
111 17822
112 17849
113 17825
114 17827
115 17799
116 17772
117 17773
118 17774
119 17775
201 17782
202 17781
203 17876
204 17820
205 17783
206 17776
207 17844
208 17865
209 17784
210 17788
211 17786
212 17815
213 17818
214 17824
215 17809
216 17833
301 17852
302 17851
303 17768
304 17862
305 17863
306 17861
307 17857
308 17855
309 17829
310 17864
311 17845
312 17841
313 17867
314 17868
315 17866
316 17817
317 17797
318 17837
319 17869
320 17802
321 17808
322 17831
323 17828
324 17830
325 17858
326 17856
327 17854
328 17835
329 17847
330 17742
331 17743
332 17800
333 17785
334 17810
335 17807
336 17805
401 17796
402 17790
403 17792
404 17793
405 17795
406 17789
407 17848
408 17819
409 17811
410 17812
411 17836
412 17838
413 17842
