# Id serial
1 13381
2 13394
3 13263
4 13128
5 13172
6 13024
7 13101
8 13426
9 13238
10 13413
11 13069
12 13246
13 13397
14 13187
15 13188
16 13378
17 13261
18 11510
19 13202
20 13417
21 13231
22 13404
23 13050
24 13415
25 13392
26 13258
27 13391
28 13373
29 13241
30 13282
31 13249
32 13410
33 13186
34 13044
101 13395
102 13139
103 13094
104 13153
105 13377
106 13334
107 13387
108 13347
109 13059
110 13079
111 13099
112 13366
113 13407
114 12941
115 13178
116 13076
117 13423
118 13063
119 13351
120 13226
201 13431
202 13406
203 13348
204 13179
205 13070
206 13382
207 13380
208 13405
209 13331
210 13388
211 13414
212 13256
213 13067
214 13171
215 13060
216 13248
217 13402
218 13401
219 13412
220 13386
221 13354
222 11961
223 13078
301 13428
302 13064
303 13033
304 12598
305 13038
306 13025
307 13396
308 13040
309 13013
310 13281
311 13015
312 13122
313 13400
314 13383
315 13384
316 13328
317 13419
318 13086
319 13398
320 13034
321 13427
322 13291
323 13338
324 13141
325 13124
326 13125
327 13265
328 13161
329 13313
330 13425
331 13146
332 13092
333 13330
334 13309
