# Id serial (old Id)
1 10919 1
2 10916 2
3 10931 3
4 10913 4
5 10912 5
6 10911 6
7 10917 7
8 10972 8
9 10914 9
10 10930 10
11 10831 1031
12 10832 1030
13 10813 1029
14 10899 1028
15 10860 1027
16 10842 1026
17 10818 1025
18 10902 11
19 10925 12
20 10920 13
21 10924 14
22 10923 15
23 10876 16
24 10873 17
25 11013 18
26 10884 19
27 10875 20
28 10850 1038
29 10841 1037
30 10808 1036
31 10806 1035
32 10861 1034
33 10807 1033
34 10901 1032
101 10857 1125
102 10859 1126
103 10886 102
104 11012 101
105 10862 1127
106 10863 1128
107 10898 1129
108 10888 107
109 10870 106
110 10889 105
111 10885 104
112 10874 103
113 10868 1130
114 10897 1131
115 10855 1132
116 10921 112
117 11010 111
118 10926 110
119 11014 109
120 10974 108
201 10927 201
202 10933 202
203 10928 203
204 10834 1226
205 10852 1225
206 10922 204
207 10929 205
208 10872 206
209 10887 207
210 10909 208
211 10843 1230
212 10833 1229
213 10848 1228
214 10844 1227
215 10821 209
216 10839 210
217 10910 211
218 10896 212
219 10836 213
220 10854 1234
221 10799 1233
222 10803 1232
223 10851 1231
301 10895 1325
302 10853 1326
303 10867 1327
304 10900 1328
305 10822 1329
306 10847 1330
307 10828 1331
308 10865 310
309 10846 309
310 10801 308
311 10510 307
312 10892 306
313 10894 305
314 10864 304
315 10893 303
316 10800 302
317 10856 301
318 10824 1332
319 10829 1333
320 10835 1334
321 10823 1335
322 10816 1336
323 10805 1337
324 10804 1338
325 10830 320
326 10845 319
327 10812 318
328 10826 317
329 10849 316
330 10820 315
331 10819 314
332 10825 313
333 10810 312
334 10858 311
