# Id serial
1 15744
2 15926
3 15918
4 15924
5 15990
6 15997
7 15923
8 15921
9 15807
10 15717
11 15799
12 15764
13 15711
14 15742
15 15811
16 15758
17 15698
18 15751
19 15994
20 15940
21 15989
22 15770
23 15771
24 15802
25 11864
26 15773
101 15796
102 15768
103 15781
104 15914
105 15913
106 15767
107 15739
108 15636
109 15958
110 15969
111 15731
112 15762
113 15772
114 16026
115 15680
116 15954
117 15905
118 15957
119 16042
201 15912
202 15961
203 15696
204 15724
205 16064
206 15723
207 15715
208 15735
209 15694
210 15707
211 15760
212 15729
213 15732
214 15736
215 15625
216 15725
301 15936
302 15970
303 15910
304 15985
305 15974
306 15920
307 15909
308 15906
309 15962
310 15973
311 15702
312 15925
313 15708
314 15691
315 15756
316 15822
317 15754
318 15710
319 15823
320 15700
321 15948
322 15942
323 15932
324 15950
325 15818
326 15993
327 15908
328 15795
329 15682
330 15788
331 15894
332 15703
333 15968
334 15638
335 15716
336 15695
401 15778
402 15810
403 15777
404 15740
405 15743
406 15965
407 15782
408 15759
409 15766
410 15775
411 15755
412 15763
413 15699
