# Id serial
1 15658
2 15988
3 15138
4 15424
5 16154
6 15952
7 16047
8 15509
9 15584
10 16018
11 15551
12 15357
13 15437
14 15614
15 15964
16 15837
17 15340
18 15737
19 15557
20 15859
21 15069
22 15825
23 15546
24 15676
25 15183
26 16037
27 15433
28 15752
29 16136
30 15498
31 15395
32 15536
33 15828
34 15176
35 14940
36 15383
37 16115
38 15652
39 16117
40 15576
41 15538
42 15801
43 15553
101 17394
102 17390
103 17358
104 15379
105 17397
106 17367
107 16013
108 17388
109 17354
110 17356
111 17396
112 15327
113 15972
114 15864
115 15349
116 15559
201 16918
202 16929
203 16900
204 17369
205 16906
206 16901
207 16931
208 16924
209 17380
210 17378
211 15072
212 16923
213 16903
214 16902
215 11873
216 16899
217 17379
218 17392
219 17381
301 17364
302 17362
303 16908
304 17361
305 17363
306 17374
307 17375
308 17387
309 17400
310 17406
311 16911
312 17389
313 17383
314 17385
315 17404
316 17386
317 17357
318 17376
319 17371
320 17372
321 17359
322 17368
323 17395
324 17384
325 16898
326 16926
327 16935
328 16922
329 17403
330 17360
331 17401
332 17408
333 17399
334 17393
335 17365
336 17407
337 17382
338 16910
339 16928
340 16941
341 16937
342 17405
