# Id serial
1 17055
2 17255
3 16956
4 17242
5 16999
6 17241
7 17316
8 16974
9 16989
10 17295
11 17250
12 17301
13 17034
14 17253
15 17336
16 17304
17 17313
18 17016
19 15298
20 17061
21 16983
22 17259
23 17309
24 17335
25 17240
26 17243
27 17268
28 17258
29 17302
30 17056
31 17314
32 17032
33 17311
34 17019
35 17297
36 17008
37 17031
38 17007
39 17323
40 17014
41 16985
42 17267
43 17317
101 17248
102 17234
103 17051
104 17348
105 17294
106 17232
107 17030
108 17003
109 17233
110 17263
111 17236
112 16978
113 17046
114 17017
115 17039
116 16968
201 17006
202 16981
203 17252
204 17299
205 17245
206 17092
207 17040
208 16958
209 17018
210 17239
211 17260
212 17050
213 16972
214 17013
215 17004
216 17310
217 17235
218 17247
219 17269
301 17391
302 17318
303 17377
304 17296
305 17023
306 16967
307 17022
308 17074
309 16954
310 17000
311 17298
312 16988
313 16951
314 17062
315 17048
316 17064
317 16961
318 17041
319 17052
320 17044
321 17053
322 16960
323 17261
324 17025
325 16964
326 16963
327 17047
328 16995
329 17307
330 16994
331 17068
332 10568
333 16992
334 16971
335 17021
336 17244
337 17237
338 17001
339 16998
340 17029
341 17104
342 17071
