# Id serial
1 15901
2 15937
3 15996
4 15939
5 16451
6 15328
7 16467
8 16497
9 16471
10 16484
11 16499
12 16473
13 16474
14 16498
15 16479
16 16512
17 16486
18 16165
19 16333
20 15977
21 16014
22 16469
23 16292
24 15520
25 16465
26 16080
27 16015
28 16526
29 16599
30 16445
31 16559
32 16583
33 16503
34 16428
35 16134
36 16459
37 16327
38 16334
39 16330
40 16349
41 16361
42 16582
43 16489
101 16354
102 16577
103 15922
104 15971
105 16541
106 16432
107 15983
108 16340
109 16335
110 16558
111 16443
112 16005
113 15949
114 16092
115 16350
116 15836
201 15941
202 15991
203 15843
204 16431
205 16571
206 15904
207 15955
208 15943
209 16447
210 16561
211 15945
212 15979
213 15189
214 15847
215 15874
216 16535
217 16492
218 16341
219 16516
301 16461
302 16511
303 16485
304 16472
305 16500
306 16470
307 16513
308 16102
309 16463
310 16107
311 16318
312 15963
313 16537
314 16317
315 16147
316 15869
317 16509
318 16339
319 16320
320 16493
321 16442
322 16345
323 16319
324 16549
325 15897
326 16326
327 16316
328 15947
329 15850
330 15885
331 16352
332 15858
333 16332
334 16057
335 16600
336 16346
337 16588
338 15987
339 16584
340 15878
341 15839
342 15865
