# Id serial
1 12790
2 13027
3 13614
4 13491
5 13016
6 13577
7 13135
8 13085
9 12889
10 12589
11 11210
12 13488
13 13301
14 13601
15 13607
16 13510
17 13522
18 13507
19 13039
20 13131
21 13353
22 13486
23 13503
24 13605
25 13074
26 12934
101 13505
102 13521
103 13497
104 13057
105 13604
106 13276
107 13403
108 13326
109 13616
110 13541
111 13499
112 13550
113 13544
114 13498
115 13494
116 13447
117 13051
118 13602
119 13546
201 13533
202 13598
203 13471
204 13470
205 13588
206 13597
207 13569
208 13573
209 13075
210 13606
211 13609
212 13568
213 13516
214 13518
215 13555
216 13528
301 13165
302 13163
303 13177
304 13225
305 13190
306 13501
307 13500
308 13532
309 13450
310 13600
311 13561
312 13547
313 13560
314 13552
315 13511
316 13554
317 13512
318 13513
319 13519
320 13514
321 13251
322 13047
323 13093
324 13393
325 13152
326 13158
327 13169
328 13482
329 13484
330 13565
331 13520
332 13475
333 13007
334 13009
335 13014
336 13458
401 13468
402 13192
403 13580
404 11839
405 13439
406 13411
407 13318
408 13548
409 13551
410 13506
411 13515
412 13539
413 13542
