# Id serial
1 16892
2 17038
3 17339
4 17220
5 17270
6 17134
7 17139
8 15355
9 17349
10 17324
11 17105
12 17149
13 17094
14 17230
15 17202
16 17281
17 17099
18 17207
19 16942
20 16993
21 17106
22 17145
23 17218
24 17163
25 16884
26 10523
101 17201
102 16946
103 17195
104 17129
105 14766
106 17186
107 17027
108 17338
109 17222
110 16969
111 16944
112 17135
113 17271
114 17138
115 17342
116 17288
201 16986
202 17346
203 17291
204 17213
205 17287
206 17049
207 17329
208 17093
209 17327
210 16894
211 17101
212 17083
213 17100
214 17133
215 11946
216 14788
217 17331
218 17337
219 17277
301 17272
302 17192
303 16966
304 17072
305 16887
306 17293
307 17098
308 17350
309 17108
310 17088
311 17148
312 17130
313 17140
314 17344
315 17199
316 16938
317 17118
318 16890
319 17265
320 17125
321 17117
322 16893
323 17085
324 17282
325 17251
