# Id serial
1 16866
2 16843
3 16837
4 16839
5 16816
6 16803
7 16833
8 16820
9 16604
10 16810
11 16619
12 16605
13 16644
14 16634
15 16624
16 16607
17 16627
18 16831
19 16802
20 16815
21 16817
22 16818
23 16788
24 16423
25 16620
26 16632
101 16768
102 16603
103 16850
104 16849
105 16630
106 16648
107 16844
108 16847
109 16623
110 16626
111 16699
112 16809
113 16828
114 16827
115 16829
116 16830
201 16854
202 16807
203 16806
204 16747
205 16778
206 16804
207 16852
208 16822
209 16631
210 16606
211 16848
212 16808
213 16825
214 16657
215 16622
216 16617
217 16635
218 16633
219 16614
301 16616
302 16608
303 16609
304 16641
305 16621
306 16610
307 16612
308 16805
309 16834
310 16846
311 16826
312 16840
313 16865
314 16836
315 16845
316 16842
317 16715
318 16615
319 16629
320 16646
321 16628
322 16823
323 16819
324 16824
325 16838
