# Id serial
1 14827
2 15256
3 14847
4 15180
5 14965
6 15130
7 14917
8 14841
9 15149
10 15148
11 14931
12 15282
13 15250
14 15236
15 15012
16 15161
17 15247
18 15230
19 14799
20 15216
21 15013
22 15020
23 15171
24 14915
25 14916
26 15199
101 15052
102 15027
103 15105
104 14903
105 14832
106 15112
107 14839
108 15131
109 14949
110 11880
111 12004
112 15271
113 14937
114 15014
115 14957
116 15272
201 15255
202 15056
203 15212
204 14849
205 14913
206 15090
207 14889
208 15137
209 15223
210 14810
211 15166
212 14828
213 15016
214 15040
215 15124
216 15060
217 15044
218 15244
219 14856
301 14983
302 15043
303 15231
304 14792
305 14880
306 14994
307 15003
308 15215
309 14791
310 14981
311 15073
312 15058
313 15182
314 15092
315 14853
316 14829
317 15100
318 15200
319 15042
320 14996
321 15066
322 14989
323 14896
324 15213
325 15147
