# Id serial
1 12513
2 12631
3 12654
4 12448
5 12543
6 12621
7 11641
8 12523
9 12509
10 12528
11 12575
12 12577
13 12625
14 12608
15 12628
16 12618
17 12526
18 12532
19 12655
20 12642
21 12531
22 12649
23 12480
24 12435
25 12283
26 12375
101 12637
102 12869
103 12308
104 12491
105 12485
106 12320
107 12319
108 12510
109 12478
110 12492
111 12530
112 12630
113 12588
114 12490
115 12395
116 12298
201 12431
202 12311
203 12544
204 12533
205 12338
206 12444
207 12542
208 12511
209 12498
210 12462
211 11488
212 11607
213 12456
214 12453
215 12661
216 12468
217 12469
218 12487
219 12535
301 12399
302 12389
303 12452
304 12872
305 12440
306 12459
307 12556
308 12629
309 12609
310 12576
311 12467
312 12583
313 12624
314 12658
315 12579
316 12582
317 12653
318 12464
319 12471
320 12574
321 12030
322 12516
323 12623
324 12493
325 12657
