# Id serial (old Id)
1 15978 1
2 15986 2
3 15783 3
4 16028 4
5 16008 5
6 16002 14
7 16051 13
8 16010 12
9 16003 11
10 15981 6
11 16035 7
12 16126 8
13 16074 9
14 16053 10
15 16000 18
16 16110 17
17 16135 16
18 16077 15
101 16027 110
102 15808 111
103 16124 102
104 16116 101
105 16068 112
106 16070 113
107 16012 104
108 16052 103
109 16032 114
110 16021 115
111 16024 116
112 16096 109
113 16030 108
114 16016 107
115 16049 106
116 16118 105
201 16128 201
202 16093 202
203 16071 203
204 16060 213
205 16022 212
206 16114 204
207 16044 205
208 15938 206
209 16017 215
210 16059 214
211 16029 207
212 16033 208
213 15999 209
214 16142 210
215 16169 211
216 16133 219
217 16009 218
218 16046 217
219 16040 216
301 16137 311
302 16020 312
303 16039 313
304 16004 305
305 16062 304
306 15917 303
307 16055 302
308 16001 301
309 16155 314
310 16065 315
311 16031 316
312 16094 310
313 15930 309
314 16050 308
315 16007 307
316 16006 306
