# Id serial
1 17478
2 17477
3 17601
4 17563
5 17564
6 17609
7 17579
8 17584
9 17578
10 17567
11 17555
12 17602
13 17559
14 17562
15 17581
16 17608
17 17577
18 17544
19 17596
20 17617
21 17560
22 17556
23 17595
24 17798
25 17586
26 17592
27 17540
101 17545
102 17585
103 17553
104 17543
105 17576
106 17611
107 17558
108 17569
109 17583
110 17582
111 17593
112 17597
201 17548
202 17549
203 17530
204 17570
205 17568
206 17550
207 17566
208 17599
209 17613
210 17571
211 17591
212 17614
213 17590
214 17535
215 17600
301 17547
302 17539
303 17532
304 17529
305 17426
306 17411
307 17454
308 17455
309 17575
310 17546
311 17572
312 17565
313 17551
314 17424
315 17475
316 17528
317 17573
318 17554
319 17574
320 17589
321 17561
322 17557
323 17588
324 17542
