# Id serial
1 15074
2 15157
3 15304
4 15261
5 15305
6 15413
7 15170
8 15330
9 15473
10 14933
11 15309
12 14923
13 15268
14 14830
15 15220
16 14968
17 15193
18 15871
101 15870
102 15358
103 15169
104 14869
105 15356
106 15474
107 14864
108 15297
109 15542
110 15491
111 15465
112 15051
113 14848
114 15203
115 15251
116 15009
201 15477
202 15530
203 14946
204 15478
205 15378
206 15534
207 14893
208 15128
209 15362
210 15486
211 14909
212 14959
213 15302
214 15121
215 15023
216 15359
217 15494
218 15490
219 15533
301 15427
302 15365
303 15471
304 15285
305 15091
306 14872
307 15278
308 15263
309 15412
310 15420
311 15374
312 15269
313 14926
314 14920
315 15290
316 14936
