# Id serial
1 15594
2 16677
3 16419
4 16418
5 16211
6 16365
7 16312
8 16405
9 16397
10 16232
11 16263
12 15406
13 16440
14 15364
15 16377
16 16378
17 16366
18 16421
19 16279
20 15596
21 15812
22 15446
23 15307
24 16400
25 16379
26 16374
27 16364
101 16392
102 16407
103 15422
104 16243
105 16380
106 16381
107 16681
108 16462
109 16325
110 16383
111 16273
112 15518
201 10644
202 15616
203 16219
204 16406
205 16420
206 16658
207 15248
208 15686
209 16391
210 16390
211 16240
212 16394
213 16376
214 16408
215 15928
301 16321
302 16387
303 16388
304 16370
305 16401
306 16357
307 16412
308 16036
309 15805
310 15821
311 16410
312 16372
313 16358
314 16369
315 14822
316 15927
317 15237
318 15320
319 15794
320 16375
321 16395
322 16396
323 16373
324 16411
