# Id serial
1 17488
2 17444
3 17487
4 17526
5 17441
6 17417
7 17420
8 17462
9 17519
10 17489
11 17428
12 17479
13 17427
14 17502
15 17419
16 17470
17 17418
18 17469
19 17458
20 17452
21 17503
22 17410
23 17445
24 17507
25 17422
26 17509
27 17414
101 17459
102 17522
103 17483
104 17482
105 17520
106 17496
107 17430
108 17429
109 17471
110 17464
111 17443
112 17484
201 17416
202 17472
203 17480
204 17474
205 17425
206 17465
207 17508
208 11802
209 17442
210 17440
211 17453
212 17506
213 17423
214 17460
215 17431
301 17512
302 17510
303 17415
304 17494
305 17409
306 17511
307 17413
308 17501
309 17463
310 17421
311 17517
312 17524
313 17518
314 17521
315 17456
316 17492
317 17516
318 17461
319 17523
320 17491
321 17498
322 17412
323 17505
324 17457
