# Id serial
1 11481
2 12951
3 11127
4 11108
5 11470
6 11491
7 11448
8 11328
9 11461
10 11496
11 11426
12 11443
13 11434
14 11457
15 11111
16 11094
17 11485
18 11452
101 11432
102 11114
103 11427
104 11479
105 11473
106 11472
107 11500
108 10955
109 11442
110 11467
111 11438
112 11437
113 11447
114 11450
115 11456
116 11477
201 11441
202 11440
203 11444
204 11430
205 11050
206 11446
207 11475
208 11484
209 11451
210 10961
211 11095
212 11112
213 11431
214 11429
215 11474
216 11445
217 11092
218 11316
219 11482
301 11455
302 10973
303 11113
304 11454
305 11476
306 11433
307 11501
308 11502
309 11465
310 11498
311 11251
312 11495
313 11468
314 11490
315 11458
316 11453
