# Id serial
1 12874
2 13227
3 13129
4 13224
5 13117
6 13252
7 13422
8 13463
9 13429
10 13233
11 13207
12 13148
13 13448
14 13213
15 13303
16 12881
17 13443
18 13459
101 13310
102 13283
103 13322
104 13156
105 13307
106 13296
107 13314
108 13134
109 13311
110 13290
111 13304
112 13215
113 13230
114 13250
115 13218
116 13142
201 13229
202 13399
203 13136
204 13275
205 13312
206 13267
207 13319
208 13133
209 13279
210 13271
211 13217
212 13232
213 13138
214 13315
215 13149
216 13221
217 13365
218 13211
219 13208
301 13245
302 13176
303 13140
304 13164
305 13166
306 13159
307 13473
308 13197
309 13483
310 13219
311 13298
312 13195
313 13185
314 13316
315 13108
316 13199
