# Id serial (old Id)
1 11140 1
2 11175 2
3 10005 3
4 11373 4
5 10570 5
6 11386 1028
7 11296 1027
8 10553 1026
9 10559 1025
10 11355 6
11 11354 7
12 11325 8
13 11204 9
14 11055 10
15 11385 1032
16 11344 1031
17 11345 1030
18 11320 1029
101 11347 1125
102 11346 1126
103 11337 102
104 11321 101
105 11389 1127
106 11319 1128
107 11341 104
108 11156 103
109 11276 1129
110 11375 1130
111 11356 1131
112 11326 109
113 11327 108
114 11377 107
115 11322 106
116 10566 105
201 11335 201
202 11333 202
203 11330 203
204 11343 1226
205 11342 1225
206 11332 204
207 11340 205
208 11339 206
209 11370 1228
210 11368 1227
211 11324 207
212 11336 208
213 11331 209
214 11299 210
215 11334 211
216 11384 1232
217 11383 1231
218 11369 1230
219 11366 1229
301 11362 1325
302 10067 1326
303 10526 1327
304 11329 305
305 11178 304
306 10725 303
306 11421 306
307 11174 302
308 11139 301
309 11349 1328
310 10671 1329
311 11233 1330
312 11378 310
313 11395 309
314 11397 308
315 11420 307
