# Id serial
1 16067
2 16041
3 15803
4 15133
5 16196
6 16653
7 15432
8 16663
9 16656
10 16207
11 15827
12 16045
13 16382
14 16216
15 16258
16 15748
17 16229
18 16637
19 15311
20 16449
21 16436
22 16194
23 15319
24 16220
25 16267
26 16659
27 16680
101 15292
102 16264
103 16678
104 16636
105 16302
106 16495
107 107
108 108
109 16251
110 15656
111 15470
112 16662
201 15712
202 15496
203 15500
204 16683
205 16661
206 15976
207 15314
208 15750
209 15306
210 15178
211 15635
212 15281
213 15440
214 16554
215 16270
301 16144
302 16271
303 15525
304 15544
305 15389
306 15592
307 15332
308 16061
309 15714
310 15604
311 16152
312 16186
313 15515
314 15626
315 15622
316 15347
317 15779
318 15868
319 16468
320 16676
321 15291
322 16223
323 16314
324 16058
