# Id serial (old Id)
1 10457 1
2 10619 2
3 10641 3
4 10542 4
5 10560 5
6 10456 1025
7 10537 1026
8 11066 1027
9 10979 1028
101 10558 1125
102 10459 1126
103 10643 102
104 10789 101
105 10535 1127
106 11058 1128
107 10611 104
108 10557 103
109 10640 1129
110 10635 1130
111 11065 1131
112 10541 109
113 10638 108
114 11060 107
115 10634 106
116 10527 105
201 10774 201
202 10522 202
203 10580 203
204 10088 1226
205 11052 1225
206 10584 204
207 10609 205
208 10660 206
209 11054 1228
210 11053 1227
211 10616 207
212 10653 208
213 10636 209
214 10654 210
215 10652 211
216 10514 1232
217 11016 1231
218 11059 1230
219 11062 1229
301 10571 1327
302 11047 1326
303 10528 1325
304 10451 301
305 10663 302
306 10521 303
307 10620 304
308 10531 305
