# Id serial
1 11756
2 11754
3 11755
4 11759
5 11761
6 11788
7 11998
8 12017
9 11806
101 11805
102 11804
103 11752
104 11769
105 11801
106 11807
107 11767
108 11775
109 11789
110 11786
111 11787
112 11751
113 11768
114 11765
115 11762
116 11774
201 11977
202 11941
203 11780
204 11776
205 11783
206 11773
207 11808
208 11984
209 11784
210 11782
211 11809
212 11695
213 11709
214 11690
215 11705
216 11710
217 11778
218 11810
219 11704
301 12074
302 11785
303 12167
304 11692
305 11693
306 11696
307 11698
308 11694
