# Id serial
1 17116
2 17224
3 17107
4 17292
5 17197
6 17217
7 17210
8 17203
9 17078
10 16947
11 17319
12 17143
13 14745
14 17205
15 17069
16 17042
17 17012
18 16952
101 17225
102 17214
103 17159
104 16955
105 14768
106 17208
107 17009
108 17079
109 17165
110 17045
111 16879
112 17123
201 17137
202 17303
203 17161
204 17112
205 17189
206 17113
207 17286
208 17278
209 17028
210 16877
211 16886
212 17005
213 17334
214 16980
215 17264
301 17229
302 17172
303 17276
304 17351
305 14773
306 17103
307 17084
308 17035
309 17328
310 17024
311 16897
312 15353
313 17162
314 17185
315 17073
316 16872
