# Id serial
1 17132
2 16883
3 14767
4 17341
5 17156
6 16984
7 17146
8 17011
9 11878
10 17111
11 17347
12 17086
13 17033
14 17173
15 17026
16 14741
17 16915
18 16921
101 17343
102 17326
103 17102
104 17322
105 17280
106 16700
107 17194
108 17169
109 17082
110 17325
111 17114
112 16895
201 17200
202 16973
203 17171
204 17285
205 17122
206 17330
207 14762
208 17212
209 16896
210 16882
211 17174
212 17158
213 17090
214 17223
215 17312
301 17151
302 16927
303 17095
304 17058
305 17178
306 17081
307 17147
308 17284
309 17091
310 16889
311 17188
312 16871
313 16953
314 16934
315 17036
316 17115
