# Id serial
1 15155
2 15080
3 15210
4 15239
5 15259
6 15175
7 14956
8 15109
9 15222
101 14985
102 14935
103 15221
104 14877
105 15005
106 14995
107 15075
108 14974
109 15181
110 15198
111 15063
112 15132
113 14794
114 15208
115 15249
116 15019
201 14969
202 15205
203 15238
204 15002
205 15177
206 15258
207 14999
208 14943
209 15030
210 15163
211 14834
212 15034
213 15246
214 14899
215 15096
216 15242
217 15032
218 15001
219 14881
301 14809
302 14971
303 15140
304 14997
305 14890
306 14823
307 14993
308 15118
