# Id serial
1 12371
2 12447
3 12426
4 12473
5 12477
6 12407
7 12341
8 12515
9 12620
101 12373
102 12455
103 12497
104 12322
105 12411
106 12350
107 12494
108 12397
109 12659
110 12482
111 12414
112 12345
113 12489
114 12390
115 12386
116 12474
201 12351
202 12442
203 12438
204 12394
205 12500
206 12809
207 12316
208 12417
209 12428
210 12463
211 12368
212 12409
213 12359
214 12416
215 12335
216 12336
217 12422
218 12496
219 12378
301 12374
302 12349
303 12342
304 12344
305 12481
306 12304
307 12360
308 12443
