# Id serial
1 16763
2 16764
3 16738
4 16739
5 16713
6 16746
7 16712
8 16718
9 15697
10 16717
11 16710
12 16729
13 16750
14 16794
15 16727
16 16752
17 16737
18 16748
101 16724
102 16736
103 16787
104 16790
105 16725
106 16734
107 16791
108 16720
109 16735
110 16728
111 16792
112 16793
201 11911
202 16694
203 16780
204 16769
205 16753
206 16781
207 16709
208 16755
209 16757
210 16758
211 16723
212 16759
213 16762
214 16796
215 16743
301 16722
302 16733
303 16744
304 16756
305 16771
306 16772
307 16711
308 16730
309 16745
310 16705
311 16798
312 16761
313 16795
314 16741
315 16740
316 16760
