# Id serial
1 14876
2 15197
3 14843
4 15201
5 15202
6 14860
7 15095
8 15110
9 15067
101 14939
102 15156
103 14801
104 14924
105 14819
106 14845
107 14894
108 14854
109 14962
110 15141
111 15135
112 14875
113 14950
114 15245
115 15195
116 15036
201 15083
202 14803
203 14811
204 14842
205 11981
206 11991
207 15206
208 14806
209 14838
210 14942
211 14948
212 15162
213 14898
214 14961
215 15142
216 14835
217 15102
218 14907
219 14900
301 15229
302 14897
303 14992
304 14921
305 14955
306 14960
307 14796
308 14804
