# Id serial (old Id)
1 10773 1
2 10605 2
3 10623 3
4 10589 4
5 10674 5
6 10727 1028
7 10755 1027
8 10940 1026
9 10723 1025
101 10433 1125
102 10602 1126
103 10598 102
104 10608 101
105 10597 1127
106 10617 1128
107 10626 104
108 10631 103
109 10615 1129
110 10642 1130
111 10621 1131
112 10656 109
113 10587 108
114 10633 107
115 10591 106
116 10596 105
201 10436 201
202 10599 202
203 10592 203
204 10676 1226
205 10450 1225
206 10442 204
207 10432 205
208 10437 206
209 10595 1228
210 10607 1227
211 10440 207
212 10445 208
213 10438 209
214 10435 210
215 10513 211
216 10662 1232
217 10603 1231
218 10657 1230
219 10610 1229
301 10655 1325
302 10618 1326
303 10658 1327
304 10606 305
305 10601 304
306 10664 303
307 10628 302
308 10625 301
