BASE=/alice/data/2010/LHC10b
PREFIX=000
DATA_PATTERN=*ESDs/pass2/*ESDs.root
RUNS
117223
117222
117221
117220
117121
117120
117119
117118
117117
117116
117113
117112
117110
117109
117100
117099
117098
117092
117086
117082
117078
117077
117065
117064
117063
117061
117060
117059
117054
117053
117052
117051
117050
117049
117048
117046
117045
117042
117041
117039
117035
117034
116684
116682
116681
116645
116644
116643
116642
116640
116611
116610
116609
116574
116572
116571
116562
116561
116559
116432
116431
116429
116403
116402
116401
116372
116360
116358
116288
116287
116204
116203
116198
116197
116134
116130
116123
116118
116112
116111
116102
116081
116079
115892
115890
115889
115888
115887
115882
115881
115880
115521
115516
115514
115414
115406
115401
115393
115345
115338
115335
115328
115327
115325
115322
115318
115315
115312
115310
115237
115193
115186
115173
114931
114930
114924
114920
114919
114918
114916
114798
114786
114785
114783
114778
114757
114753
114750
114747
114746
114745
114744
114743
114740
114737
