BASE=/alice/data/2010/LHC10h
PREFIX=000
DATA_PATTERN=*ESDs/pass2/*ESDs.root
RUNS
139517
139514
139513
139511
139510
139507
139505
139504
139503
139471
139470
139467
139466
139465
139441
139440
139439
139438
139437
139360
139329
139328
139316
139314
139311
139310
139309
139308
139173
139172
139110
139107
139105
139104
139042
139038
139037
139036
139034
139031
139030
139029
139028
139025
139024
138983
138982
138980
138979
138978
138977
138976
138973
138972
138965
138924
138872
138871
138870
138837
138836
138831
138830
138828
138826
138796
138795
138742
138740
138737
138736
138732
138731
138730
138666
138662
138653
138652
138638
138637
138624
138621
138620
138583
138582
138579
138578
138534
138533
138469
138442
138439
138438
138396
138364
138359
138275
138225
138201
138200
138197
138192
138190
138154
138153
138151
138150
138126
138125
137848
137847
137844
137843
137752
137751
137748
137724
137722
137718
137704
137693
137692
137691
137689
137686
137685
137639
137638
137609
137608
137595
137549
137546
137544
137541
137539
137531
137530
137443
137441
137440
137439
137434
137432
137431
137430
137370
137366
137365
137243
137236
137235
137232
137231
137230
137165
137163
137162
137161
137137
137136
137135
137133
137132
137125
137124
137045
137042
136879
136854
136851
